Begin step 0
Stress 0 0 0 0 0 0 0 0 0
Strain 0 0 0 0 0 0 0 0 0
Strain mean 0 0 0 0 0 0 0 0 0
Plastic strain_mean 0 0 0 0 0 0 0 0 0
Plastic strain_rate_mean 0 0 0 0 0 0 0 0 0
Dissipation 0
End step 0
Begin step 1
Stress -1.24354e-16 6.66453 -6.69622e-14 6.66453 4.91571e-16 1.72495e-12 -6.69622e-14 1.72495e-12 1.10263e-16
Strain 0 3.33333e-05 0 3.33333e-05 0 0 0 0 0
Strain mean 7.33456e-22 3.33333e-05 -3.34811e-19 3.33333e-05 6.01853e-34 8.62473e-18 -3.34811e-19 8.62473e-18 1.6393e-33
Plastic strain_mean 1.90654e-21 1.07067e-08 0 1.07067e-08 -1.90654e-21 0 0 0 0
Plastic strain_rate_mean 0 0 0 0 0 0 0 0 0
Dissipation 7.13552e-08
End step 1
Begin step 2
Stress 2.00825e-14 13.3269 2.55e-12 13.3269 -1.58068e-14 1.77899e-12 2.55e-12 1.77899e-12 1.28385e-15
Strain 0 6.66667e-05 0 6.66667e-05 0 0 0 0 0
Strain mean 8.54004e-21 6.66667e-05 1.275e-17 6.66667e-05 -1.28484e-31 8.89494e-18 1.275e-17 8.89494e-18 4.46575e-33
Plastic strain_mean -8.54531e-20 3.21167e-08 0 3.21167e-08 8.54531e-20 0 0 0 0
Plastic strain_rate_mean 0 0 0 0 0 0 0 0 0
Dissipation 2.85329e-07
End step 2
Begin step 3
Stress -2.09192e-14 19.9872 -5.5945e-14 19.9872 2.48895e-14 7.63239e-12 -5.5945e-14 7.63239e-12 1.19215e-15
Strain 0 0.0001 0 0.0001 0 0 0 0 0
Strain mean 7.93004e-21 0.0001 -2.79725e-19 0.0001 4.19853e-32 3.8162e-17 -2.79725e-19 3.8162e-17 -1.625e-34
Plastic strain_mean 1.18487e-19 6.42266e-08 0 6.42266e-08 -1.18487e-19 0 0 0 0
Plastic strain_rate_mean 0 0 0 0 0 0 0 0 0
Dissipation 6.41784e-07
End step 3
Begin step 4
Stress -4.10262e-14 26.6453 -5.68481e-14 26.6453 7.44975e-14 7.64153e-12 -5.68481e-14 7.64153e-12 1.00503e-14
Strain 0 0.000133333 0 0.000133333 0 0 0 0 0
Strain mean 6.68534e-20 0.000133333 -2.8424e-19 0.000133333 -2.00778e-32 3.82077e-17 -2.8424e-19 3.82077e-17 -5.77779e-34
Plastic strain_mean 3.22236e-19 1.07033e-07 0 1.07033e-07 -3.22236e-19 0 0 0 0
Plastic strain_rate_mean 0 0 0 0 0 0 0 0 0
Dissipation 1.14058e-06
End step 4
Begin step 5
Stress -9.80673e-14 33.3012 -6.44911e-14 33.3012 1.08498e-13 7.67653e-12 -6.44911e-14 7.67653e-12 3.13212e-15
Strain 0 0.000166667 0 0.000166667 0 0 0 0 0
Strain mean 2.08345e-20 0.000166667 -3.22456e-19 0.000166667 -6.94298e-32 3.83827e-17 -3.22456e-19 3.83827e-17 -1.92593e-34
Plastic strain_mean 5.26832e-19 1.60532e-07 0 1.60532e-07 -5.26832e-19 0 0 0 0
Plastic strain_rate_mean 0 0 0 0 0 0 0 0 0
Dissipation 1.78158e-06
End step 5
Begin step 6
Stress -1.42951e-13 39.9551 -6.52471e-14 39.9551 1.47634e-13 7.67202e-12 -6.52471e-14 7.67202e-12 1.40612e-15
Strain 0 0.0002 0 0.0002 0 0 0 0 0
Strain mean 9.35338e-21 0.0002 -3.26236e-19 0.0002 1.44397e-31 3.83601e-17 -3.26236e-19 3.83601e-17 -5.77779e-34
Plastic strain_mean 7.31137e-19 2.24721e-07 0 2.24721e-07 -7.31137e-19 0 0 0 0
Plastic strain_rate_mean 0 0 0 0 0 0 0 0 0
Dissipation 2.56466e-06
End step 6
Begin step 7
Stress -1.40749e-13 46.6067 2.04513e-12 46.6067 1.53562e-13 1.66185e-12 2.04513e-12 1.66185e-12 3.84719e-15
Strain 0 0.000233333 0 0.000233333 0 0 0 0 0
Strain mean 2.55911e-20 0.000233333 1.02257e-17 0.000233333 6.37964e-34 8.30924e-18 1.02257e-17 8.30924e-18 -6.53612e-33
Plastic strain_mean 7.48573e-19 2.99682e-07 0 2.99682e-07 -7.48573e-19 0 0 0 0
Plastic strain_rate_mean 0 0 0 0 0 0 0 0 0
Dissipation 3.4937e-06
End step 7
Begin step 8
Stress -1.52321e-13 53.2561 -1.97461e-12 53.2561 1.65912e-13 1.63814e-12 -1.97461e-12 1.63814e-12 4.08082e-15
Strain 0 0.000266667 0 0.000266667 0 0 0 0 0
Strain mean 2.71451e-20 0.000266667 -9.87306e-18 0.000266667 -3.61112e-35 8.19068e-18 -9.87306e-18 8.19068e-18 2.52778e-34
Plastic strain_mean 8.09154e-19 3.86215e-07 0 3.86215e-07 -8.09154e-19 0 0 0 0
Plastic strain_rate_mean 0 0 0 0 0 0 0 0 0
Dissipation 4.60838e-06
End step 8
Begin step 9
Stress -2.16135e-13 59.9025 -3.40016e-12 59.9025 2.05642e-13 3.538e-12 -3.40016e-12 3.538e-12 -3.15068e-15
Strain 0 0.0003 0 0.0003 0 0 0 0 0
Strain mean -2.0958e-20 0.0003 -1.70008e-17 0.0003 -1.01111e-33 1.769e-17 -1.70008e-17 1.769e-17 -3.71343e-33
Plastic strain_mean 1.04396e-18 4.87651e-07 0 4.87651e-07 -1.04396e-18 0 0 0 0
Plastic strain_rate_mean 0 0 0 0 0 0 0 0 0
Dissipation 6.07626e-06
End step 9
Begin step 10
Stress -3.05071e-13 66.5447 -4.16112e-12 66.5447 3.29984e-13 6.02096e-12 -4.16112e-12 6.02096e-12 7.48041e-15
Strain 0 0.000333333 0 0.000333333 0 0 0 0 0
Strain mean 4.97588e-20 0.000333333 -2.08056e-17 0.000333333 3.09352e-33 3.01048e-17 -2.08056e-17 3.01048e-17 -6.62038e-33
Plastic strain_mean 1.61252e-18 6.09618e-07 0 6.09618e-07 -1.61252e-18 0 0 0 0
Plastic strain_rate_mean 0 0 0 0 0 0 0 0 0
Dissipation 8.11623e-06
End step 10
Begin step 11
Stress -2.63976e-13 73.1809 -3.74793e-12 73.1809 2.49695e-13 -1.15435e-12 -3.74793e-12 -1.15435e-12 -4.28824e-15
Strain 0 0.000366667 0 0.000366667 0 0 0 0 0
Strain mean -2.85249e-20 0.000366667 -1.87396e-17 0.000366667 1.13148e-33 -5.77177e-18 -1.87396e-17 -5.77177e-18 5.79284e-34
Plastic strain_mean 1.26992e-18 7.6216e-07 0 7.6216e-07 -1.26992e-18 0 0 0 0
Plastic strain_rate_mean 0 0 0 0 0 0 0 0 0
Dissipation 1.11631e-05
End step 11
Begin step 12
Stress -2.91878e-13 79.8069 5.47888e-12 79.8069 3.24222e-13 -1.22298e-12 5.47888e-12 -1.22298e-12 9.71187e-15
Strain 0 0.0004 0 0.0004 0 0 0 0 0
Strain mean 6.46022e-20 0.0004 2.73944e-17 0.0004 -2.02223e-33 -6.11492e-18 2.73944e-17 -6.11492e-18 -2.14862e-33
Plastic strain_mean 1.57255e-18 9.65437e-07 0 9.65437e-07 -1.57255e-18 0 0 0 0
Plastic strain_rate_mean 0 0 0 0 0 0 0 0 0
Dissipation 1.62229e-05
End step 12
Begin step 13
Stress -4.08246e-13 86.413 1.19736e-12 86.413 3.60617e-13 -1.39758e-13 1.19736e-12 -1.39758e-13 -1.43014e-14
Strain 0 0.000433333 0 0.000433333 0 0 0 0 0
Strain mean -9.51314e-20 0.000433333 5.9868e-18 0.000433333 -1.35537e-32 -6.98791e-19 5.9868e-18 -6.98791e-19 6.56772e-34
Plastic strain_mean 1.87459e-18 1.26858e-06 0 1.26858e-06 -1.87459e-18 0 0 0 0
Plastic strain_rate_mean 0 0 0 0 0 0 0 0 0
Dissipation 2.61953e-05
End step 13
Begin step 14
Stress -3.81497e-13 92.9636 2.33533e-12 92.9636 3.81774e-13 2.16273e-12 2.33533e-12 2.16273e-12 8.29701e-17
Strain 0 0.000466667 0 0.000466667 0 0 0 0 0
Strain mean 5.51908e-22 0.000466667 1.16766e-17 0.000466667 2.94667e-32 1.08137e-17 1.16766e-17 1.08137e-17 -5.42947e-33
Plastic strain_mean 1.90845e-18 1.84854e-06 0 1.84854e-06 -1.90845e-18 0 0 0 0
Plastic strain_rate_mean 0 0 0 0 0 0 0 0 0
Dissipation 5.39142e-05
End step 14
Begin step 15
Stress 1.07762e-12 98.9683 1.13621e-13 98.9683 -1.08928e-12 8.2094e-13 1.13621e-13 8.2094e-13 -3.50221e-15
Strain 0 0.0005 0 0.0005 0 0 0 0 0
Strain mean -2.32963e-20 0.0005 5.68106e-19 0.0005 -1.56151e-32 4.1047e-18 5.68106e-19 4.1047e-18 -1.29398e-33
Plastic strain_mean -5.4289e-18 5.15851e-06 0 5.15851e-06 5.4289e-18 0 0 0 0
Plastic strain_rate_mean 0 0 0 0 0 0 0 0 0
Dissipation 0.000327573
End step 15
Begin step 16
Stress 1.37871e-12 100.12 -2.16547e-12 100.12 -1.39066e-12 -1.70657e-12 -2.16547e-12 -1.70657e-12 -3.58955e-15
Strain 0 0.000533333 0 0.000533333 0 0 0 0 0
Strain mean -2.38773e-20 0.000533333 -1.08274e-17 0.000533333 4.52594e-33 -8.53284e-18 -1.08274e-17 -8.53284e-18 -1.53773e-33
Plastic strain_mean -6.93537e-18 3.27357e-05 0 3.27357e-05 6.93537e-18 0 0 0 0
Plastic strain_rate_mean 0 0 0 0 0 0 0 0 0
Dissipation 0.00276079
End step 16
Begin step 17
Stress -2.71905e-12 100.166 -4.44069e-12 100.166 2.66536e-12 -9.04842e-13 -4.44069e-12 -9.04842e-13 -1.61224e-14
Strain 0 0.000566667 0 0.000566667 0 0 0 0 0
Strain mean -1.07244e-19 0.000566667 -2.22034e-17 0.000566667 5.70256e-33 -4.52421e-18 -2.22034e-17 -4.52421e-18 -3.26505e-33
Plastic strain_mean 1.34074e-17 6.58372e-05 0 6.58372e-05 -1.34074e-17 0 0 0 0
Plastic strain_rate_mean 0 0 0 0 0 0 0 0 0
Dissipation 0.00331525
End step 17
Begin step 18
Stress 1.96121e-12 100.187 2.89372e-13 100.187 -1.96415e-12 2.0182e-12 2.89372e-13 2.0182e-12 -8.82103e-16
Strain 0 0.0006 0 0.0006 0 0 0 0 0
Strain mean -5.86765e-21 0.0006 1.44686e-18 0.0006 -5.62733e-34 1.0091e-17 1.44686e-18 1.0091e-17 -6.69562e-34
Plastic strain_mean -9.81635e-18 9.90655e-05 0 9.90655e-05 9.81635e-18 0 0 0 0
Plastic strain_rate_mean 0 0 0 0 0 0 0 0 0
Dissipation 0.00332853
End step 18
Begin step 19
Stress -6.2961e-13 100.207 2.64212e-12 100.207 6.46175e-13 4.1988e-12 2.64212e-12 4.1988e-12 4.97384e-15
Strain 0 0.000633333 0 0.000633333 0 0 0 0 0
Strain mean 3.30854e-20 0.000633333 1.32106e-17 0.000633333 8.9977e-34 2.0994e-17 1.32106e-17 2.0994e-17 -3.07039e-35
Plastic strain_mean 3.20601e-18 0.000132297 0 0.000132297 -3.20601e-18 0 0 0 0
Plastic strain_rate_mean 0 0 0 0 0 0 0 0 0
Dissipation 0.00332942
End step 19
Begin step 20
Stress 3.16083e-12 100.228 -2.97388e-12 100.228 -3.18634e-12 -3.1365e-12 -2.97388e-12 -3.1365e-12 -7.65945e-15
Strain 0 0.000666667 0 0.000666667 0 0 0 0 0
Strain mean -5.09498e-20 0.000666667 -1.48694e-17 0.000666667 -3.06704e-32 -1.56825e-17 -1.48694e-17 -1.56825e-17 9.65974e-34
Plastic strain_mean -1.58934e-17 0.000165529 0 0.000165529 1.58934e-17 0 0 0 0
Plastic strain_rate_mean 0 0 0 0 0 0 0 0 0
Dissipation 0.00333003
End step 20
Begin step 21
Stress -6.30819e-13 100.248 1.9346e-12 100.248 6.1533e-13 -5.39281e-13 1.9346e-12 -5.39281e-13 -4.65069e-15
Strain 0 0.0007 0 0.0007 0 0 0 0 0
Strain mean -3.09359e-20 0.0007 9.67298e-18 0.0007 -6.96946e-33 -2.69641e-18 9.67298e-18 -2.69641e-18 1.97464e-33
Plastic strain_mean 3.09991e-18 0.000198761 0 0.000198761 -3.09991e-18 0 0 0 0
Plastic strain_rate_mean 0 0 0 0 0 0 0 0 0
Dissipation 0.00333061
End step 21
Begin step 22
Stress -6.29733e-13 100.268 1.53061e-12 100.268 5.90132e-13 -1.09789e-12 1.53061e-12 -1.09789e-12 -1.18909e-14
Strain 0 0.000733333 0 0.000733333 0 0 0 0 0
Strain mean -7.90971e-20 0.000733333 7.65304e-18 0.000733333 -6.03057e-33 -5.48945e-18 7.65304e-18 -5.48945e-18 7.52316e-36
Plastic strain_mean 3.01011e-18 0.000231992 0 0.000231992 -3.01011e-18 0 0 0 0
Plastic strain_rate_mean 0 0 0 0 0 0 0 0 0
Dissipation 0.00333118
End step 22
Begin step 23
Stress -6.30128e-14 100.289 9.5992e-13 100.289 1.39045e-13 -7.01696e-13 9.5992e-13 -7.01696e-13 2.28299e-14
Strain 0 0.000766667 0 0.000766667 0 0 0 0 0
Strain mean 1.51862e-19 0.000766667 4.7996e-18 0.000766667 1.5588e-33 -3.50848e-18 4.7996e-18 -3.50848e-18 -3.79167e-34
Plastic strain_mean 5.81075e-19 0.000265224 0 0.000265224 -5.81075e-19 0 0 0 0
Plastic strain_rate_mean 0 0 0 0 0 0 0 0 0
Dissipation 0.00333175
End step 23
Begin step 24
Stress -2.00884e-12 100.309 -4.58e-12 100.309 1.99275e-12 -1.41911e-12 -4.58e-12 -1.41911e-12 -4.82973e-15
Strain 0 0.0008 0 0.0008 0 0 0 0 0
Strain mean -3.21268e-20 0.0008 -2.29e-17 0.0008 -5.17594e-34 -7.09555e-18 -2.29e-17 -7.09555e-18 -1.73936e-33
Plastic strain_mean 9.98791e-18 0.000298456 0 0.000298456 -9.98791e-18 0 0 0 0
Plastic strain_rate_mean 0 0 0 0 0 0 0 0 0
Dissipation 0.00333232
End step 24
Begin step 25
Stress -1.48236e-12 100.329 -3.09425e-12 100.329 1.4303e-12 -9.66084e-13 -3.09425e-12 -9.66084e-13 -1.56333e-14
Strain 0 0.000833333 0 0.000833333 0 0 0 0 0
Strain mean -1.03991e-19 0.000833333 -1.54713e-17 0.000833333 -1.53473e-33 -4.83042e-18 -1.54713e-17 -4.83042e-18 -1.40834e-33
Plastic strain_mean 7.22966e-18 0.000331687 0 0.000331687 -7.22966e-18 0 0 0 0
Plastic strain_rate_mean 0 0 0 0 0 0 0 0 0
Dissipation 0.00333289
End step 25
Begin step 26
Stress -1.01353e-12 100.35 -2.11821e-12 100.35 9.68879e-13 -6.57799e-13 -2.11821e-12 -6.57799e-13 -1.34062e-14
Strain 0 0.000866667 0 0.000866667 0 0 0 0 0
Strain mean -8.91767e-20 0.000866667 -1.05911e-17 0.000866667 -3.31019e-34 -3.289e-18 -1.05911e-17 -3.289e-18 -6.9514e-34
Plastic strain_mean 4.91142e-18 0.000364918 0 0.000364918 -4.91142e-18 0 0 0 0
Plastic strain_rate_mean 0 0 0 0 0 0 0 0 0
Dissipation 0.00333346
End step 26
Begin step 27
Stress -4.22851e-12 100.37 -1.78654e-12 100.37 4.26944e-12 6.61774e-13 -1.78654e-12 6.61774e-13 1.22883e-14
Strain 0 0.0009 0 0.0009 0 0 0 0 0
Strain mean 8.17404e-20 0.0009 -8.93271e-18 0.0009 -6.40372e-33 3.30887e-18 -8.93271e-18 3.30887e-18 -3.88252e-33
Plastic strain_mean 2.12857e-17 0.000398149 0 0.000398149 -2.12857e-17 0 0 0 0
Plastic strain_rate_mean 0 0 0 0 0 0 0 0 0
Dissipation 0.00333403
End step 27
Begin step 28
Stress 5.30568e-12 100.391 3.16483e-12 100.391 -5.3186e-12 -1.97786e-12 3.16483e-12 -1.97786e-12 -3.87776e-15
Strain 0 0.000933333 0 0.000933333 0 0 0 0 0
Strain mean -2.57944e-20 0.000933333 1.58241e-17 0.000933333 -5.71159e-33 -9.88932e-18 1.58241e-17 -9.88932e-18 8.01062e-33
Plastic strain_mean -2.65736e-17 0.00043138 0 0.00043138 2.65736e-17 0 0 0 0
Plastic strain_rate_mean 0 0 0 0 0 0 0 0 0
Dissipation 0.00333461
End step 28
Begin step 29
Stress 4.73356e-12 100.411 1.99299e-12 100.411 -4.70924e-12 -1.73348e-12 1.99299e-12 -1.73348e-12 7.30137e-15
Strain 0 0.000966667 0 0.000966667 0 0 0 0 0
Strain mean 4.85679e-20 0.000966667 9.96497e-18 0.000966667 3.33427e-33 -8.66739e-18 9.96497e-18 -8.66739e-18 6.37663e-33
Plastic strain_mean -2.35827e-17 0.000464611 0 0.000464611 2.35827e-17 0 0 0 0
Plastic strain_rate_mean 0 0 0 0 0 0 0 0 0
Dissipation 0.00333519
End step 29
Begin step 30
Stress -1.97273e-12 100.432 -8.39227e-13 100.432 1.96764e-12 3.49467e-13 -8.39227e-13 3.49467e-13 -1.5284e-15
Strain 0 0.001 0 0.001 0 0 0 0 0
Strain mean -1.01667e-20 0.001 -4.19613e-18 0.001 -1.05926e-33 1.74734e-18 -4.19613e-18 1.74734e-18 -1.62651e-33
Plastic strain_mean 9.84583e-18 0.000497842 0 0.000497842 -9.84583e-18 0 0 0 0
Plastic strain_rate_mean 0 0 0 0 0 0 0 0 0
Dissipation 0.00333577
End step 30
