Begin step 0
Stress 0 0 0 0 0 0 0 0 0
Strain 0 0 0 0 0 0 0 0 0
Strain mean 0 0 0 0 0 0 0 0 0
Plastic strain_mean 0 0 0 0 0 0 0 0 0
Plastic strain_rate_mean 0 0 0 0 0 0 0 0 0
Dissipation 0
End step 0
Begin step 1
Stress 161.083 -4.78383e-11 3.73063e-12 -4.78383e-11 4.66117e-13 -2.46273e-11 3.73063e-12 -2.46273e-11 -3.24176e-13
Strain 0.00133333 0 0 0 0 0 0 0 0
Strain mean 0.00133333 -1.74709e-16 1.75046e-17 -1.74709e-16 -0.000515067 -6.6099e-17 1.75046e-17 -6.6099e-17 -0.000515067
Plastic strain_mean 5.84418e-06 4.8393e-17 1.06194e-19 4.8393e-17 -2.92209e-06 4.87545e-17 1.06194e-19 4.87545e-17 -2.92209e-06
Plastic strain_rate_mean 0 0 0 0 0 0 0 0 0
Dissipation 7.84497e-05
End step 1
Begin step 2
Stress 321.46 -9.13808e-11 -1.41579e-11 -9.13808e-11 2.13348e-12 -3.96897e-12 -1.41579e-11 -3.96897e-12 -1.64764e-13
Strain 0.00266667 0 0 0 0 0 0 0 0
Strain mean 0.00266667 -2.88669e-16 -7.43479e-17 -2.88669e-16 -0.0010308 1.21077e-16 -7.43479e-17 1.21077e-16 -0.0010308
Plastic strain_mean 1.75065e-05 1.37499e-16 -8.32042e-18 1.37499e-16 -8.75326e-06 1.39587e-16 -8.32042e-18 1.39587e-16 -8.75326e-06
Plastic strain_rate_mean 0 0 0 0 0 0 0 0 0
Dissipation 0.000312415
End step 2
Begin step 3
Stress 481.134 -1.34979e-10 -1.0572e-11 -1.34979e-10 2.10785e-12 -2.43752e-12 -1.0572e-11 -2.43752e-12 2.72979e-14
Strain 0.004 0 0 0 0 0 0 0 0
Strain mean 0.004 -3.69699e-16 -8.20379e-17 -3.69699e-16 -0.00154719 2.53057e-16 -8.20379e-17 2.53057e-16 -0.00154719
Plastic strain_mean 3.49609e-05 2.59798e-16 -3.27336e-17 2.59798e-16 -1.74804e-05 2.64425e-16 -3.27336e-17 2.64425e-16 -1.74804e-05
Plastic strain_rate_mean 0 0 0 0 0 0 0 0 0
Dissipation 0.000699822
End step 3
Begin step 4
Stress 640.096 -1.81005e-10 -7.91989e-12 -1.81005e-10 2.42181e-13 3.99542e-12 -7.91989e-12 3.99542e-12 -1.50441e-13
Strain 0.00533333 0 0 0 0 0 0 0 0
Strain mean 0.00533333 -1.60589e-15 -7.14752e-17 -1.60589e-15 -0.00206426 -7.34853e-16 -7.14752e-17 -7.34853e-16 -0.00206426
Plastic strain_mean 5.82827e-05 -7.61739e-16 -3.45395e-17 -7.61739e-16 -2.91414e-05 -7.53486e-16 -3.45395e-17 -7.53486e-16 -2.91414e-05
Plastic strain_rate_mean 0 0 0 0 0 0 0 0 0
Dissipation 0.00124402
End step 4
Begin step 5
Stress 797.952 -2.2417e-10 -1.50026e-11 -2.2417e-10 -1.37546e-13 -1.95535e-12 -1.50026e-11 -1.95535e-12 -3.4367e-13
Strain 0.00666667 0 0 0 0 0 0 0 0
Strain mean 0.00666667 -8.30046e-15 -1.13099e-16 -8.30046e-15 -0.00258236 -7.2492e-15 -1.13099e-16 -7.2492e-15 -0.00258236
Plastic strain_mean 9.07163e-05 -7.25501e-15 -4.31322e-17 -7.25501e-15 -4.53582e-05 -7.24009e-15 -4.31322e-17 -7.24009e-15 -4.53582e-05
Plastic strain_rate_mean 0 0 0 0 0 0 0 0 0
Dissipation 0.00215671
End step 5
Begin step 6
Stress 953.366 -2.70755e-10 7.66637e-12 -2.70755e-10 -3.97772e-12 1.21926e-12 7.66637e-12 1.21926e-12 2.67056e-14
Strain 0.008 0 0 0 0 0 0 0 0
Strain mean 0.008 -8.69109e-15 -1.00097e-17 -8.69109e-15 -0.00310276 -7.39099e-15 -1.00097e-17 -7.39099e-15 -0.00310276
Plastic strain_mean 0.000143276 -7.42838e-15 -4.57631e-17 -7.42838e-15 -7.16381e-05 -7.39667e-15 -4.57631e-17 -7.39667e-15 -7.16381e-05
Plastic strain_rate_mean 0 0 0 0 0 0 0 0 0
Dissipation 0.00417573
End step 6
Begin step 7
Stress 1099.96 -3.10317e-10 -5.66288e-12 -3.10317e-10 -7.23298e-12 -1.57292e-12 -5.66288e-12 -1.57292e-12 1.84357e-13
Strain 0.00933333 0 0 0 0 0 0 0 0
Strain mean 0.00933333 -1.09722e-14 -8.43106e-17 -1.09722e-14 -0.00363147 -9.40705e-15 -8.43106e-17 -9.40705e-15 -0.00363147
Plastic strain_mean 0.000268562 -9.52497e-15 -5.79008e-17 -9.52497e-15 -0.000134281 -9.39972e-15 -5.79008e-17 -9.39972e-15 -0.000134281
Plastic strain_rate_mean 0 0 0 0 0 0 0 0 0
Dissipation 0.011484
End step 7
Begin step 8
Stress 1187.14 -3.30587e-10 3.3579e-12 -3.30587e-10 -3.1894e-12 -4.44618e-12 3.3579e-12 -4.44618e-12 -2.93646e-13
Strain 0.0106667 0 0 0 0 0 0 0 0
Strain mean 0.0106667 -1.18643e-12 -1.67364e-16 -1.18643e-12 -0.00421609 -1.18254e-12 -1.67364e-16 -1.18254e-12 -0.00421609
Plastic strain_mean 0.000883432 -1.18489e-12 -1.83024e-16 -1.18489e-12 -0.000441716 -1.18252e-12 -1.83024e-16 -1.18252e-12 -0.000441716
Plastic strain_rate_mean 0 0 0 0 0 0 0 0 0
Dissipation 0.0608279
End step 8
Begin step 9
Stress 1202.17 -3.35162e-10 -5.66715e-12 -3.35162e-10 -9.7814e-14 1.04829e-12 -5.66715e-12 1.04829e-12 -3.84829e-13
Strain 0.012 0 0 0 0 0 0 0 0
Strain mean 0.012 -4.40416e-11 -1.81256e-15 -4.40416e-11 -0.00486861 -4.40288e-11 -1.81256e-15 -4.40288e-11 -0.00486861
Plastic strain_mean 0.00209287 -4.40401e-11 -1.78613e-15 -4.40401e-11 -0.00104643 -4.40288e-11 -1.78613e-15 -4.40288e-11 -0.00104643
Plastic strain_rate_mean 0 0 0 0 0 0 0 0 0
Dissipation 0.121162
End step 9
Begin step 10
Stress 1207.34 -3.368e-10 -2.00983e-12 -3.368e-10 -4.17819e-13 2.37515e-13 -2.00983e-12 2.37515e-13 -2.71512e-14
Strain 0.0133333 0 0 0 0 0 0 0 0
Strain mean 0.0133333 -6.00272e-11 -2.3426e-15 -6.00272e-11 -0.00553041 -6.00046e-11 -2.3426e-15 -6.00046e-11 -0.00553041
Plastic strain_mean 0.00338361 -6.00257e-11 -2.33323e-15 -6.00257e-11 -0.0016918 -6.00046e-11 -2.33323e-15 -6.00046e-11 -0.0016918
Plastic strain_rate_mean 0 0 0 0 0 0 0 0 0
Dissipation 0.129864
End step 10
Begin step 11
Stress 1211.86 -3.3804e-10 -1.85816e-12 -3.3804e-10 -3.55778e-13 4.54728e-13 -1.85816e-12 4.54728e-13 5.56806e-14
Strain 0.0146667 0 0 0 0 0 0 0 0
Strain mean 0.0146667 -7.60858e-11 -2.89514e-15 -7.60858e-11 -0.00619282 -7.60535e-11 -2.89514e-15 -7.60535e-11 -0.00619282
Plastic strain_mean 0.00467971 -7.60843e-11 -2.88648e-15 -7.60843e-11 -0.00233985 -7.60535e-11 -2.88648e-15 -7.60535e-11 -0.00233985
Plastic strain_rate_mean 0 0 0 0 0 0 0 0 0
Dissipation 0.130891
End step 11
Begin step 12
Stress 1216.34 -3.38982e-10 -1.26634e-12 -3.38982e-10 -5.45008e-13 1.53002e-13 -1.26634e-12 1.53002e-13 1.53088e-14
Strain 0.016 0 0 0 0 0 0 0 0
Strain mean 0.016 -8.91709e-11 -3.34591e-15 -8.91709e-11 -0.00685527 -8.9129e-11 -3.34591e-15 -8.9129e-11 -0.00685528
Plastic strain_mean 0.00597614 -8.91693e-11 -3.34e-15 -8.91693e-11 -0.00298807 -8.9129e-11 -3.34e-15 -8.9129e-11 -0.00298807
Plastic strain_rate_mean 0 0 0 0 0 0 0 0 0
Dissipation 0.131408
End step 12
Begin step 13
Stress 1220.81 -3.40133e-10 -6.6427e-13 -3.40133e-10 -7.34503e-14 -3.7395e-13 -6.6427e-13 -3.7395e-13 2.87621e-13
Strain 0.0173333 0 0 0 0 0 0 0 0
Strain mean 0.0173333 -1.00029e-10 -3.71647e-15 -1.00029e-10 -0.00751773 -9.99776e-11 -3.71647e-15 -9.99776e-11 -0.00751773
Plastic strain_mean 0.00727259 -1.00027e-10 -3.71337e-15 -1.00027e-10 -0.0036363 -9.99776e-11 -3.71337e-15 -9.99776e-11 -0.0036363
Plastic strain_rate_mean 0 0 0 0 0 0 0 0 0
Dissipation 0.131894
End step 13
Begin step 14
Stress 1225.29 -3.42418e-10 2.38467e-13 -3.42418e-10 -1.52594e-12 -8.88181e-13 2.38467e-13 -8.88181e-13 -4.70615e-14
Strain 0.0186667 0 0 0 0 0 0 0 0
Strain mean 0.0186667 -1.01804e-10 -3.79877e-15 -1.01804e-10 -0.00818018 -1.01744e-10 -3.79877e-15 -1.01744e-10 -0.00818019
Plastic strain_mean 0.00856904 -1.01803e-10 -3.79988e-15 -1.01803e-10 -0.00428452 -1.01744e-10 -3.79988e-15 -1.01744e-10 -0.00428452
Plastic strain_rate_mean 0 0 0 0 0 0 0 0 0
Dissipation 0.132377
End step 14
Begin step 15
Stress 1229.76 -3.41471e-10 -7.77591e-12 -3.41471e-10 -3.69724e-12 -1.70453e-11 -7.77591e-12 -1.70453e-11 -3.2812e-13
Strain 0.02 0 0 0 0 0 0 0 0
Strain mean 0.02 -1.01563e-10 -4.06433e-15 -1.01563e-10 -0.00884264 -1.01495e-10 -4.06433e-15 -1.01495e-10 -0.00884264
Plastic strain_mean 0.0098655 -1.01561e-10 -4.02806e-15 -1.01561e-10 -0.00493275 -1.01495e-10 -4.02806e-15 -1.01495e-10 -0.00493275
Plastic strain_rate_mean 0 0 0 0 0 0 0 0 0
Dissipation 0.132861
End step 15
