Begin step 0
Stress 0 0 0 0 0 0 0 0 0
Strain 0 0 0 0 0 0 0 0 0
Strain mean 0 0 0 0 0 0 0 0 0
Plastic strain_mean 0 0 0 0 0 0 0 0 0
Plastic strain_rate_mean 0 0 0 0 0 0 0 0 0
Dissipation 0
End step 0
Begin step 1
Stress 3.37719e-16 6.66667 5.62585e-16 6.66667 1.44935e-16 9.34441e-18 5.62585e-16 9.34441e-18 1.44925e-16
Strain 0 3.33333e-05 0 3.33333e-05 0 0 0 0 0
Strain mean 9.64023e-22 3.33333e-05 2.81293e-21 3.33333e-05 -1.46937e-37 4.6722e-23 2.81293e-21 4.6722e-23 -1.85508e-37
Plastic strain_mean 5.11568e-26 1.93694e-19 0 1.93694e-19 -5.11568e-26 0 0 0 0
Plastic strain_rate_mean 0 0 0 0 0 0 0 0 0
Dissipation 1.29129e-18
End step 1
Begin step 2
Stress 9.83281e-16 13.3333 8.22166e-16 13.3333 4.21961e-16 4.87542e-17 8.22166e-16 4.87542e-17 4.21947e-16
Strain 0 6.66667e-05 0 6.66667e-05 0 0 0 0 0
Strain mean 2.80674e-21 6.66667e-05 4.11083e-21 6.66667e-05 2.76241e-37 2.43771e-22 4.11083e-21 2.43771e-22 -1.88153e-36
Plastic strain_mean 6.95173e-26 1.12219e-15 0 1.12219e-15 -6.95173e-26 0 0 0 0
Plastic strain_rate_mean 0 0 0 0 0 0 0 0 0
Dissipation 1.49599e-14
End step 2
Begin step 3
Stress 2.7257e-15 20 1.11821e-15 20 1.17189e-15 -9.49816e-17 1.11821e-15 -9.49816e-17 1.17032e-15
Strain 0 0.0001 0 0.0001 0 0 0 0 0
Strain mean 7.7848e-21 0.0001 5.59106e-21 0.0001 6.30359e-37 -4.74908e-22 5.59106e-21 -4.74908e-22 -2.51776e-36
Plastic strain_mean 7.89015e-24 1.79414e-13 0 1.79414e-13 -7.89015e-24 0 0 0 0
Plastic strain_rate_mean 0 0 0 0 0 0 0 0 0
Dissipation 3.56584e-12
End step 3
Begin step 4
Stress -1.84868e-15 26.6667 3.06651e-14 26.6667 -8.1274e-16 7.73153e-16 3.06651e-14 7.73153e-16 -7.99133e-16
Strain 0 0.000133333 0 0.000133333 0 0 0 0 0
Strain mean -5.31574e-21 0.000133333 1.53326e-19 0.000133333 1.14493e-35 3.86577e-21 1.53326e-19 3.86577e-21 1.74855e-36
Plastic strain_mean -6.80322e-23 6.6787e-12 0 6.6787e-12 6.80322e-23 0 0 0 0
Plastic strain_rate_mean 0 0 0 0 0 0 0 0 0
Dissipation 1.73314e-10
End step 4
Begin step 5
Stress 6.93647e-15 33.3333 -2.64816e-12 33.3333 4.74176e-15 2.61973e-13 -2.64816e-12 2.61973e-13 3.50658e-15
Strain 0 0.000166667 0 0.000166667 0 0 0 0 0
Strain mean 2.33254e-20 0.000166667 -1.32408e-17 0.000166667 1.11343e-34 1.30986e-18 -1.32408e-17 1.30986e-18 -2.28704e-34
Plastic strain_mean 6.17589e-21 1.12418e-10 0 1.12418e-10 -6.17589e-21 0 0 0 0
Plastic strain_rate_mean 0 0 0 0 0 0 0 0 0
Dissipation 3.52464e-09
End step 5
Begin step 6
Stress -6.98121e-15 39.9998 -5.38507e-12 39.9998 -3.8317e-15 -6.66208e-13 -5.38507e-12 -6.66208e-13 -3.24675e-15
Strain 0 0.0002 0 0.0002 0 0 0 0 0
Strain mean -2.1597e-20 0.0002 -2.69253e-17 0.0002 2.64815e-34 -3.33104e-18 -2.69253e-17 -3.33104e-18 4.18288e-34
Plastic strain_mean -2.92472e-21 1.14512e-09 0 1.14512e-09 2.92472e-21 0 0 0 0
Plastic strain_rate_mean 0 0 0 0 0 0 0 0 0
Dissipation 4.13079e-08
End step 6
Begin step 7
Stress 1.98639e-14 46.665 -2.99718e-12 46.665 -2.49686e-14 -2.11861e-12 -2.99718e-12 -2.11861e-12 -1.53276e-15
Strain 0 0.000233333 0 0.000233333 0 0 0 0 0
Strain mean -1.01958e-20 0.000233333 -1.49859e-17 0.000233333 -2.37732e-34 -1.0593e-17 -1.49859e-17 -1.0593e-17 2.94908e-33
Plastic strain_mean -1.17179e-19 8.23517e-09 0 8.23517e-09 1.17179e-19 0 0 0 0
Plastic strain_rate_mean 0 0 0 0 0 0 0 0 0
Dissipation 3.30857e-07
End step 7
Begin step 8
Stress 9.31499e-14 53.3242 -1.05513e-13 53.3242 -7.46509e-14 -3.24275e-12 -1.05513e-13 -3.24275e-12 5.55463e-15
Strain 0 0.000266667 0 0.000266667 0 0 0 0 0
Strain mean 3.69488e-20 0.000266667 -5.27565e-19 0.000266667 1.32408e-34 -1.62138e-17 -5.27565e-19 -1.62138e-17 5.74469e-33
Plastic strain_mean -4.01028e-19 4.58021e-08 0 4.58021e-08 4.01028e-19 0 0 0 0
Plastic strain_rate_mean 0 0 0 0 0 0 0 0 0
Dissipation 2.00322e-06
End step 8
Begin step 9
Stress 1.67248e-13 59.9583 8.97783e-13 59.9583 -1.67102e-13 -3.45721e-12 8.97783e-13 -3.45721e-12 4.36685e-17
Strain 0 0.0003 0 0.0003 0 0 0 0 0
Strain mean 2.90478e-22 0.0003 4.48892e-18 0.0003 -6.494e-33 -1.72861e-17 4.48892e-18 -1.72861e-17 6.25777e-33
Plastic strain_mean -8.35729e-19 2.08492e-07 0 2.08492e-07 8.35729e-19 0 0 0 0
Plastic strain_rate_mean 0 0 0 0 0 0 0 0 0
Dissipation 9.75458e-06
End step 9
Begin step 10
Stress 2.55929e-13 66.5061 -1.82276e-12 66.5061 -2.24661e-13 -1.7771e-13 -1.82276e-12 -1.7771e-13 9.38872e-15
Strain 0 0.000333333 0 0.000333333 0 0 0 0 0
Strain mean 6.24527e-20 0.000333333 -9.11378e-18 0.000333333 -1.59082e-31 -8.88552e-19 -9.11378e-18 -8.88552e-19 1.45348e-33
Plastic strain_mean -1.17025e-18 8.02752e-07 0 8.02752e-07 1.17025e-18 0 0 0 0
Plastic strain_rate_mean 0 0 0 0 0 0 0 0 0
Dissipation 3.95218e-05
End step 10
Begin step 11
Stress 3.15793e-13 72.8046 -3.3826e-12 72.8046 -3.44138e-13 -1.17385e-12 -3.3826e-12 -1.17385e-12 -8.51099e-15
Strain 0 0.000366667 0 0.000366667 0 0 0 0 0
Strain mean -5.66141e-20 0.000366667 -1.6913e-17 0.000366667 -9.14817e-34 -5.86926e-18 -1.6913e-17 -5.86926e-18 7.26888e-33
Plastic strain_mean -1.67814e-18 2.64389e-06 0 2.64389e-06 1.67814e-18 0 0 0 0
Plastic strain_rate_mean 0 0 0 0 0 0 0 0 0
Dissipation 0.000134041
End step 11
Begin step 12
Stress 1.50189e-12 78.5241 1.4172e-12 78.5241 -1.51146e-12 -1.87101e-12 1.4172e-12 -1.87101e-12 -2.87339e-15
Strain 0 0.0004 0 0.0004 0 0 0 0 0
Strain mean -1.91134e-20 0.0004 7.08599e-18 0.0004 5.24816e-33 -9.35507e-18 7.08599e-18 -9.35507e-18 -2.20429e-34
Plastic strain_mean -7.54295e-18 7.37956e-06 0 7.37956e-06 7.54295e-18 0 0 0 0
Plastic strain_rate_mean 0 0 0 0 0 0 0 0 0
Dissipation 0.00037185
End step 12
Begin step 13
Stress 3.47988e-13 83.232 1.27798e-12 83.232 -3.38186e-13 2.00278e-13 1.27798e-12 2.00278e-13 2.94326e-15
Strain 0 0.000433333 0 0.000433333 0 0 0 0 0
Strain mean 1.95782e-20 0.000433333 6.38989e-18 0.000433333 3.28371e-32 1.00139e-18 6.38989e-18 1.00139e-18 -1.15857e-33
Plastic strain_mean -1.70565e-18 1.71735e-05 0 1.71735e-05 1.70565e-18 0 0 0 0
Plastic strain_rate_mean 0 0 0 0 0 0 0 0 0
Dissipation 0.000815103
End step 13
Begin step 14
Stress 1.16874e-12 86.6605 -8.61112e-13 86.6605 -1.09582e-12 5.93809e-13 -8.61112e-13 5.93809e-13 2.18954e-14
Strain 0 0.000466667 0 0.000466667 0 0 0 0 0
Strain mean 1.45646e-19 0.000466667 -4.30556e-18 0.000466667 -6.30742e-33 2.96904e-18 -4.30556e-18 2.96904e-18 1.87477e-33
Plastic strain_mean -5.58857e-18 3.33643e-05 0 3.33643e-05 5.58857e-18 0 0 0 0
Plastic strain_rate_mean 0 0 0 0 0 0 0 0 0
Dissipation 0.00140289
End step 14
Begin step 15
Stress 3.7052e-13 88.8901 1.16243e-14 88.8901 -3.98909e-13 4.44815e-13 1.16243e-14 4.44815e-13 -8.52409e-15
Strain 0 0.0005 0 0.0005 0 0 0 0 0
Strain mean -5.67012e-20 0.0005 5.81214e-20 0.0005 -8.13705e-33 2.22408e-18 5.81214e-20 2.22408e-18 2.03878e-34
Plastic strain_mean -1.95192e-18 5.55495e-05 0 5.55495e-05 1.95192e-18 0 0 0 0
Plastic strain_rate_mean 0 0 0 0 0 0 0 0 0
Dissipation 0.00197156
End step 15
Begin step 16
Stress 2.41743e-12 90.2262 5.06331e-13 90.2262 -2.48066e-12 1.10989e-12 5.06331e-13 1.10989e-12 -1.89871e-14
Strain 0 0.000533333 0 0.000533333 0 0 0 0 0
Strain mean -1.263e-19 0.000533333 2.53165e-18 0.000533333 -2.60001e-33 5.54943e-18 2.53165e-18 5.54943e-18 -1.99552e-34
Plastic strain_mean -1.23084e-17 8.22024e-05 0 8.22024e-05 1.23084e-17 0 0 0 0
Plastic strain_rate_mean 0 0 0 0 0 0 0 0 0
Dissipation 0.00240395
End step 16
Begin step 17
Stress -7.19808e-13 90.9897 -4.73664e-13 90.9897 7.40721e-13 -6.6303e-13 -4.73664e-13 -6.6303e-13 6.27953e-15
Strain 0 0.000566667 0 0.000566667 0 0 0 0 0
Strain mean 4.17707e-20 0.000566667 -2.36832e-18 0.000566667 -1.25185e-32 -3.31515e-18 -2.36832e-18 -3.31515e-18 -1.25787e-33
Plastic strain_mean 3.67221e-18 0.000111718 0 0.000111718 -3.67221e-18 0 0 0 0
Plastic strain_rate_mean 0 0 0 0 0 0 0 0 0
Dissipation 0.00268442
End step 17
Begin step 18
Stress -1.41351e-12 91.4178 1.76592e-13 91.4178 1.41052e-12 4.42212e-13 1.76592e-13 4.42212e-13 -8.99571e-16
Strain 0 0.0006 0 0.0006 0 0 0 0 0
Strain mean -5.98384e-21 0.0006 8.82961e-19 0.0006 5.66946e-33 2.21106e-18 8.82961e-19 2.21106e-18 -1.1375e-33
Plastic strain_mean 7.05708e-18 0.000142911 0 0.000142911 -7.05708e-18 0 0 0 0
Plastic strain_rate_mean 0 0 0 0 0 0 0 0 0
Dissipation 0.00284993
End step 18
Begin step 19
Stress -5.11765e-13 91.6593 7.79827e-14 91.6593 4.8393e-13 2.14173e-12 7.79827e-14 2.14173e-12 -8.35815e-15
Strain 0 0.000633333 0 0.000633333 0 0 0 0 0
Strain mean -5.55974e-20 0.000633333 3.89913e-19 0.000633333 -3.62316e-33 1.07086e-17 3.89913e-19 1.07086e-17 6.87316e-33
Plastic strain_mean 2.46144e-18 0.000175037 0 0.000175037 -2.46144e-18 0 0 0 0
Plastic strain_rate_mean 0 0 0 0 0 0 0 0 0
Dissipation 0.00294265
End step 19
Begin step 20
Stress 4.52249e-12 91.7997 2.39645e-12 91.7997 -4.4535e-12 1.53949e-12 2.39645e-12 1.53949e-12 2.07163e-14
Strain 0 0.000666667 0 0.000666667 0 0 0 0 0
Strain mean 1.37803e-19 0.000666667 1.19823e-17 0.000666667 -3.73149e-33 7.69747e-18 1.19823e-17 7.69747e-18 -7.94446e-34
Plastic strain_mean -2.23711e-17 0.000207668 0 0.000207668 2.23711e-17 0 0 0 0
Plastic strain_rate_mean 0 0 0 0 0 0 0 0 0
Dissipation 0.00299323
End step 20
Begin step 21
Stress 2.82724e-12 91.886 8.23134e-13 91.886 -2.84976e-12 2.90453e-13 8.23134e-13 2.90453e-13 -6.75988e-15
Strain 0 0.0007 0 0.0007 0 0 0 0 0
Strain mean -4.49659e-20 0.0007 4.11567e-18 0.0007 -1.3222e-33 1.45226e-18 4.11567e-18 1.45226e-18 -3.79167e-34
Plastic strain_mean -1.4215e-17 0.00024057 0 0.00024057 1.4215e-17 0 0 0 0
Plastic strain_rate_mean 0 0 0 0 0 0 0 0 0
Dissipation 0.00302056
End step 21
Begin step 22
Stress 2.79241e-12 91.9435 2.1773e-13 91.9435 -2.78973e-12 1.82288e-12 2.1773e-13 1.82288e-12 8.035e-16
Strain 0 0.000733333 0 0.000733333 0 0 0 0 0
Strain mean 5.34479e-21 0.000733333 1.08865e-18 0.000733333 -1.09297e-32 9.11438e-18 1.08865e-18 9.11438e-18 -9.2234e-34
Plastic strain_mean -1.39527e-17 0.000273616 0 0.000273616 1.39527e-17 0 0 0 0
Plastic strain_rate_mean 0 0 0 0 0 0 0 0 0
Dissipation 0.00303536
End step 22
Begin step 23
Stress 1.64205e-12 91.9858 -2.34807e-12 91.9858 -1.69814e-12 3.8028e-13 -2.34807e-12 3.8028e-13 -1.68429e-14
Strain 0 0.000766667 0 0.000766667 0 0 0 0 0
Strain mean -1.12037e-19 0.000766667 -1.17404e-17 0.000766667 7.4389e-33 1.9014e-18 -1.17404e-17 1.9014e-18 -1.04798e-33
Plastic strain_mean -8.40648e-18 0.000306738 0 0.000306738 8.40648e-18 0 0 0 0
Plastic strain_rate_mean 0 0 0 0 0 0 0 0 0
Dissipation 0.00304349
End step 23
Begin step 24
Stress -4.13587e-13 92.0199 2.18295e-12 92.0199 4.13994e-13 4.24654e-14 2.18295e-12 4.24654e-14 1.22272e-16
Strain 0 0.0008 0 0.0008 0 0 0 0 0
Strain mean 8.13338e-22 0.0008 1.09147e-17 0.0008 2.32075e-32 2.12327e-19 1.09147e-17 2.12327e-19 9.79516e-34
Plastic strain_mean 2.06936e-18 0.0003399 0 0.0003399 -2.06936e-18 0 0 0 0
Plastic strain_rate_mean 0 0 0 0 0 0 0 0 0
Dissipation 0.00304809
End step 24
Begin step 25
Stress -1.41403e-13 92.0497 5.86714e-13 92.0497 2.00652e-13 9.51887e-14 5.86714e-13 9.51887e-14 1.77905e-14
Strain 0 0.000833333 0 0.000833333 0 0 0 0 0
Strain mean 1.18341e-19 0.000833333 2.93357e-18 0.000833333 1.80556e-33 4.75944e-19 2.93357e-18 4.75944e-19 1.36621e-33
Plastic strain_mean 9.14306e-19 0.000373085 0 0.000373085 -9.14306e-19 0 0 0 0
Plastic strain_rate_mean 0 0 0 0 0 0 0 0 0
Dissipation 0.00305083
End step 25
Begin step 26
Stress -7.97339e-14 92.077 1.024e-12 92.077 1.09024e-13 6.25603e-13 1.024e-12 6.25603e-13 8.79483e-15
Strain 0 0.000866667 0 0.000866667 0 0 0 0 0
Strain mean 5.85022e-20 0.000866667 5.11999e-18 0.000866667 3.82779e-33 3.12802e-18 5.11999e-18 3.12802e-18 1.44445e-33
Plastic strain_mean 5.01146e-19 0.000406282 0 0.000406282 -5.01146e-19 0 0 0 0
Plastic strain_rate_mean 0 0 0 0 0 0 0 0 0
Dissipation 0.00305259
End step 26
Begin step 27
Stress 1.29357e-13 92.1029 7.02385e-13 92.1029 -2.33604e-15 7.03762e-13 7.02385e-13 7.03762e-13 3.814e-14
Strain 0 0.0009 0 0.0009 0 0 0 0 0
Strain mean 2.53703e-19 0.0009 3.51192e-18 0.0009 -1.9813e-32 3.51881e-18 3.51192e-18 3.51881e-18 1.60319e-33
Plastic strain_mean -2.0238e-19 0.000439485 0 0.000439485 2.0238e-19 0 0 0 0
Plastic strain_rate_mean 0 0 0 0 0 0 0 0 0
Dissipation 0.00305384
End step 27
Begin step 28
Stress 1.62488e-12 92.1281 -2.02713e-12 92.1281 -1.65036e-12 -2.49199e-13 -2.02713e-12 -2.49199e-13 -7.65072e-15
Strain 0 0.000933333 0 0.000933333 0 0 0 0 0
Strain mean -5.08917e-20 0.000933333 -1.01356e-17 0.000933333 2.47001e-32 -1.24599e-18 -1.01356e-17 -1.24599e-18 -8.92247e-34
Plastic strain_mean -8.21353e-18 0.000472693 0 0.000472693 8.21353e-18 0 0 0 0
Plastic strain_rate_mean 0 0 0 0 0 0 0 0 0
Dissipation 0.00305481
End step 28
Begin step 29
Stress 2.04284e-12 92.1527 -1.45744e-12 92.1527 -1.97944e-12 -7.97998e-14 -1.45744e-12 -7.97998e-14 1.90351e-14
Strain 0 0.000966667 0 0.000966667 0 0 0 0 0
Strain mean 1.26619e-19 0.000966667 -7.28721e-18 0.000966667 2.87445e-32 -3.98999e-19 -7.28721e-18 -3.98999e-19 -1.55729e-34
Plastic strain_mean -9.99239e-18 0.000505903 0 0.000505903 9.99239e-18 0 0 0 0
Plastic strain_rate_mean 0 0 0 0 0 0 0 0 0
Dissipation 0.00305563
End step 29
Begin step 30
Stress 1.79835e-12 92.177 -1.25702e-12 92.177 -1.75304e-12 -1.20915e-13 -1.25702e-12 -1.20915e-13 1.36071e-14
Strain 0 0.001 0 0.001 0 0 0 0 0
Strain mean 9.05128e-20 0.001 -6.2851e-18 0.001 -3.47149e-32 -6.04575e-19 -6.2851e-18 -6.04575e-19 -1.50275e-34
Plastic strain_mean -8.83321e-18 0.000539115 0 0.000539115 8.83321e-18 0 0 0 0
Plastic strain_rate_mean 0 0 0 0 0 0 0 0 0
Dissipation 0.00305637
End step 30
