Begin step 0
Stress 0 0 0 0 0 0 0 0 0
Strain 0 0 0 0 0 0 0 0 0
Strain mean 0 0 0 0 0 0 0 0 0
Plastic strain_mean 0 0 0 0 0 0 0 0 0
Plastic strain_rate_mean 0 0 0 0 0 0 0 0 0
Dissipation 0
End step 0
Begin step 1
Stress -5.87659e-13 48.1064 1.25298e-13 48.1064 5.6055e-13 -2.58792e-13 1.25298e-13 -2.58792e-13 -8.1398e-15
Strain 0 0.000333333 0 0.000333333 0 0 0 0 0
Strain mean -5.4145e-20 0.000333333 6.2649e-19 0.000333333 -1.14352e-32 -1.29396e-18 6.2649e-19 -1.29396e-18 -1.84167e-33
Plastic strain_mean 2.84345e-18 9.28014e-05 0 9.28014e-05 -2.84345e-18 0 0 0 0
Plastic strain_rate_mean 0 0 0 0 0 0 0 0 0
Dissipation 0.00446123
End step 1
Begin step 2
Stress 2.73573e-13 75.7986 8.26748e-13 75.7986 -1.92117e-13 2.39673e-12 8.26748e-13 2.39673e-12 2.44587e-14
Strain 0 0.000666667 0 0.000666667 0 0 0 0 0
Strain mean 1.62697e-19 0.000666667 4.13374e-18 0.000666667 1.17361e-33 1.19836e-17 4.13374e-18 1.19836e-17 7.26738e-34
Plastic strain_mean -1.08288e-18 0.000287674 0 0.000287674 1.08288e-18 0 0 0 0
Plastic strain_rate_mean 0 0 0 0 0 0 0 0 0
Dissipation 0.0147477
End step 2
Begin step 3
Stress -3.89701e-12 84.8397 -1.85349e-12 84.8397 3.88689e-12 -4.32954e-12 -1.85349e-12 -4.32954e-12 -3.03933e-15
Strain 0 0.001 0 0.001 0 0 0 0 0
Strain mean -2.02172e-20 0.001 -9.26744e-18 0.001 1.03519e-33 -2.16477e-17 -9.26744e-18 -2.16477e-17 3.76158e-33
Plastic strain_mean 1.94497e-17 0.000575802 0 0.000575802 -1.94497e-17 0 0 0 0
Plastic strain_rate_mean 0 0 0 0 0 0 0 0 0
Dissipation 0.0243791
End step 3
Begin step 4
Stress 2.42973e-12 87.0877 9.20754e-13 87.0877 -2.43691e-12 1.07409e-11 9.20754e-13 1.07409e-11 -2.15722e-15
Strain 0 0.00133333 0 0.00133333 0 0 0 0 0
Strain mean -1.43496e-20 0.00133333 4.60377e-18 0.00133333 -2.05947e-33 5.37047e-17 4.60377e-18 5.37047e-17 4.10539e-33
Plastic strain_mean -1.21738e-17 0.000897895 0 0.000897895 1.21738e-17 0 0 0 0
Plastic strain_rate_mean 0 0 0 0 0 0 0 0 0
Dissipation 0.0279464
End step 4
Begin step 5
Stress 7.31336e-13 87.7397 -1.35206e-12 87.7397 -7.28776e-13 7.34349e-12 -1.35206e-12 7.34349e-12 7.68565e-16
Strain 0 0.00166667 0 0.00166667 0 0 0 0 0
Strain mean 5.11241e-21 0.00166667 -6.76028e-18 0.00166667 -2.92501e-33 3.67175e-17 -6.76028e-18 3.67175e-17 5.07964e-33
Plastic strain_mean -3.64773e-18 0.00122797 0 0.00122797 3.64773e-18 0 0 0 0
Plastic strain_rate_mean 0 0 0 0 0 0 0 0 0
Dissipation 0.0288271
End step 5
Begin step 6
Stress -1.17521e-12 88.0533 -3.52089e-12 88.0533 1.11363e-12 -3.49679e-13 -3.52089e-12 -3.49679e-13 -1.84892e-14
Strain 0 0.002 0 0.002 0 0 0 0 0
Strain mean -1.22988e-19 0.002 -1.76044e-17 0.002 -8.57641e-34 -1.74839e-18 -1.76044e-17 -1.74839e-18 3.88421e-33
Plastic strain_mean 5.66062e-18 0.00155973 0 0.00155973 -5.66062e-18 0 0 0 0
Plastic strain_rate_mean 0 0 0 0 0 0 0 0 0
Dissipation 0.0290553
End step 6
Begin step 7
Stress -4.8566e-13 88.2925 -4.70291e-12 88.2925 7.6108e-13 1.56546e-13 -4.70291e-12 1.56546e-13 8.26994e-14
Strain 0 0.00233333 0 0.00233333 0 0 0 0 0
Strain mean 5.50107e-19 0.00233333 -2.35146e-17 0.00233333 4.39353e-34 7.82728e-19 -2.35146e-17 7.82728e-19 3.02168e-33
Plastic strain_mean 3.3919e-18 0.00189187 0 0.00189187 -3.3919e-18 0 0 0 0
Plastic strain_rate_mean 0 0 0 0 0 0 0 0 0
Dissipation 0.0291459
End step 7
Begin step 8
Stress -4.95982e-13 88.5119 -3.92052e-12 88.5119 6.36063e-13 2.25656e-13 -3.92052e-12 2.25656e-13 4.20615e-14
Strain 0 0.00266667 0 0.00266667 0 0 0 0 0
Strain mean 2.79788e-19 0.00266667 -1.96026e-17 0.00266667 1.26389e-34 1.12828e-18 -1.96026e-17 1.12828e-18 1.79954e-33
Plastic strain_mean 2.97001e-18 0.00222411 0 0.00222411 -2.97001e-18 0 0 0 0
Plastic strain_rate_mean 0 0 0 0 0 0 0 0 0
Dissipation 0.0292077
End step 8
Begin step 9
Stress -3.64278e-13 88.7238 -3.27558e-12 88.7238 4.2251e-13 2.56194e-13 -3.27558e-12 2.56194e-13 1.74849e-14
Strain 0 0.003 0 0.003 0 0 0 0 0
Strain mean 1.16307e-19 0.003 -1.63779e-17 0.003 -6.28936e-34 1.28097e-18 -1.63779e-17 1.28097e-18 2.42772e-33
Plastic strain_mean 2.02512e-18 0.00255638 0 0.00255638 -2.02512e-18 0 0 0 0
Plastic strain_rate_mean 0 0 0 0 0 0 0 0 0
Dissipation 0.029263
End step 9
Begin step 10
Stress -4.27565e-13 88.9314 -2.71559e-12 88.9314 2.92778e-13 2.72711e-13 -2.71559e-12 2.72711e-13 -4.04719e-14
Strain 0 0.00333333 0 0.00333333 0 0 0 0 0
Strain mean -2.69215e-19 0.00333333 -1.35779e-17 0.00333333 -6.37964e-34 1.36355e-18 -1.35779e-17 1.36355e-18 1.38878e-33
Plastic strain_mean 1.66625e-18 0.00288868 0 0.00288868 -1.66625e-18 0 0 0 0
Plastic strain_rate_mean 0 0 0 0 0 0 0 0 0
Dissipation 0.0293165
End step 10
Begin step 11
Stress 6.33977e-13 89.1358 -5.41854e-12 89.1358 -9.24289e-13 2.40156e-14 -5.41854e-12 2.40156e-14 -8.7171e-14
Strain 0 0.00366667 0 0.00366667 0 0 0 0 0
Strain mean -5.79852e-19 0.00366667 -2.70927e-17 0.00366667 1.31204e-33 1.20078e-19 -2.70927e-17 1.20078e-19 -2.63461e-33
Plastic strain_mean -4.18559e-18 0.00322099 0 0.00322099 4.18559e-18 0 0 0 0
Plastic strain_rate_mean 0 0 0 0 0 0 0 0 0
Dissipation 0.0293691
End step 11
Begin step 12
Stress 6.91811e-13 89.3378 -4.66627e-12 89.3378 -6.84656e-13 2.31069e-13 -4.66627e-12 2.31069e-13 2.14849e-15
Strain 0 0.004 0 0.004 0 0 0 0 0
Strain mean 1.42915e-20 0.004 -2.33313e-17 0.004 3.51482e-33 1.15535e-18 -2.33313e-17 1.15535e-18 -8.83219e-34
Plastic strain_mean -3.43402e-18 0.00355331 0 0.00355331 3.43402e-18 0 0 0 0
Plastic strain_rate_mean 0 0 0 0 0 0 0 0 0
Dissipation 0.0294214
End step 12
Begin step 13
Stress 4.5961e-13 89.5377 -3.9009e-12 89.5377 -6.41924e-13 3.31383e-13 -3.9009e-12 3.31383e-13 -5.47428e-14
Strain 0 0.00433333 0 0.00433333 0 0 0 0 0
Strain mean -3.64143e-19 0.00433333 -1.95045e-17 0.00433333 -2.70834e-35 1.65692e-18 -1.95045e-17 1.65692e-18 -1.67165e-33
Plastic strain_mean -2.9359e-18 0.00388564 0 0.00388564 2.9359e-18 0 0 0 0
Plastic strain_rate_mean 0 0 0 0 0 0 0 0 0
Dissipation 0.0294733
End step 13
Begin step 14
Stress 5.6095e-13 89.7359 -3.36098e-12 89.7359 -3.70608e-13 3.94685e-13 -3.36098e-12 3.94685e-13 5.71533e-14
Strain 0 0.00466667 0 0.00466667 0 0 0 0 0
Strain mean 3.80177e-19 0.00466667 -1.68049e-17 0.00466667 -3.40649e-33 1.97343e-18 -1.68049e-17 1.97343e-18 -7.05673e-34
Plastic strain_mean -2.13881e-18 0.00421799 0 0.00421799 2.13881e-18 0 0 0 0
Plastic strain_rate_mean 0 0 0 0 0 0 0 0 0
Dissipation 0.0295249
End step 14
Begin step 15
Stress 4.99606e-13 89.9325 -2.91025e-12 89.9325 -1.01411e-13 3.96111e-13 -2.91025e-12 3.96111e-13 1.19564e-13
Strain 0 0.005 0 0.005 0 0 0 0 0
Strain mean 7.95328e-19 0.005 -1.45512e-17 0.005 2.08542e-33 1.98055e-18 -1.45512e-17 1.98055e-18 -5.80788e-34
Plastic strain_mean -1.10488e-18 0.00455034 0 0.00455034 1.10488e-18 0 0 0 0
Plastic strain_rate_mean 0 0 0 0 0 0 0 0 0
Dissipation 0.0295764
End step 15
Begin step 16
Stress -1.48994e-13 90.128 -2.62004e-12 90.128 -4.31223e-13 3.9003e-13 -2.62004e-12 3.9003e-13 -1.7422e-13
Strain 0 0.00533333 0 0.00533333 0 0 0 0 0
Strain mean -1.15889e-18 0.00533333 -1.31002e-17 0.00533333 -1.35718e-33 1.95015e-18 -1.31002e-17 1.95015e-18 -5.9433e-34
Plastic strain_mean -1.28502e-18 0.00488269 0 0.00488269 1.28502e-18 0 0 0 0
Plastic strain_rate_mean 0 0 0 0 0 0 0 0 0
Dissipation 0.0296278
End step 16
Begin step 17
Stress 7.91598e-13 90.3223 -2.03531e-12 90.3223 -1.11382e-13 3.63992e-13 -2.03531e-12 3.63992e-13 2.04246e-13
Strain 0 0.00566667 0 0.00566667 0 0 0 0 0
Strain mean 1.35862e-18 0.00566667 -1.01765e-17 0.00566667 7.13196e-34 1.81996e-18 -1.01765e-17 1.81996e-18 -3.2801e-34
Plastic strain_mean -1.57814e-18 0.00521506 0 0.00521506 1.57814e-18 0 0 0 0
Plastic strain_rate_mean 0 0 0 0 0 0 0 0 0
Dissipation 0.029679
End step 17
Begin step 18
Stress -3.97314e-13 90.5156 -1.83855e-12 90.5156 -2.57248e-13 3.16547e-13 -1.83855e-12 3.16547e-13 -1.96543e-13
Strain 0 0.006 0 0.006 0 0 0 0 0
Strain mean -1.30738e-18 0.006 -9.19277e-18 0.006 -2.34629e-34 1.58274e-18 -9.19277e-18 1.58274e-18 -3.6036e-34
Plastic strain_mean -3.03527e-19 0.00554742 0 0.00554742 3.03527e-19 0 0 0 0
Plastic strain_rate_mean 0 0 0 0 0 0 0 0 0
Dissipation 0.0297301
End step 18
Begin step 19
Stress 2.89169e-13 90.708 -1.79593e-12 90.708 -7.91064e-14 3.013e-13 -1.79593e-12 3.013e-13 6.30747e-14
Strain 0 0.00633333 0 0.00633333 0 0 0 0 0
Strain mean 4.19566e-19 0.00633333 -8.97966e-18 0.00633333 1.46702e-33 1.5065e-18 -8.97966e-18 1.5065e-18 -5.16841e-34
Plastic strain_mean -7.10906e-19 0.00587979 0 0.00587979 7.10906e-19 0 0 0 0
Plastic strain_rate_mean 0 0 0 0 0 0 0 0 0
Dissipation 0.0297812
End step 19
Begin step 20
Stress -3.63959e-13 90.8996 -1.33303e-12 90.8996 -1.28417e-13 2.56329e-13 -1.33303e-12 2.56329e-13 -1.47844e-13
Strain 0 0.00666667 0 0.00666667 0 0 0 0 0
Strain mean -9.83441e-19 0.00666667 -6.66515e-18 0.00666667 -1.52344e-34 1.28164e-18 -6.66515e-18 1.28164e-18 -3.0845e-35
Plastic strain_mean 9.71357e-20 0.00621217 0 0.00621217 -9.71357e-20 0 0 0 0
Plastic strain_rate_mean 0 0 0 0 0 0 0 0 0
Dissipation 0.0298321
End step 20
Begin step 21
Stress 7.87311e-14 91.0906 -1.29331e-13 91.0906 4.26676e-13 -4.78071e-13 -1.29331e-13 -4.78071e-13 1.51757e-13
Strain 0 0.007 0 0.007 0 0 0 0 0
Strain mean 1.00947e-18 0.007 -6.46657e-19 0.007 -5.78907e-34 -2.39036e-18 -6.46657e-19 -2.39036e-18 1.1676e-33
Plastic strain_mean 1.3746e-18 0.00654455 0 0.00654455 -1.3746e-18 0 0 0 0
Plastic strain_rate_mean 0 0 0 0 0 0 0 0 0
Dissipation 0.0298831
End step 21
Begin step 22
Stress -1.70132e-14 91.2809 -7.15594e-14 91.2809 3.15092e-13 -5.20029e-13 -7.15594e-14 -5.20029e-13 8.95029e-14
Strain 0 0.00733333 0 0.00733333 0 0 0 0 0
Strain mean 5.95363e-19 0.00733333 -3.57797e-19 0.00733333 -3.74654e-34 -2.60015e-18 -3.57797e-19 -2.60015e-18 1.73334e-33
Plastic strain_mean 1.12794e-18 0.00687693 0 0.00687693 -1.12794e-18 0 0 0 0
Plastic strain_rate_mean 0 0 0 0 0 0 0 0 0
Dissipation 0.029934
End step 22
Begin step 23
Stress 1.77715e-13 91.4707 -5.48522e-13 91.4707 2.85168e-13 -5.56745e-13 -5.48522e-13 -5.56745e-13 1.38988e-13
Strain 0 0.00766667 0 0.00766667 0 0 0 0 0
Strain mean 9.24532e-19 0.00766667 -2.74261e-18 0.00766667 -1.77471e-33 -2.78372e-18 -2.74261e-18 -2.78372e-18 1.45648e-33
Plastic strain_mean 7.309e-19 0.00720931 0 0.00720931 -7.309e-19 0 0 0 0
Plastic strain_rate_mean 0 0 0 0 0 0 0 0 0
Dissipation 0.0299848
End step 23
Begin step 24
Stress -5.05492e-13 91.66 -1.2009e-13 91.66 1.7187e-13 -5.80497e-13 -1.2009e-13 -5.80497e-13 -1.00175e-13
Strain 0 0.008 0 0.008 0 0 0 0 0
Strain mean -6.66356e-19 0.008 -6.00451e-19 0.008 3.897e-34 -2.90249e-18 -6.00451e-19 -2.90249e-18 6.25927e-34
Plastic strain_mean 1.36023e-18 0.0075417 0 0.0075417 -1.36023e-18 0 0 0 0
Plastic strain_rate_mean 0 0 0 0 0 0 0 0 0
Dissipation 0.0300357
End step 24
Begin step 25
Stress -4.29644e-13 91.8488 -2.24577e-13 91.8488 3.91869e-14 -5.8086e-13 -2.24577e-13 -5.8086e-13 -1.17241e-13
Strain 0 0.00833333 0 0.00833333 0 0 0 0 0
Strain mean -7.79875e-19 0.00833333 -1.12288e-18 0.00833333 3.00927e-35 -2.9043e-18 -1.12288e-18 -2.9043e-18 8.42594e-35
Plastic strain_mean 7.8214e-19 0.00787409 0 0.00787409 -7.8214e-19 0 0 0 0
Plastic strain_rate_mean 0 0 0 0 0 0 0 0 0
Dissipation 0.0300865
End step 25
Begin step 26
Stress -5.07528e-14 92.0372 -1.25747e-14 92.0372 2.02061e-13 -5.86297e-13 -1.25747e-14 -5.86297e-13 4.54327e-14
Strain 0 0.00866667 0 0.00866667 0 0 0 0 0
Strain mean 3.02213e-19 0.00866667 -6.28733e-20 0.00866667 -3.44561e-34 -2.93149e-18 -6.28733e-20 -2.93149e-18 3.49075e-34
Plastic strain_mean 7.83141e-19 0.00820648 0 0.00820648 -7.83141e-19 0 0 0 0
Plastic strain_rate_mean 0 0 0 0 0 0 0 0 0
Dissipation 0.0301373
End step 26
Begin step 27
Stress -1.21567e-12 92.2252 -2.62456e-13 92.2252 9.53711e-14 -5.80513e-13 -2.62456e-13 -5.80513e-13 -3.36387e-13
Strain 0 0.009 0 0.009 0 0 0 0 0
Strain mean -2.23761e-18 0.009 -1.31228e-18 0.009 -1.14653e-33 -2.90257e-18 -1.31228e-18 -2.90257e-18 7.82409e-34
Plastic strain_mean 2.15879e-18 0.00853887 0 0.00853887 -2.15879e-18 0 0 0 0
Plastic strain_rate_mean 0 0 0 0 0 0 0 0 0
Dissipation 0.0301881
End step 27
Begin step 28
Stress -8.42768e-13 92.4128 -5.40616e-13 92.4128 2.34279e-13 -5.5628e-13 -5.40616e-13 -5.5628e-13 -1.82709e-13
Strain 0 0.00933333 0 0.00933333 0 0 0 0 0
Strain mean -1.21536e-18 0.00933333 -2.70308e-18 0.00933333 3.83305e-34 -2.7814e-18 -2.70308e-18 -2.7814e-18 1.15255e-33
Plastic strain_mean 2.08494e-18 0.00887127 0 0.00887127 -2.08494e-18 0 0 0 0
Plastic strain_rate_mean 0 0 0 0 0 0 0 0 0
Dissipation 0.0302389
End step 28
Begin step 29
Stress -1.32255e-12 92.6001 -4.85739e-13 92.6001 5.08865e-14 -5.30279e-13 -4.85739e-13 -5.30279e-13 -3.81837e-13
Strain 0 0.00966667 0 0.00966667 0 0 0 0 0
Strain mean -2.53994e-18 0.00966667 -2.4287e-18 0.00966667 1.4294e-34 -2.65139e-18 -2.4287e-18 -2.65139e-18 7.70372e-34
Plastic strain_mean 2.16362e-18 0.00920367 0 0.00920367 -2.16362e-18 0 0 0 0
Plastic strain_rate_mean 0 0 0 0 0 0 0 0 0
Dissipation 0.0302896
End step 29
Begin step 30
Stress -1.01259e-12 92.7872 -4.25233e-13 92.7872 -4.77287e-14 -5.41429e-13 -4.25233e-13 -5.41429e-13 -3.18378e-13
Strain 0 0.01 0 0.01 0 0 0 0 0
Strain mean -2.11781e-18 0.01 -2.12616e-18 0.01 -6.96645e-34 -2.70715e-18 -2.12616e-18 -2.70715e-18 8.03474e-34
Plastic strain_mean 1.35325e-18 0.00953606 0 0.00953606 -1.35325e-18 0 0 0 0
Plastic strain_rate_mean 0 0 0 0 0 0 0 0 0
Dissipation 0.0303404
End step 30
