Begin step 0
Stress 0 0 0 0 0 0 0 0 0
Strain 0 0 0 0 0 0 0 0 0
Strain mean 0 0 0 0 0 0 0 0 0
Plastic strain_mean 0 0 0 0 0 0 0 0 0
Plastic strain_rate_mean 0 0 0 0 0 0 0 0 0
Dissipation 0
End step 0
Begin step 1
Stress 2.68676e-12 3.37373 -1.15461e-12 3.37373 -2.72372e-12 2.40861e-12 -1.15461e-12 2.40861e-12 -1.10962e-14
Strain 0 0.000333333 0 0.000333333 0 0 0 0 0
Strain mean -7.38104e-20 0.000333333 -5.77305e-18 0.000333333 9.00372e-33 1.2043e-17 -5.77305e-18 1.2043e-17 -2.94758e-33
Plastic strain_mean -1.35631e-17 0.000316465 0 0.000316465 1.35631e-17 0 0 0 0
Plastic strain_rate_mean 0 0 0 0 0 0 0 0 0
Dissipation 0.00104526
End step 1
Begin step 2
Stress 2.46855e-12 3.6171 -5.79686e-13 3.6171 -2.4904e-12 -1.95122e-12 -5.79686e-13 -1.95122e-12 -6.56119e-15
Strain 0 0.000666667 0 0.000666667 0 0 0 0 0
Strain mean -4.36443e-20 0.000666667 -2.89843e-18 0.000666667 4.65112e-32 -9.75611e-18 -2.89843e-18 -9.75611e-18 6.31946e-35
Plastic strain_mean -1.24192e-17 0.000648581 0 0.000648581 1.24192e-17 0 0 0 0
Plastic strain_rate_mean 0 0 0 0 0 0 0 0 0
Dissipation 0.00116184
End step 2
Begin step 3
Stress 2.29411e-12 3.69618 1.48326e-12 3.69618 -2.38922e-12 -1.33213e-13 1.48326e-12 -1.33213e-13 -2.85592e-14
Strain 0 0.001 0 0.001 0 0 0 0 0
Strain mean -1.89972e-19 0.001 7.41631e-18 0.001 -2.62889e-32 -6.66064e-19 7.41631e-18 -6.66064e-19 -3.06945e-34
Plastic strain_mean -1.18033e-17 0.000981519 0 0.000981519 1.18033e-17 0 0 0 0
Plastic strain_rate_mean 0 0 0 0 0 0 0 0 0
Dissipation 0.00117882
End step 3
Begin step 4
Stress -2.28796e-12 3.76038 -1.24219e-13 3.76038 2.20826e-12 -3.84905e-13 -1.24219e-13 -3.84905e-13 -2.39303e-14
Strain 0 0.00133333 0 0.00133333 0 0 0 0 0
Strain mean -1.59182e-19 0.00133333 -6.21093e-19 0.00133333 1.27954e-32 -1.92453e-18 -6.21093e-19 -1.92453e-18 4.03242e-34
Plastic strain_mean 1.1161e-17 0.00131453 0 0.00131453 -1.1161e-17 0 0 0 0
Plastic strain_rate_mean 0 0 0 0 0 0 0 0 0
Dissipation 0.00118991
End step 4
Begin step 5
Stress -1.91533e-12 3.81907 1.11171e-13 3.81907 1.85359e-12 1.09898e-12 1.11171e-13 1.09898e-12 -1.85395e-14
Strain 0 0.00166667 0 0.00166667 0 0 0 0 0
Strain mean -1.23322e-19 0.00166667 5.55857e-19 0.00166667 1.11704e-32 5.49492e-18 5.55857e-19 5.49492e-18 -5.08566e-34
Plastic strain_mean 9.36064e-18 0.00164757 0 0.00164757 -9.36064e-18 0 0 0 0
Plastic strain_rate_mean 0 0 0 0 0 0 0 0 0
Dissipation 0.0011999
End step 5
Begin step 6
Stress 1.31476e-12 3.87396 4.85645e-13 3.87396 -1.20158e-12 -8.47169e-13 4.85645e-13 -8.47169e-13 3.39828e-14
Strain 0 0.002 0 0.002 0 0 0 0 0
Strain mean 2.2605e-19 0.002 2.42823e-18 0.002 1.48056e-33 -4.23584e-18 2.42823e-18 -4.23584e-18 8.17016e-34
Plastic strain_mean -6.17781e-18 0.00198063 0 0.00198063 6.17781e-18 0 0 0 0
Plastic strain_rate_mean 0 0 0 0 0 0 0 0 0
Dissipation 0.00120915
End step 6
Begin step 7
Stress -1.58976e-12 3.92594 -3.41958e-13 3.92594 1.68381e-12 1.31085e-12 -3.41958e-13 1.31085e-12 2.82404e-14
Strain 0 0.00233333 0 0.00233333 0 0 0 0 0
Strain mean 1.87852e-19 0.00233333 -1.70979e-18 0.00233333 -3.4426e-33 6.55424e-18 -1.70979e-18 6.55424e-18 3.77663e-34
Plastic strain_mean 8.27784e-18 0.0023137 0 0.0023137 -8.27784e-18 0 0 0 0
Plastic strain_rate_mean 0 0 0 0 0 0 0 0 0
Dissipation 0.00121782
End step 7
Begin step 8
Stress 1.29954e-12 3.97563 4.10219e-13 3.97563 -1.02496e-12 -3.55508e-12 4.10219e-13 -3.55508e-12 8.24461e-14
Strain 0 0.00266667 0 0.00266667 0 0 0 0 0
Strain mean 5.48422e-19 0.00266667 2.0511e-18 0.00266667 -1.50463e-33 -1.77754e-17 2.0511e-18 -1.77754e-17 -3.46066e-33
Plastic strain_mean -5.53703e-18 0.00264679 0 0.00264679 5.53703e-18 0 0 0 0
Plastic strain_rate_mean 0 0 0 0 0 0 0 0 0
Dissipation 0.001226
End step 8
Begin step 9
Stress -1.44653e-12 4.02345 1.47148e-13 4.02345 1.55019e-12 9.10952e-13 1.47148e-13 9.10952e-13 3.11269e-14
Strain 0 0.003 0 0.003 0 0 0 0 0
Strain mean 2.07052e-19 0.003 7.35742e-19 0.003 -1.11463e-32 4.55476e-18 7.35742e-19 4.55476e-18 6.7558e-34
Plastic strain_mean 7.59533e-18 0.00297988 0 0.00297988 -7.59533e-18 0 0 0 0
Plastic strain_rate_mean 0 0 0 0 0 0 0 0 0
Dissipation 0.00123376
End step 9
Begin step 10
Stress 3.25726e-12 4.06973 8.83609e-13 4.06973 -3.18331e-12 -4.09612e-13 8.83609e-13 -4.09612e-13 2.22054e-14
Strain 0 0.00333333 0 0.00333333 0 0 0 0 0
Strain mean 1.47708e-19 0.00333333 4.41804e-18 0.00333333 -2.67704e-32 -2.04806e-18 4.41804e-18 -2.04806e-18 -2.93403e-33
Plastic strain_mean -1.60276e-17 0.00331298 0 0.00331298 1.60276e-17 0 0 0 0
Plastic strain_rate_mean 0 0 0 0 0 0 0 0 0
Dissipation 0.00124117
End step 10
Begin step 11
Stress -1.19516e-12 4.1147 4.27461e-13 4.1147 1.58166e-12 -5.83577e-13 4.27461e-13 -5.83577e-13 1.16053e-13
Strain 0 0.00366667 0 0.00366667 0 0 0 0 0
Strain mean 7.71974e-19 0.00366667 2.13731e-18 0.00366667 -8.52224e-33 -2.91789e-18 2.13731e-18 -2.91789e-18 -9.17074e-34
Plastic strain_mean 7.32805e-18 0.00364609 0 0.00364609 -7.32805e-18 0 0 0 0
Plastic strain_rate_mean 0 0 0 0 0 0 0 0 0
Dissipation 0.00124827
End step 11
Begin step 12
Stress 1.60455e-13 4.15855 -1.84568e-12 4.15855 -3.18729e-13 3.17459e-12 -1.84568e-12 3.17459e-12 -4.75244e-14
Strain 0 0.004 0 0.004 0 0 0 0 0
Strain mean -3.16127e-19 0.004 -9.22842e-18 0.004 -6.10038e-32 1.5873e-17 -9.22842e-18 1.5873e-17 4.63126e-33
Plastic strain_mean -1.35602e-18 0.00397921 0 0.00397921 1.35602e-18 0 0 0 0
Plastic strain_rate_mean 0 0 0 0 0 0 0 0 0
Dissipation 0.0012551
End step 12
Begin step 13
Stress -1.1926e-12 4.20143 -1.65109e-12 4.20143 1.5837e-12 3.76081e-12 -1.65109e-12 3.76081e-12 1.17433e-13
Strain 0 0.00433333 0 0.00433333 0 0 0 0 0
Strain mean 7.81153e-19 0.00433333 -8.25544e-18 0.00433333 -8.1852e-34 1.88041e-17 -8.25544e-18 1.88041e-17 6.27733e-33
Plastic strain_mean 7.33133e-18 0.00431233 0 0.00431233 -7.33133e-18 0 0 0 0
Plastic strain_rate_mean 0 0 0 0 0 0 0 0 0
Dissipation 0.0012617
End step 13
Begin step 14
Stress -1.50111e-12 4.24346 -1.54145e-12 4.24346 1.9011e-12 3.1338e-12 -1.54145e-12 3.1338e-12 1.20106e-13
Strain 0 0.00466667 0 0.00466667 0 0 0 0 0
Strain mean 7.9893e-19 0.00466667 -7.70727e-18 0.00466667 5.60927e-33 1.5669e-17 -7.70727e-18 1.5669e-17 5.44677e-33
Plastic strain_mean 8.90499e-18 0.00464545 0 0.00464545 -8.90499e-18 0 0 0 0
Plastic strain_rate_mean 0 0 0 0 0 0 0 0 0
Dissipation 0.00126808
End step 14
Begin step 15
Stress -1.23754e-12 4.28474 -1.4922e-12 4.28474 7.2539e-13 2.29571e-12 -1.4922e-12 2.29571e-12 -1.53783e-13
Strain 0 0.005 0 0.005 0 0 0 0 0
Strain mean -1.02295e-18 0.005 -7.46099e-18 0.005 4.28519e-33 1.14785e-17 -7.46099e-18 1.14785e-17 4.12871e-33
Plastic strain_mean 4.39586e-18 0.00497858 0 0.00497858 -4.39586e-18 0 0 0 0
Plastic strain_rate_mean 0 0 0 0 0 0 0 0 0
Dissipation 0.00127426
End step 15
Begin step 16
Stress -4.92881e-14 4.32536 8.34011e-13 4.32536 -7.58822e-13 -6.80649e-13 8.34011e-13 -6.80649e-13 -2.42648e-13
Strain 0 0.00533333 0 0.00533333 0 0 0 0 0
Strain mean -1.61407e-18 0.00533333 4.17005e-18 0.00533333 -1.0063e-32 -3.40325e-18 4.17005e-18 -3.40325e-18 -9.18578e-34
Plastic strain_mean -2.58087e-18 0.00531171 0 0.00531171 2.58087e-18 0 0 0 0
Plastic strain_rate_mean 0 0 0 0 0 0 0 0 0
Dissipation 0.00128027
End step 16
Begin step 17
Stress -7.78547e-13 4.36538 -1.28779e-12 4.36538 1.51903e-12 2.03886e-12 -1.28779e-12 2.03886e-12 2.22342e-13
Strain 0 0.00566667 0 0.00566667 0 0 0 0 0
Strain mean 1.479e-18 0.00566667 -6.43893e-18 0.00566667 1.18264e-33 1.01943e-17 -6.43893e-18 1.01943e-17 2.80915e-33
Plastic strain_mean 6.48344e-18 0.00564484 0 0.00564484 -6.48344e-18 0 0 0 0
Plastic strain_rate_mean 0 0 0 0 0 0 0 0 0
Dissipation 0.00128611
End step 17
Begin step 18
Stress -2.23278e-12 4.40486 -1.14862e-12 4.40486 1.42394e-12 1.79623e-12 -1.14862e-12 1.79623e-12 -2.42867e-13
Strain 0 0.006 0 0.006 0 0 0 0 0
Strain mean -1.61552e-18 0.006 -5.74309e-18 0.006 -3.98427e-33 8.98114e-18 -5.74309e-18 8.98114e-18 2.41193e-33
Plastic strain_mean 8.33403e-18 0.00597798 0 0.00597798 -8.33403e-18 0 0 0 0
Plastic strain_rate_mean 0 0 0 0 0 0 0 0 0
Dissipation 0.0012918
End step 18
Begin step 19
Stress 7.43431e-13 4.44386 5.61665e-13 4.44386 1.86173e-13 8.65081e-14 5.61665e-13 8.65081e-14 2.79129e-13
Strain 0 0.00633333 0 0.00633333 0 0 0 0 0
Strain mean 1.85673e-18 0.00633333 2.80832e-18 0.00633333 -4.38149e-32 4.3254e-19 2.80832e-18 4.3254e-19 2.77755e-33
Plastic strain_mean -4.64778e-19 0.00631111 0 0.00631111 4.64778e-19 0 0 0 0
Plastic strain_rate_mean 0 0 0 0 0 0 0 0 0
Dissipation 0.00129735
End step 19
Begin step 20
Stress -8.09035e-13 4.48241 -7.47603e-13 4.48241 8.52199e-13 1.40915e-12 -7.47603e-13 1.40915e-12 1.29608e-14
Strain 0 0.00666667 0 0.00666667 0 0 0 0 0
Strain mean 8.62138e-20 0.00666667 -3.73801e-18 0.00666667 -7.39076e-33 7.04574e-18 -3.73801e-18 7.04574e-18 2.17344e-33
Plastic strain_mean 4.19619e-18 0.00664425 0 0.00664425 -4.19619e-18 0 0 0 0
Plastic strain_rate_mean 0 0 0 0 0 0 0 0 0
Dissipation 0.00130277
End step 20
Begin step 21
Stress -7.05932e-13 4.52056 -6.07575e-13 4.52056 6.50842e-13 1.40357e-12 -6.07575e-13 1.40357e-12 -1.65416e-14
Strain 0 0.007 0 0.007 0 0 0 0 0
Strain mean -1.10033e-19 0.007 -3.03788e-18 0.007 -2.18112e-32 7.01783e-18 -3.03788e-18 7.01783e-18 2.12003e-33
Plastic strain_mean 3.33692e-18 0.0069774 0 0.0069774 -3.33692e-18 0 0 0 0
Plastic strain_rate_mean 0 0 0 0 0 0 0 0 0
Dissipation 0.00130807
End step 21
Begin step 22
Stress -1.31109e-12 4.55834 -5.3017e-13 4.55834 7.68622e-13 1.35052e-12 -5.3017e-13 1.35052e-12 -1.62883e-13
Strain 0 0.00733333 0 0.00733333 0 0 0 0 0
Strain mean -1.08348e-18 0.00733333 -2.65085e-18 0.00733333 -5.36853e-33 6.7526e-18 -2.65085e-18 6.7526e-18 1.67014e-33
Plastic strain_mean 4.65753e-18 0.00731054 0 0.00731054 -4.65753e-18 0 0 0 0
Plastic strain_rate_mean 0 0 0 0 0 0 0 0 0
Dissipation 0.00131325
End step 22
Begin step 23
Stress 2.01747e-12 4.59579 -1.69548e-13 4.59579 -2.6787e-12 2.49522e-13 -1.69548e-13 2.49522e-13 -1.98543e-13
Strain 0 0.00766667 0 0.00766667 0 0 0 0 0
Strain mean -1.32069e-18 0.00766667 -8.47739e-19 0.00766667 -2.76852e-32 1.24761e-18 -8.47739e-19 1.24761e-18 2.80464e-33
Plastic strain_mean -1.24008e-17 0.00764369 0 0.00764369 1.24008e-17 0 0 0 0
Plastic strain_rate_mean 0 0 0 0 0 0 0 0 0
Dissipation 0.00131832
End step 23
Begin step 24
Stress 2.7038e-12 4.63292 3.54838e-13 4.63292 -2.81922e-12 4.93103e-13 3.54838e-13 4.93103e-13 -3.46553e-14
Strain 0 0.008 0 0.008 0 0 0 0 0
Strain mean -2.30523e-19 0.008 1.77419e-18 0.008 8.76298e-33 2.46552e-18 1.77419e-18 2.46552e-18 2.97315e-33
Plastic strain_mean -1.39228e-17 0.00797684 0 0.00797684 1.39228e-17 0 0 0 0
Plastic strain_rate_mean 0 0 0 0 0 0 0 0 0
Dissipation 0.00132328
End step 24
Begin step 25
Stress 1.23393e-12 4.66976 -2.08629e-13 4.66976 -8.70814e-13 1.14118e-13 -2.08629e-13 1.14118e-13 1.09031e-13
Strain 0 0.00833333 0 0.00833333 0 0 0 0 0
Strain mean 7.25265e-19 0.00833333 -1.04315e-18 0.00833333 1.09898e-32 5.70591e-19 -1.04315e-18 5.70591e-19 8.83219e-34
Plastic strain_mean -4.89923e-18 0.00830998 0 0.00830998 4.89923e-18 0 0 0 0
Plastic strain_rate_mean 0 0 0 0 0 0 0 0 0
Dissipation 0.00132815
End step 25
Begin step 26
Stress -7.6288e-13 4.70633 -4.32365e-13 4.70633 1.99184e-13 8.73477e-13 -4.32365e-13 8.73477e-13 -1.69259e-13
Strain 0 0.00866667 0 0.00866667 0 0 0 0 0
Strain mean -1.12589e-18 0.00866667 -2.16183e-18 0.00866667 -2.11852e-33 4.36738e-18 -2.16183e-18 4.36738e-18 1.11343e-33
Plastic strain_mean 1.84222e-18 0.00864314 0 0.00864314 -1.84222e-18 0 0 0 0
Plastic strain_rate_mean 0 0 0 0 0 0 0 0 0
Dissipation 0.00133293
End step 26
Begin step 27
Stress 1.35451e-12 4.74266 9.37764e-13 4.74266 -1.80189e-12 -1.16681e-12 9.37764e-13 -1.16681e-12 -1.34333e-13
Strain 0 0.009 0 0.009 0 0 0 0 0
Strain mean -8.93567e-19 0.009 4.68882e-18 0.009 -1.24704e-32 -5.83403e-18 4.68882e-18 -5.83403e-18 -2.22686e-34
Plastic strain_mean -8.33777e-18 0.00897629 0 0.00897629 8.33777e-18 0 0 0 0
Plastic strain_rate_mean 0 0 0 0 0 0 0 0 0
Dissipation 0.00133762
End step 27
Begin step 28
Stress 2.85812e-12 4.77876 3.00095e-13 4.77876 -2.99602e-12 5.50921e-13 3.00095e-13 5.50921e-13 -4.14064e-14
Strain 0 0.00933333 0 0.00933333 0 0 0 0 0
Strain mean -2.75431e-19 0.00933333 1.50047e-18 0.00933333 6.1052e-32 2.7546e-18 1.50047e-18 2.7546e-18 4.04596e-33
Plastic strain_mean -1.4773e-17 0.00930944 0 0.00930944 1.4773e-17 0 0 0 0
Plastic strain_rate_mean 0 0 0 0 0 0 0 0 0
Dissipation 0.00134222
End step 28
Begin step 29
Stress 4.33633e-13 4.81464 4.6755e-13 4.81464 -4.67839e-13 -1.04532e-12 4.6755e-13 -1.04532e-12 -1.02708e-14
Strain 0 0.00966667 0 0.00966667 0 0 0 0 0
Strain mean -6.83204e-20 0.00966667 2.33775e-18 0.00966667 3.22593e-33 -5.22662e-18 2.33775e-18 -5.22662e-18 -9.14817e-34
Plastic strain_mean -2.28784e-18 0.00964259 0 0.00964259 2.28784e-18 0 0 0 0
Plastic strain_rate_mean 0 0 0 0 0 0 0 0 0
Dissipation 0.00134674
End step 29
Begin step 30
Stress -2.45214e-12 4.85032 -1.0088e-12 4.85032 2.52427e-12 -1.22566e-12 -1.0088e-12 -1.22566e-12 2.16596e-14
Strain 0 0.01 0 0.01 0 0 0 0 0
Strain mean 1.44077e-19 0.01 -5.044e-18 0.01 -6.74075e-33 -6.12829e-18 -5.044e-18 -6.12829e-18 -6.28523e-33
Plastic strain_mean 1.25131e-17 0.00997575 0 0.00997575 -1.25131e-17 0 0 0 0
Plastic strain_rate_mean 0 0 0 0 0 0 0 0 0
Dissipation 0.00135118
End step 30
