Begin step 0
Stress 0 0 0 0 0 0 0 0 0
Strain 0 0 0 0 0 0 0 0 0
Strain mean 0 0 0 0 0 0 0 0 0
Plastic strain_mean 0 0 0 0 0 0 0 0 0
Plastic strain_rate_mean 0 0 0 0 0 0 0 0 0
Dissipation 0
End step 0
Begin step 1
Stress 9.46072e-15 66.2005 -3.19553e-12 66.2005 1.97276e-14 2.62124e-12 -3.19553e-12 2.62124e-12 8.76426e-15
Strain 0 0.000333333 0 0.000333333 0 0 0 0 0
Strain mean 5.82989e-20 0.000333333 -1.59776e-17 0.000333333 5.08927e-32 1.31062e-17 -1.59776e-17 1.31062e-17 -1.48959e-33
Plastic strain_mean 5.48166e-20 2.33089e-06 0 2.33089e-06 -5.48166e-20 0 0 0 0
Plastic strain_rate_mean 0 0 0 0 0 0 0 0 0
Dissipation 0.000154304
End step 1
Begin step 2
Stress 1.01379e-12 122.734 1.0227e-12 122.734 -1.03048e-12 1.71344e-12 1.0227e-12 1.71344e-12 -5.01314e-15
Strain 0 0.000666667 0 0.000666667 0 0 0 0 0
Strain mean -3.33468e-20 0.000666667 5.11348e-18 0.000666667 -2.49167e-33 8.56719e-18 5.11348e-18 8.56719e-18 2.12153e-33
Plastic strain_mean -5.12735e-18 5.29977e-05 0 5.29977e-05 5.12735e-18 0 0 0 0
Plastic strain_rate_mean 0 0 0 0 0 0 0 0 0
Dissipation 0.00621728
End step 2
Begin step 3
Stress 3.52554e-12 129.967 -4.52488e-12 129.967 -3.54206e-12 -9.51244e-13 -4.52488e-12 -9.51244e-13 -4.96074e-15
Strain 0 0.001 0 0.001 0 0 0 0 0
Strain mean -3.29983e-20 0.001 -2.26244e-17 0.001 3.32223e-33 -4.75622e-18 -2.26244e-17 -4.75622e-18 6.80696e-33
Plastic strain_mean -1.76855e-17 0.000350166 0 0.000350166 1.76855e-17 0 0 0 0
Plastic strain_rate_mean 0 0 0 0 0 0 0 0 0
Dissipation 0.0385961
End step 3
Begin step 4
Stress -4.61008e-12 130.465 2.37409e-12 130.465 4.48821e-12 3.88284e-13 2.37409e-12 3.88284e-13 -3.65942e-14
Strain 0 0.00133333 0 0.00133333 0 0 0 0 0
Strain mean -2.4342e-19 0.00133333 1.18704e-17 0.00133333 -1.12667e-32 1.94142e-18 1.18704e-17 1.94142e-18 -8.48989e-34
Plastic strain_mean 2.2624e-17 0.00068101 0 0.00068101 -2.2624e-17 0 0 0 0
Plastic strain_rate_mean 0 0 0 0 0 0 0 0 0
Dissipation 0.04312
End step 4
Begin step 5
Stress 1.98399e-12 130.735 -3.57534e-12 130.735 -1.98609e-12 -3.02207e-12 -3.57534e-12 -3.02207e-12 -6.28826e-16
Strain 0 0.00166667 0 0.00166667 0 0 0 0 0
Strain mean -4.18288e-21 0.00166667 -1.78767e-17 0.00166667 1.43482e-32 -1.51104e-17 -1.78767e-17 -1.51104e-17 6.49249e-34
Plastic strain_mean -9.92729e-18 0.00101299 0 0.00101299 9.92729e-18 0 0 0 0
Plastic strain_rate_mean 0 0 0 0 0 0 0 0 0
Dissipation 0.0433453
End step 5
Begin step 6
Stress -2.99232e-12 130.995 2.05295e-12 130.995 2.77469e-12 1.59884e-12 2.05295e-12 1.59884e-12 -6.53455e-14
Strain 0 0.002 0 0.002 0 0 0 0 0
Strain mean -4.34671e-19 0.002 1.02647e-17 0.002 1.8838e-32 7.99421e-18 1.02647e-17 7.99421e-18 8.72687e-34
Plastic strain_mean 1.42002e-17 0.00134502 0 0.00134502 -1.42002e-17 0 0 0 0
Plastic strain_rate_mean 0 0 0 0 0 0 0 0 0
Dissipation 0.0434264
End step 6
Begin step 7
Stress 1.51349e-12 131.254 8.05733e-13 131.254 -1.58626e-12 -1.91878e-12 8.05733e-13 -1.91878e-12 -2.18517e-14
Strain 0 0.00233333 0 0.00233333 0 0 0 0 0
Strain mean -1.45355e-19 0.00233333 4.02866e-18 0.00233333 -2.64815e-33 -9.59392e-18 4.02866e-18 -9.59392e-18 -3.49075e-33
Plastic strain_mean -7.82204e-18 0.00167706 0 0.00167706 7.82204e-18 0 0 0 0
Plastic strain_rate_mean 0 0 0 0 0 0 0 0 0
Dissipation 0.0435025
End step 7
Begin step 8
Stress 7.57447e-14 131.512 1.28808e-12 131.512 -7.4494e-14 3.60553e-13 1.28808e-12 3.60553e-13 3.75549e-16
Strain 0 0.00266667 0 0.00266667 0 0 0 0 0
Strain mean 2.49811e-21 0.00266667 6.44042e-18 0.00266667 8.95557e-33 1.80277e-18 6.44042e-18 1.80277e-18 4.21297e-35
Plastic strain_mean -3.74348e-19 0.0020091 0 0.0020091 3.74348e-19 0 0 0 0
Plastic strain_rate_mean 0 0 0 0 0 0 0 0 0
Dissipation 0.0435781
End step 8
Begin step 9
Stress -8.46396e-13 131.77 -6.0724e-13 131.77 8.36856e-13 4.64801e-13 -6.0724e-13 4.64801e-13 -2.86465e-15
Strain 0 0.003 0 0.003 0 0 0 0 0
Strain mean -1.90553e-20 0.003 -3.0362e-18 0.003 -4.69144e-33 2.32401e-18 -3.0362e-18 2.32401e-18 -4.00985e-34
Plastic strain_mean 4.1986e-18 0.00234115 0 0.00234115 -4.1986e-18 0 0 0 0
Plastic strain_rate_mean 0 0 0 0 0 0 0 0 0
Dissipation 0.0436535
End step 9
Begin step 10
Stress 2.59063e-12 132.028 -4.63523e-12 132.028 -2.84752e-12 -1.65052e-12 -4.63523e-12 -1.65052e-12 -7.7136e-14
Strain 0 0.00333333 0 0.00333333 0 0 0 0 0
Strain mean -5.131e-19 0.00333333 -2.31761e-17 0.00333333 9.77409e-33 -8.25261e-18 -2.31761e-17 -8.25261e-18 6.03659e-33
Plastic strain_mean -1.38519e-17 0.0026732 0 0.0026732 1.38519e-17 0 0 0 0
Plastic strain_rate_mean 0 0 0 0 0 0 0 0 0
Dissipation 0.043729
End step 10
Begin step 11
Stress 1.38105e-12 132.285 -4.77261e-12 132.285 -1.58629e-12 -2.08127e-12 -4.77261e-12 -2.08127e-12 -6.1625e-14
Strain 0 0.00366667 0 0.00366667 0 0 0 0 0
Strain mean -4.09922e-19 0.00366667 -2.38631e-17 0.00366667 -2.40741e-33 -1.04063e-17 -2.38631e-17 -1.04063e-17 7.18011e-33
Plastic strain_mean -7.62331e-18 0.00300524 0 0.00300524 7.62331e-18 0 0 0 0
Plastic strain_rate_mean 0 0 0 0 0 0 0 0 0
Dissipation 0.0438044
End step 11
Begin step 12
Stress 9.10403e-13 132.543 -3.39227e-12 132.543 -1.25467e-12 -1.63039e-12 -3.39227e-12 -1.63039e-12 -1.03372e-13
Strain 0 0.004 0 0.004 0 0 0 0 0
Strain mean -6.87619e-19 0.004 -1.69614e-17 0.004 6.25927e-34 -8.15195e-18 -1.69614e-17 -8.15195e-18 5.00441e-33
Plastic strain_mean -5.75649e-18 0.00333729 0 0.00333729 5.75649e-18 0 0 0 0
Plastic strain_rate_mean 0 0 0 0 0 0 0 0 0
Dissipation 0.0438799
End step 12
Begin step 13
Stress 6.59069e-13 132.8 2.08837e-12 132.8 -5.80593e-13 -2.66998e-13 2.08837e-12 -2.66998e-13 2.35635e-14
Strain 0 0.00433333 0 0.00433333 0 0 0 0 0
Strain mean 1.56742e-19 0.00433333 1.04419e-17 0.00433333 4.63427e-32 -1.33499e-18 1.04419e-17 -1.33499e-18 -1.35567e-33
Plastic strain_mean -3.02078e-18 0.00366933 0 0.00366933 3.02078e-18 0 0 0 0
Plastic strain_rate_mean 0 0 0 0 0 0 0 0 0
Dissipation 0.0439554
End step 13
Begin step 14
Stress 4.42314e-13 133.058 -2.23588e-12 133.058 1.00391e-14 -9.75655e-13 -2.23588e-12 -9.75655e-13 1.35826e-13
Strain 0 0.00466667 0 0.00466667 0 0 0 0 0
Strain mean 9.03502e-19 0.00466667 -1.11794e-17 0.00466667 -3.37038e-33 -4.87828e-18 -1.11794e-17 -4.87828e-18 2.58797e-34
Plastic strain_mean -6.28936e-19 0.00400138 0 0.00400138 6.28936e-19 0 0 0 0
Plastic strain_rate_mean 0 0 0 0 0 0 0 0 0
Dissipation 0.044031
End step 14
Begin step 15
Stress -5.40054e-13 133.316 8.29123e-13 133.316 8.78213e-13 -4.90497e-13 8.29123e-13 -4.90497e-13 1.01538e-13
Strain 0 0.005 0 0.005 0 0 0 0 0
Strain mean 6.75419e-19 0.005 4.14562e-18 0.005 -9.38891e-33 -2.45248e-18 4.14562e-18 -2.45248e-18 -7.88428e-34
Plastic strain_mean 3.88338e-18 0.00433342 0 0.00433342 -3.88338e-18 0 0 0 0
Plastic strain_rate_mean 0 0 0 0 0 0 0 0 0
Dissipation 0.0441066
End step 15
Begin step 16
Stress 2.83396e-12 133.574 1.38751e-12 133.574 -2.79454e-12 -2.11262e-12 1.38751e-12 -2.11262e-12 1.18342e-14
Strain 0 0.00533333 0 0.00533333 0 0 0 0 0
Strain mean 7.87195e-20 0.00533333 6.93755e-18 0.00533333 -5.87409e-33 -1.05631e-17 6.93755e-18 -1.05631e-17 -5.28126e-34
Plastic strain_mean -1.40319e-17 0.00466546 0 0.00466546 1.40319e-17 0 0 0 0
Plastic strain_rate_mean 0 0 0 0 0 0 0 0 0
Dissipation 0.0441822
End step 16
Begin step 17
Stress -2.23568e-12 133.832 5.34305e-14 133.832 1.91108e-12 2.02617e-12 5.34305e-14 2.02617e-12 -9.7468e-14
Strain 0 0.00566667 0 0.00566667 0 0 0 0 0
Strain mean -6.48346e-19 0.00566667 2.67152e-19 0.00566667 1.48507e-33 1.01309e-17 2.67152e-19 1.01309e-17 2.6632e-34
Plastic strain_mean 1.00427e-17 0.00499751 0 0.00499751 -1.00427e-17 0 0 0 0
Plastic strain_rate_mean 0 0 0 0 0 0 0 0 0
Dissipation 0.0442578
End step 17
Begin step 18
Stress -7.00661e-13 134.09 1.89996e-13 134.09 1.00805e-12 1.46471e-12 1.89996e-13 1.46471e-12 9.22977e-14
Strain 0 0.006 0 0.006 0 0 0 0 0
Strain mean 6.13954e-19 0.006 9.49982e-19 0.006 -3.27408e-33 7.32354e-18 9.49982e-19 7.32354e-18 8.3808e-34
Plastic strain_mean 4.57875e-18 0.00532955 0 0.00532955 -4.57875e-18 0 0 0 0
Plastic strain_rate_mean 0 0 0 0 0 0 0 0 0
Dissipation 0.0443335
End step 18
Begin step 19
Stress 2.35166e-12 134.348 -7.99152e-13 134.348 -2.30128e-12 8.57701e-14 -7.99152e-13 8.57701e-14 1.51268e-14
Strain 0 0.00633333 0 0.00633333 0 0 0 0 0
Strain mean 1.00621e-19 0.00633333 -3.99576e-18 0.00633333 1.31156e-31 4.2885e-19 -3.99576e-18 4.2885e-19 -2.37582e-33
Plastic strain_mean -1.15821e-17 0.00566159 0 0.00566159 1.15821e-17 0 0 0 0
Plastic strain_rate_mean 0 0 0 0 0 0 0 0 0
Dissipation 0.0444091
End step 19
Begin step 20
Stress 2.71281e-12 134.607 -5.94313e-13 134.607 -1.62433e-12 4.83364e-14 -5.94313e-13 4.83364e-14 3.26832e-13
Strain 0 0.00666667 0 0.00666667 0 0 0 0 0
Strain mean 2.17405e-18 0.00666667 -2.97157e-18 0.00666667 -2.44208e-31 2.41682e-19 -2.97157e-18 2.41682e-19 -1.52795e-33
Plastic strain_mean -9.75583e-18 0.00599363 0 0.00599363 9.75583e-18 0 0 0 0
Plastic strain_rate_mean 0 0 0 0 0 0 0 0 0
Dissipation 0.0444848
End step 20
Begin step 21
Stress -7.56584e-13 134.865 5.91549e-13 134.865 1.51144e-12 5.0188e-13 5.91549e-13 5.0188e-13 2.26657e-13
Strain 0 0.007 0 0.007 0 0 0 0 0
Strain mean 1.5077e-18 0.007 2.95774e-18 0.007 4.48381e-33 2.5094e-18 2.95774e-18 2.5094e-18 5.73265e-34
Plastic strain_mean 6.4239e-18 0.00632568 0 0.00632568 -6.4239e-18 0 0 0 0
Plastic strain_rate_mean 0 0 0 0 0 0 0 0 0
Dissipation 0.0445605
End step 21
Begin step 22
Stress -1.59764e-13 135.123 4.91199e-12 135.123 5.91408e-13 2.78716e-12 4.91199e-12 2.78716e-12 1.29608e-13
Strain 0 0.00733333 0 0.00733333 0 0 0 0 0
Strain mean 8.62138e-19 0.00733333 2.45599e-17 0.00733333 1.84167e-33 1.39358e-17 2.45599e-17 1.39358e-17 -7.16205e-33
Plastic strain_mean 2.309e-18 0.00665772 0 0.00665772 -2.309e-18 0 0 0 0
Plastic strain_rate_mean 0 0 0 0 0 0 0 0 0
Dissipation 0.0446362
End step 22
Begin step 23
Stress 7.51379e-13 135.382 5.03353e-12 135.382 -1.93441e-13 2.77224e-12 5.03353e-12 2.77224e-12 1.6753e-13
Strain 0 0.00766667 0 0.00766667 0 0 0 0 0
Strain mean 1.11439e-18 0.00766667 2.51677e-17 0.00766667 -4.89307e-33 1.38612e-17 2.51677e-17 1.38612e-17 -5.5551e-33
Plastic strain_mean -1.80486e-18 0.00698976 0 0.00698976 1.80486e-18 0 0 0 0
Plastic strain_rate_mean 0 0 0 0 0 0 0 0 0
Dissipation 0.0447118
End step 23
Begin step 24
Stress -4.91043e-13 135.64 3.70507e-12 135.64 -1.22623e-13 2.28359e-12 3.70507e-12 2.28359e-12 -1.84263e-13
Strain 0 0.008 0 0.008 0 0 0 0 0
Strain mean -1.2257e-18 0.008 1.85253e-17 0.008 2.03426e-33 1.1418e-17 1.85253e-17 1.1418e-17 -6.15094e-33
Plastic strain_mean 3.082e-19 0.0073218 0 0.0073218 -3.082e-19 0 0 0 0
Plastic strain_rate_mean 0 0 0 0 0 0 0 0 0
Dissipation 0.0447875
End step 24
Begin step 25
Stress -2.76792e-13 135.899 3.14021e-12 135.899 -8.48118e-14 1.82947e-12 3.14021e-12 1.82947e-12 -1.08577e-13
Strain 0 0.00833333 0 0.00833333 0 0 0 0 0
Strain mean -7.22244e-19 0.00833333 1.5701e-17 0.00833333 -1.95e-33 9.14736e-18 1.5701e-17 9.14736e-18 -4.5139e-33
Plastic strain_mean 1.18827e-19 0.00765384 0 0.00765384 -1.18827e-19 0 0 0 0
Plastic strain_rate_mean 0 0 0 0 0 0 0 0 0
Dissipation 0.0448632
End step 25
Begin step 26
Stress -5.82372e-14 136.158 2.73932e-12 136.158 -1.6887e-13 1.43052e-12 2.73932e-12 1.43052e-12 -6.81927e-14
Strain 0 0.00866667 0 0.00866667 0 0 0 0 0
Strain mean -4.5361e-19 0.00866667 1.36966e-17 0.00866667 2.35926e-33 7.15259e-18 1.36966e-17 7.15259e-18 -3.63519e-33
Plastic strain_mean -5.03387e-19 0.00798588 0 0.00798588 5.03387e-19 0 0 0 0
Plastic strain_rate_mean 0 0 0 0 0 0 0 0 0
Dissipation 0.0449389
End step 26
Begin step 27
Stress 3.07292e-12 136.416 3.76158e-12 136.416 -3.17112e-12 1.84605e-12 3.76158e-12 1.84605e-12 -2.9485e-14
Strain 0 0.009 0 0.009 0 0 0 0 0
Strain mean -1.96131e-19 0.009 1.88079e-17 0.009 -7.6315e-33 9.23023e-18 1.88079e-17 9.23023e-18 -4.5801e-33
Plastic strain_mean -1.57082e-17 0.00831792 0 0.00831792 1.57082e-17 0 0 0 0
Plastic strain_rate_mean 0 0 0 0 0 0 0 0 0
Dissipation 0.0450146
End step 27
Begin step 28
Stress -9.36537e-13 136.675 -5.25818e-12 136.675 6.53235e-13 -1.90449e-12 -5.25818e-12 -1.90449e-12 -8.50662e-14
Strain 0 0.00933333 0 0.00933333 0 0 0 0 0
Strain mean -5.65851e-19 0.00933333 -2.62909e-17 0.00933333 8.19724e-33 -9.52244e-18 -2.62909e-17 -9.52244e-18 4.31529e-33
Plastic strain_mean 3.69151e-18 0.00864996 0 0.00864996 -3.69151e-18 0 0 0 0
Plastic strain_rate_mean 0 0 0 0 0 0 0 0 0
Dissipation 0.0450902
End step 28
Begin step 29
Stress -6.61562e-13 136.934 1.791e-12 136.934 -8.91024e-14 1.05706e-12 1.791e-12 1.05706e-12 -2.25399e-13
Strain 0 0.00966667 0 0.00966667 0 0 0 0 0
Strain mean -1.49933e-18 0.00966667 8.95499e-18 0.00966667 -2.67825e-33 5.28531e-18 8.95499e-18 5.28531e-18 -2.38033e-33
Plastic strain_mean 6.81484e-19 0.008982 0 0.008982 -6.81484e-19 0 0 0 0
Plastic strain_rate_mean 0 0 0 0 0 0 0 0 0
Dissipation 0.0451659
End step 29
Begin step 30
Stress 3.16044e-12 137.192 5.52923e-12 137.192 -2.98196e-12 3.14122e-12 5.52923e-12 3.14122e-12 5.359e-14
Strain 0 0.01 0 0.01 0 0 0 0 0
Strain mean 3.56474e-19 0.01 2.76462e-17 0.01 -1.16519e-32 1.57061e-17 2.76462e-17 1.57061e-17 -8.66593e-33
Plastic strain_mean -1.51778e-17 0.00931404 0 0.00931404 1.51778e-17 0 0 0 0
Plastic strain_rate_mean 0 0 0 0 0 0 0 0 0
Dissipation 0.0452416
End step 30
