Begin step 0
Stress 0 0 0 0 0 0 0 0 0
Strain 0 0 0 0 0 0 0 0 0
Strain mean 0 0 0 0 0 0 0 0 0
Plastic strain_mean 0 0 0 0 0 0 0 0 0
Plastic strain_rate_mean 0 0 0 0 0 0 0 0 0
Dissipation 0
End step 0
Begin step 1
Stress 8.68046e-15 6.66559 5.941e-12 6.66559 -1.30362e-14 -1.93298e-12 5.941e-12 -1.93298e-12 -1.30787e-15
Strain 0 3.33333e-05 0 3.33333e-05 0 0 0 0 0
Strain mean -8.69981e-21 3.33333e-05 2.9705e-17 3.33333e-05 4.63427e-34 -9.66488e-18 2.9705e-17 -9.66488e-18 -7.18086e-34
Plastic strain_mean -5.86415e-20 5.36244e-09 0 5.36244e-09 5.86415e-20 0 0 0 0
Plastic strain_rate_mean 0 0 0 0 0 0 0 0 0
Dissipation 3.57438e-08
End step 1
Begin step 2
Stress -1.77736e-15 13.3301 -4.90663e-12 13.3301 6.9389e-16 3.02933e-12 -4.90663e-12 3.02933e-12 -3.2533e-16
Strain 0 6.66667e-05 0 6.66667e-05 0 0 0 0 0
Strain mean -2.16406e-21 6.66667e-05 -2.45331e-17 6.66667e-05 3.29214e-33 1.51466e-17 -2.45331e-17 1.51466e-17 -3.08299e-33
Plastic strain_mean 5.0961e-21 1.61363e-08 0 1.61363e-08 -5.0961e-21 0 0 0 0
Plastic strain_rate_mean 0 0 0 0 0 0 0 0 0
Dissipation 1.43616e-07
End step 2
Begin step 3
Stress -1.04584e-15 19.9935 -8.16524e-13 19.9935 -1.22249e-14 1.71658e-14 -8.16524e-13 1.71658e-14 -3.98475e-15
Strain 0 0.0001 0 0.0001 0 0 0 0 0
Strain mean -2.65061e-20 0.0001 -4.08262e-18 0.0001 -3.52084e-33 8.58292e-20 -4.08262e-18 8.58292e-20 4.64932e-34
Plastic strain_mean -4.12006e-20 3.24229e-08 0 3.24229e-08 4.12006e-20 0 0 0 0
Plastic strain_rate_mean 0 0 0 0 0 0 0 0 0
Dissipation 3.25628e-07
End step 3
Begin step 4
Stress 2.11254e-14 26.6558 -1.7463e-12 26.6558 -6.25861e-15 -4.22902e-13 -1.7463e-12 -4.22902e-13 4.46401e-15
Strain 0 0.000133333 0 0.000133333 0 0 0 0 0
Strain mean 2.96941e-20 0.000133333 -8.73152e-18 0.000133333 2.28704e-34 -2.11451e-18 -8.73152e-18 -2.11451e-18 -3.82177e-33
Plastic strain_mean -5.36131e-20 5.43825e-08 0 5.43825e-08 5.36131e-20 0 0 0 0
Plastic strain_rate_mean 0 0 0 0 0 0 0 0 0
Dissipation 5.8535e-07
End step 4
Begin step 5
Stress 1.98637e-14 33.3169 2.03993e-12 33.3169 -3.23272e-14 3.0494e-13 2.03993e-12 3.0494e-13 -3.74239e-15
Strain 0 0.000166667 0 0.000166667 0 0 0 0 0
Strain mean -2.48939e-20 0.000166667 1.01996e-17 0.000166667 -2.73843e-34 1.5247e-18 1.01996e-17 1.5247e-18 1.69121e-33
Plastic strain_mean -1.42924e-19 8.22436e-08 0 8.22436e-08 1.42924e-19 0 0 0 0
Plastic strain_rate_mean 0 0 0 0 0 0 0 0 0
Dissipation 9.28244e-07
End step 5
Begin step 6
Stress 1.69247e-14 39.9767 -1.27593e-12 39.9767 -2.53453e-14 4.41727e-13 -1.27593e-12 4.41727e-13 -2.5284e-15
Strain 0 0.0002 0 0.0002 0 0 0 0 0
Strain mean -1.68187e-20 0.0002 -6.37966e-18 0.0002 4.81482e-35 2.20864e-18 -6.37966e-18 2.20864e-18 4.15279e-33
Plastic strain_mean -1.14084e-19 1.16319e-07 0 1.16319e-07 1.14084e-19 0 0 0 0
Plastic strain_rate_mean 0 0 0 0 0 0 0 0 0
Dissipation 1.36223e-06
End step 6
Begin step 7
Stress 4.67946e-14 46.6353 -7.16647e-12 46.6353 -3.45201e-14 1.21556e-12 -7.16647e-12 1.21556e-12 3.68562e-15
Strain 0 0.000233333 0 0.000233333 0 0 0 0 0
Strain mean 2.45163e-20 0.000233333 -3.58324e-17 0.000233333 3.37038e-34 6.07778e-18 -3.58324e-17 6.07778e-18 -1.08334e-33
Plastic strain_mean -1.91029e-19 1.57032e-07 0 1.57032e-07 1.91029e-19 0 0 0 0
Plastic strain_rate_mean 0 0 0 0 0 0 0 0 0
Dissipation 1.89864e-06
End step 7
Begin step 8
Stress 5.48423e-15 53.2923 -4.52089e-12 53.2923 -1.94385e-14 -2.914e-12 -4.52089e-12 -2.914e-12 -4.18999e-15
Strain 0 0.000266667 0 0.000266667 0 0 0 0 0
Strain mean -2.78713e-20 0.000266667 -2.26044e-17 0.000266667 1.11945e-33 -1.457e-17 -2.26044e-17 -1.457e-17 2.86068e-33
Plastic strain_mean -7.62424e-20 2.04952e-07 0 2.04952e-07 7.62424e-20 0 0 0 0
Plastic strain_rate_mean 0 0 0 0 0 0 0 0 0
Dissipation 2.55379e-06
End step 8
Begin step 9
Stress 8.57296e-15 59.9478 2.47129e-12 59.9478 -2.236e-14 -2.53816e-12 2.47129e-12 -2.53816e-12 -4.13977e-15
Strain 0 0.0003 0 0.0003 0 0 0 0 0
Strain mean -2.75373e-20 0.0003 1.23564e-17 0.0003 9.14817e-34 -1.26908e-17 1.23564e-17 -1.26908e-17 3.31621e-33
Plastic strain_mean -9.11009e-20 2.60866e-07 0 2.60866e-07 9.11009e-20 0 0 0 0
Plastic strain_rate_mean 0 0 0 0 0 0 0 0 0
Dissipation 3.35189e-06
End step 9
Begin step 10
Stress 3.88744e-14 66.6015 2.77766e-12 66.6015 -2.48401e-14 -8.98855e-14 2.77766e-12 -8.98855e-14 4.21401e-15
Strain 0 0.000333333 0 0.000333333 0 0 0 0 0
Strain mean 2.80311e-20 0.000333333 1.38883e-17 0.000333333 -2.10649e-34 -4.49427e-19 1.38883e-17 -4.49427e-19 -1.28044e-33
Plastic strain_mean -1.45271e-19 3.25887e-07 0 3.25887e-07 1.45271e-19 0 0 0 0
Plastic strain_rate_mean 0 0 0 0 0 0 0 0 0
Dissipation 4.3305e-06
End step 10
Begin step 11
Stress 1.67985e-14 73.253 -3.31643e-12 73.253 -1.44425e-14 1.94385e-12 -3.31643e-12 1.94385e-12 7.07429e-16
Strain 0 0.000366667 0 0.000366667 0 0 0 0 0
Strain mean 4.70574e-21 0.000366667 -1.65822e-17 0.000366667 9.6447e-34 9.71924e-18 -1.65822e-17 9.71924e-18 -8.12502e-34
Plastic strain_mean -7.57495e-20 4.01682e-07 0 4.01682e-07 7.57495e-20 0 0 0 0
Plastic strain_rate_mean 0 0 0 0 0 0 0 0 0
Dissipation 5.5522e-06
End step 11
Begin step 12
Stress 6.07682e-15 79.9018 -4.78933e-12 79.9018 2.30009e-15 1.88525e-12 -4.78933e-12 1.88525e-12 2.5153e-15
Strain 0 0.0004 0 0.0004 0 0 0 0 0
Strain mean 1.67315e-20 0.0004 -2.39467e-17 0.0004 -4.57408e-34 9.42627e-18 -2.39467e-17 9.42627e-18 -1.53698e-33
Plastic strain_mean -1.07607e-21 4.90959e-07 0 4.90959e-07 1.07607e-21 0 0 0 0
Plastic strain_rate_mean 0 0 0 0 0 0 0 0 0
Dissipation 7.13335e-06
End step 12
Begin step 13
Stress -6.34834e-14 86.5469 -3.4025e-12 86.5469 9.68794e-15 -2.37098e-13 -3.4025e-12 -2.37098e-13 -1.6153e-14
Strain 0 0.000433333 0 0.000433333 0 0 0 0 0
Strain mean -1.07448e-19 0.000433333 -1.70125e-17 0.000433333 -9.75002e-34 -1.18549e-18 -1.70125e-17 -1.18549e-18 7.22224e-33
Plastic strain_mean 1.29205e-19 5.98804e-07 0 5.98804e-07 -1.29205e-19 0 0 0 0
Plastic strain_rate_mean 0 0 0 0 0 0 0 0 0
Dissipation 9.33364e-06
End step 13
Begin step 14
Stress -4.04654e-14 93.1857 1.10504e-12 93.1857 1.74871e-14 2.08333e-13 1.10504e-12 2.08333e-13 -6.89962e-15
Strain 0 0.000466667 0 0.000466667 0 0 0 0 0
Strain mean -4.58955e-20 0.000466667 5.5252e-18 0.000466667 5.32941e-33 1.04166e-18 5.5252e-18 1.04166e-18 1.50689e-33
Plastic strain_mean 1.21933e-19 7.38206e-07 0 7.38206e-07 -1.21933e-19 0 0 0 0
Plastic strain_rate_mean 0 0 0 0 0 0 0 0 0
Dissipation 1.29902e-05
End step 14
Begin step 15
Stress -3.96313e-13 99.7769 -1.73094e-12 99.7769 3.65336e-13 4.94724e-13 -1.73094e-12 4.94724e-13 -9.30139e-15
Strain 0 0.0005 0 0.0005 0 0 0 0 0
Strain mean -6.18717e-20 0.0005 -8.6547e-18 0.0005 7.65557e-33 2.47362e-18 -8.6547e-18 2.47362e-18 6.15395e-33
Plastic strain_mean 1.87319e-18 1.11566e-06 0 1.11566e-06 -1.87319e-18 0 0 0 0
Plastic strain_rate_mean 0 0 0 0 0 0 0 0 0
Dissipation 3.76601e-05
End step 15
Begin step 16
Stress -2.03896e-12 100.021 -9.68762e-13 100.021 1.97785e-12 -1.19307e-12 -9.68762e-13 -1.19307e-12 -1.83495e-14
Strain 0 0.000533333 0 0.000533333 0 0 0 0 0
Strain mean -1.22059e-19 0.000533333 -4.84381e-18 0.000533333 3.36075e-32 -5.96537e-18 -4.84381e-18 -5.96537e-18 -5.86807e-35
Plastic strain_mean 9.98101e-18 3.32302e-05 0 3.32302e-05 -9.98101e-18 0 0 0 0
Plastic strain_rate_mean 0 0 0 0 0 0 0 0 0
Dissipation 0.00321203
End step 16
Begin step 17
Stress 2.0235e-13 100.041 1.10066e-12 100.041 -1.68755e-13 7.73905e-13 1.10066e-12 7.73905e-13 1.00874e-14
Strain 0 0.000566667 0 0.000566667 0 0 0 0 0
Strain mean 6.71003e-20 0.000566667 5.50332e-18 0.000566667 -2.87836e-33 3.86952e-18 5.50332e-18 3.86952e-18 2.31751e-33
Plastic strain_mean -8.94214e-19 6.64605e-05 0 6.64605e-05 8.94214e-19 0 0 0 0
Plastic strain_rate_mean 0 0 0 0 0 0 0 0 0
Dissipation 0.0033242
End step 17
Begin step 18
Stress 2.33287e-12 100.062 3.2275e-12 100.062 -2.36391e-12 2.74088e-12 3.2275e-12 2.74088e-12 -9.31885e-15
Strain 0 0.0006 0 0.0006 0 0 0 0 0
Strain mean -6.19879e-20 0.0006 1.61375e-17 0.0006 -2.67223e-33 1.37044e-17 1.61375e-17 1.37044e-17 3.77193e-33
Plastic strain_mean -1.17729e-17 9.96907e-05 0 9.96907e-05 1.17729e-17 0 0 0 0
Plastic strain_rate_mean 0 0 0 0 0 0 0 0 0
Dissipation 0.00332479
End step 18
Begin step 19
Stress 4.55417e-12 100.082 5.3398e-12 100.082 -4.5199e-12 4.70786e-12 5.3398e-12 4.70786e-12 1.02883e-14
Strain 0 0.000633333 0 0.000633333 0 0 0 0 0
Strain mean 6.84365e-20 0.000633333 2.6699e-17 0.000633333 -2.39538e-32 2.35393e-17 2.6699e-17 2.35393e-17 3.69199e-33
Plastic strain_mean -2.2651e-17 0.000132921 0 0.000132921 2.2651e-17 0 0 0 0
Plastic strain_rate_mean 0 0 0 0 0 0 0 0 0
Dissipation 0.00332537
End step 19
Begin step 20
Stress 6.7318e-12 100.103 7.46899e-12 100.103 -6.69491e-12 6.67484e-12 7.46899e-12 6.67484e-12 1.10787e-14
Strain 0 0.000666667 0 0.000666667 0 0 0 0 0
Strain mean 7.36942e-20 0.000666667 3.7345e-17 0.000666667 5.20001e-33 3.33742e-17 3.7345e-17 3.33742e-17 9.30465e-33
Plastic strain_mean -3.35299e-17 0.000166151 0 0.000166151 3.35299e-17 0 0 0 0
Plastic strain_rate_mean 0 0 0 0 0 0 0 0 0
Dissipation 0.00332596
End step 20
Begin step 21
Stress 8.88418e-12 100.124 9.57988e-12 100.124 -8.87859e-12 8.64182e-12 9.57988e-12 8.64182e-12 1.67687e-15
Strain 0 0.0007 0 0.0007 0 0 0 0 0
Strain mean 1.11543e-20 0.0007 4.78994e-17 0.0007 -4.81482e-34 4.32091e-17 4.78994e-17 4.32091e-17 1.03361e-32
Plastic strain_mean -4.44013e-17 0.000199381 0 0.000199381 4.44013e-17 0 0 0 0
Plastic strain_rate_mean 0 0 0 0 0 0 0 0 0
Dissipation 0.00332655
End step 21
Begin step 22
Stress 1.10169e-11 100.144 1.17016e-11 100.144 -1.10703e-11 1.06088e-11 1.17016e-11 1.06088e-11 -1.60351e-14
Strain 0 0.000733333 0 0.000733333 0 0 0 0 0
Strain mean -1.06663e-19 0.000733333 5.85078e-17 0.000733333 -7.29927e-32 5.3044e-17 5.85078e-17 5.3044e-17 5.57316e-33
Plastic strain_mean -5.52712e-17 0.000232612 0 0.000232612 5.52712e-17 0 0 0 0
Plastic strain_rate_mean 0 0 0 0 0 0 0 0 0
Dissipation 0.00332714
End step 22
Begin step 23
Stress 1.33284e-11 100.165 1.38596e-11 100.165 -1.31837e-11 1.25758e-11 1.38596e-11 1.25758e-11 4.34239e-14
Strain 0 0.000766667 0 0.000766667 0 0 0 0 0
Strain mean 2.88851e-19 0.000766667 6.92978e-17 0.000766667 5.3926e-33 6.28789e-17 6.92978e-17 6.28789e-17 1.1515e-32
Plastic strain_mean -6.61358e-17 0.000265842 0 0.000265842 6.61358e-17 0 0 0 0
Plastic strain_rate_mean 0 0 0 0 0 0 0 0 0
Dissipation 0.00332772
End step 23
Begin step 24
Stress 1.53906e-11 100.186 1.60088e-11 100.186 -1.54088e-11 1.45428e-11 1.60088e-11 1.45428e-11 -5.46729e-15
Strain 0 0.0008 0 0.0008 0 0 0 0 0
Strain mean -3.63678e-20 0.0008 8.0044e-17 0.0008 -3.45897e-31 7.27138e-17 8.0044e-17 7.27138e-17 1.5275e-32
Plastic strain_mean -7.70168e-17 0.000299072 0 0.000299072 7.70168e-17 0 0 0 0
Plastic strain_rate_mean 0 0 0 0 0 0 0 0 0
Dissipation 0.00332831
End step 24
Begin step 25
Stress 1.75189e-11 100.206 1.81616e-11 100.206 -1.76004e-11 1.65097e-11 1.81616e-11 1.65097e-11 -2.44762e-14
Strain 0 0.000833333 0 0.000833333 0 0 0 0 0
Strain mean -1.62813e-19 0.000833333 9.08081e-17 0.000833333 -8.15631e-32 8.25487e-17 9.08081e-17 8.25487e-17 1.04482e-32
Plastic strain_mean -8.78798e-17 0.000332302 0 0.000332302 8.78798e-17 0 0 0 0
Plastic strain_rate_mean 0 0 0 0 0 0 0 0 0
Dissipation 0.0033289
End step 25
Begin step 26
Stress 1.97169e-11 100.227 2.03171e-11 100.227 -1.97645e-11 1.84767e-11 2.03171e-11 1.84767e-11 -1.42709e-14
Strain 0 0.000866667 0 0.000866667 0 0 0 0 0
Strain mean -9.49281e-20 0.000866667 1.01586e-16 0.000866667 -4.10223e-32 9.23836e-17 1.01586e-16 9.23836e-17 2.95811e-33
Plastic strain_mean -9.8751e-17 0.000365533 0 0.000365533 9.8751e-17 0 0 0 0
Plastic strain_rate_mean 0 0 0 0 0 0 0 0 0
Dissipation 0.00332949
End step 26
Begin step 27
Stress 2.18275e-11 100.247 2.24842e-11 100.247 -2.19671e-11 2.04437e-11 2.24842e-11 2.04437e-11 -4.19217e-14
Strain 0 0.0009 0 0.0009 0 0 0 0 0
Strain mean -2.78859e-19 0.0009 1.12421e-16 0.0009 -2.34386e-31 1.02218e-16 1.12421e-16 1.02218e-16 1.53984e-32
Plastic strain_mean -1.09626e-16 0.000398763 0 0.000398763 1.09626e-16 0 0 0 0
Plastic strain_rate_mean 0 0 0 0 0 0 0 0 0
Dissipation 0.00333008
End step 27
Begin step 28
Stress 2.4147e-11 100.268 2.46161e-11 100.268 -2.40802e-11 2.24107e-11 2.46161e-11 2.24107e-11 2.007e-14
Strain 0 0.000933333 0 0.000933333 0 0 0 0 0
Strain mean 1.33504e-19 0.000933333 1.23081e-16 0.000933333 -1.00919e-31 1.12053e-16 1.23081e-16 1.12053e-16 3.63158e-32
Plastic strain_mean -1.20501e-16 0.000431993 0 0.000431993 1.20501e-16 0 0 0 0
Plastic strain_rate_mean 0 0 0 0 0 0 0 0 0
Dissipation 0.00333066
End step 28
Begin step 29
Stress 2.63629e-11 100.289 2.68189e-11 100.289 -2.62338e-11 2.43777e-11 2.68189e-11 2.43777e-11 3.87776e-14
Strain 0 0.000966667 0 0.000966667 0 0 0 0 0
Strain mean 2.57944e-19 0.000966667 1.34094e-16 0.000966667 2.40741e-32 1.21888e-16 1.34094e-16 1.21888e-16 2.21151e-32
Plastic strain_mean -1.31363e-16 0.000465223 0 0.000465223 1.31363e-16 0 0 0 0
Plastic strain_rate_mean 0 0 0 0 0 0 0 0 0
Dissipation 0.00333125
End step 29
Begin step 30
Stress 2.84681e-11 100.309 2.8969e-11 100.309 -2.8439e-11 2.63446e-11 2.8969e-11 2.63446e-11 8.74243e-15
Strain 0 0.001 0 0.001 0 0 0 0 0
Strain mean 5.81536e-20 0.001 1.44845e-16 0.001 -4.04445e-33 1.31723e-16 1.44845e-16 1.31723e-16 2.51213e-32
Plastic strain_mean -1.42239e-16 0.000498454 0 0.000498454 1.42239e-16 0 0 0 0
Plastic strain_rate_mean 0 0 0 0 0 0 0 0 0
Dissipation 0.00333184
End step 30
