Begin step 0
Stress 0 0 0 0 0 0 0 0 0
Strain 0 0 0 0 0 0 0 0 0
Strain mean 0 0 0 0 0 0 0 0 0
Plastic strain_mean 0 0 0 0 0 0 0 0 0
Plastic strain_rate_mean 0 0 0 0 0 0 0 0 0
Dissipation 0
End step 0
Begin step 1
Stress 1.98894e-12 2.28186 2.91736e-12 2.28186 -1.98771e-12 2.49065e-12 2.91736e-12 2.49065e-12 3.7009e-16
Strain 0 3.33333e-05 0 3.33333e-05 0 0 0 0 0
Strain mean 2.4618e-21 3.33333e-05 1.45868e-17 3.33333e-05 -1.06889e-32 1.24533e-17 1.45868e-17 1.24533e-17 1.81007e-33
Plastic strain_mean -9.94039e-18 2.1924e-05 0 2.1924e-05 9.94039e-18 0 0 0 0
Plastic strain_rate_mean 0 0 0 0 0 0 0 0 0
Dissipation 4.98685e-05
End step 1
Begin step 2
Stress 1.5329e-12 3.06768 2.89161e-12 3.06768 -1.53412e-12 1.14194e-12 2.89161e-12 1.14194e-12 -3.65723e-16
Strain 0 6.66667e-05 0 6.66667e-05 0 0 0 0 0
Strain mean -2.43275e-21 6.66667e-05 1.44581e-17 6.66667e-05 -6.24724e-33 5.70969e-18 1.44581e-17 5.70969e-18 1.77471e-33
Plastic strain_mean -7.66877e-18 5.13282e-05 0 5.13282e-05 7.66877e-18 0 0 0 0
Plastic strain_rate_mean 0 0 0 0 0 0 0 0 0
Dissipation 8.97237e-05
End step 2
Begin step 3
Stress -6.89764e-13 3.34313 -2.00072e-12 3.34313 6.95192e-13 -2.12722e-12 -2.00072e-12 -2.12722e-12 1.62993e-15
Strain 0 0.0001 0 0.0001 0 0 0 0 0
Strain mean 1.08421e-20 0.0001 -1.00036e-17 0.0001 -3.37941e-33 -1.06361e-17 -1.00036e-17 -1.06361e-17 -2.22686e-34
Plastic strain_mean 3.46781e-18 8.32844e-05 0 8.32844e-05 -3.46781e-18 0 0 0 0
Plastic strain_rate_mean 0 0 0 0 0 0 0 0 0
Dissipation 0.000106024
End step 3
Begin step 4
Stress -2.32218e-13 3.4443 -4.88415e-13 3.4443 2.36432e-13 -7.5868e-13 -4.88415e-13 -7.5868e-13 1.26529e-15
Strain 0 0.000133333 0 0.000133333 0 0 0 0 0
Strain mean 8.41659e-21 0.000133333 -2.44207e-18 0.000133333 -1.34966e-33 -3.7934e-18 -2.44207e-18 -3.7934e-18 8.44099e-34
Plastic strain_mean 1.17583e-18 0.000116112 0 0.000116112 -1.17583e-18 0 0 0 0
Plastic strain_rate_mean 0 0 0 0 0 0 0 0 0
Dissipation 0.00011196
End step 4
Begin step 5
Stress 2.24136e-12 3.48583 2.04556e-12 3.48583 -2.22218e-12 -2.06454e-12 2.04556e-12 -2.06454e-12 5.76042e-15
Strain 0 0.000166667 0 0.000166667 0 0 0 0 0
Strain mean 3.83176e-20 0.000166667 1.02278e-17 0.000166667 5.59723e-34 -1.03227e-17 1.02278e-17 -1.03227e-17 3.74503e-33
Plastic strain_mean -1.11397e-17 0.000149238 0 0.000149238 1.11397e-17 0 0 0 0
Plastic strain_rate_mean 0 0 0 0 0 0 0 0 0
Dissipation 0.000114094
End step 5
Begin step 6
Stress 7.74727e-13 3.50683 4.24193e-13 3.50683 -7.80993e-13 -8.27402e-13 4.24193e-13 -8.27402e-13 -1.88157e-15
Strain 0 0.0002 0 0.0002 0 0 0 0 0
Strain mean -1.2516e-20 0.0002 2.12096e-18 0.0002 -1.21875e-34 -4.13701e-18 2.12096e-18 -4.13701e-18 1.24734e-33
Plastic strain_mean -3.89556e-18 0.000182466 0 0.000182466 3.89556e-18 0 0 0 0
Plastic strain_rate_mean 0 0 0 0 0 0 0 0 0
Dissipation 0.000114906
End step 6
Begin step 7
Stress -5.121e-13 3.52062 -1.56229e-12 3.52062 5.02545e-13 -3.41343e-13 -1.56229e-12 -3.41343e-13 -2.86902e-15
Strain 0 0.000233333 0 0.000233333 0 0 0 0 0
Strain mean -1.90844e-20 0.000233333 -7.81144e-18 0.000233333 1.34815e-33 -1.70671e-18 -7.81144e-18 -1.70671e-18 -3.03936e-34
Plastic strain_mean 2.52707e-18 0.00021573 0 0.00021573 -2.52707e-18 0 0 0 0
Plastic strain_rate_mean 0 0 0 0 0 0 0 0 0
Dissipation 0.000115266
End step 7
Begin step 8
Stress 1.93911e-13 3.53177 -1.82496e-12 3.53177 -2.08289e-13 -4.56072e-14 -1.82496e-12 -4.56072e-14 -4.31717e-15
Strain 0 0.000266667 0 0.000266667 0 0 0 0 0
Strain mean -2.87174e-20 0.000266667 -9.12478e-18 0.000266667 8.54631e-34 -2.28036e-19 -9.12478e-18 -2.28036e-19 -3.40047e-34
Plastic strain_mean -1.01986e-18 0.000249008 0 0.000249008 1.01986e-18 0 0 0 0
Plastic strain_rate_mean 0 0 0 0 0 0 0 0 0
Dissipation 0.000115475
End step 8
Begin step 9
Stress 5.62834e-13 3.54185 -3.00814e-12 3.54185 -5.98232e-13 -2.2766e-12 -3.00814e-12 -2.2766e-12 -1.06289e-14
Strain 0 0.0003 0 0.0003 0 0 0 0 0
Strain mean -7.07023e-20 0.0003 -1.50407e-17 0.0003 -3.79619e-33 -1.1383e-17 -1.50407e-17 -1.1383e-17 -3.73149e-34
Plastic strain_mean -2.93802e-18 0.000282291 0 0.000282291 2.93802e-18 0 0 0 0
Plastic strain_rate_mean 0 0 0 0 0 0 0 0 0
Dissipation 0.000115633
End step 9
Begin step 10
Stress 6.82709e-13 3.55142 -3.45464e-12 3.55142 -6.4894e-13 -2.99252e-12 -3.45464e-12 -2.99252e-12 1.01398e-14
Strain 0 0.000333333 0 0.000333333 0 0 0 0 0
Strain mean 6.74489e-20 0.000333333 -1.72732e-17 0.000333333 3.00513e-33 -1.49626e-17 -1.72732e-17 -1.49626e-17 -6.5602e-34
Plastic strain_mean -3.2954e-18 0.000315576 0 0.000315576 3.2954e-18 0 0 0 0
Plastic strain_rate_mean 0 0 0 0 0 0 0 0 0
Dissipation 0.000115774
End step 10
Begin step 11
Stress 7.06183e-13 3.56065 -3.61004e-12 3.56065 -6.82681e-13 -3.06084e-12 -3.61004e-12 -3.06084e-12 7.05683e-15
Strain 0 0.000366667 0 0.000366667 0 0 0 0 0
Strain mean 4.69412e-20 0.000366667 -1.80502e-17 0.000366667 -8.78706e-34 -1.53042e-17 -1.80502e-17 -1.53042e-17 -1.11343e-34
Plastic strain_mean -3.44869e-18 0.000348863 0 0.000348863 3.44869e-18 0 0 0 0
Plastic strain_rate_mean 0 0 0 0 0 0 0 0 0
Dissipation 0.000115911
End step 11
Begin step 12
Stress 6.59574e-13 3.56964 -3.70398e-12 3.56964 -7.12213e-13 -2.92717e-12 -3.70398e-12 -2.92717e-12 -1.58058e-14
Strain 0 0.0004 0 0.0004 0 0 0 0 0
Strain mean -1.05138e-19 0.0004 -1.85199e-17 0.0004 3.92408e-33 -1.46359e-17 -1.85199e-17 -1.46359e-17 -5.80788e-34
Plastic strain_mean -3.48204e-18 0.000382152 0 0.000382152 3.48204e-18 0 0 0 0
Plastic strain_rate_mean 0 0 0 0 0 0 0 0 0
Dissipation 0.000116046
End step 12
Begin step 13
Stress 7.43993e-13 3.57842 -3.74579e-12 3.57842 -7.26076e-13 -2.74535e-12 -3.74579e-12 -2.74535e-12 5.37996e-15
Strain 0 0.000433333 0 0.000433333 0 0 0 0 0
Strain mean 3.57869e-20 0.000433333 -1.8729e-17 0.000433333 -4.79376e-33 -1.37267e-17 -1.8729e-17 -1.37267e-17 -9.14817e-34
Plastic strain_mean -3.65728e-18 0.000415441 0 0.000415441 3.65728e-18 0 0 0 0
Plastic strain_rate_mean 0 0 0 0 0 0 0 0 0
Dissipation 0.00011618
End step 13
Begin step 14
Stress 7.52466e-13 3.587 -3.74721e-12 3.587 -7.33542e-13 -2.56535e-12 -3.74721e-12 -2.56535e-12 5.68236e-15
Strain 0 0.000466667 0 0.000466667 0 0 0 0 0
Strain mean 3.77984e-20 0.000466667 -1.8736e-17 0.000466667 2.81065e-33 -1.28267e-17 -1.8736e-17 -1.28267e-17 -1.01111e-33
Plastic strain_mean -3.69612e-18 0.000448732 0 0.000448732 3.69612e-18 0 0 0 0
Plastic strain_rate_mean 0 0 0 0 0 0 0 0 0
Dissipation 0.000116314
End step 14
Begin step 15
Stress 7.10245e-13 3.59541 -3.73932e-12 3.59541 -7.43462e-13 -2.39329e-12 -3.73932e-12 -2.39329e-12 -9.97388e-15
Strain 0 0.0005 0 0.0005 0 0 0 0 0
Strain mean -6.63451e-20 0.0005 -1.86966e-17 0.0005 7.21622e-33 -1.19665e-17 -1.86966e-17 -1.19665e-17 -1.58287e-33
Plastic strain_mean -3.66744e-18 0.000482023 0 0.000482023 3.66744e-18 0 0 0 0
Plastic strain_rate_mean 0 0 0 0 0 0 0 0 0
Dissipation 0.000116447
End step 15
Begin step 16
Stress 7.31915e-13 3.60365 -3.69389e-12 3.60365 -7.11177e-13 -2.23506e-12 -3.69389e-12 -2.23506e-12 6.22712e-15
Strain 0 0.000533333 0 0.000533333 0 0 0 0 0
Strain mean 4.14221e-20 0.000533333 -1.84694e-17 0.000533333 4.60418e-33 -1.11753e-17 -1.84694e-17 -1.11753e-17 -1.14352e-33
Plastic strain_mean -3.58702e-18 0.000515315 0 0.000515315 3.58702e-18 0 0 0 0
Plastic strain_rate_mean 0 0 0 0 0 0 0 0 0
Dissipation 0.000116578
End step 16
Begin step 17
Stress 7.22549e-13 3.61174 -3.58182e-12 3.61174 -6.60653e-13 -2.08115e-12 -3.58182e-12 -2.08115e-12 1.85853e-14
Strain 0 0.000566667 0 0.000566667 0 0 0 0 0
Strain mean 1.23627e-19 0.000566667 -1.79091e-17 0.000566667 -6.18103e-33 -1.04057e-17 -1.79091e-17 -1.04057e-17 -1.28195e-33
Plastic strain_mean -3.39619e-18 0.000548608 0 0.000548608 3.39619e-18 0 0 0 0
Plastic strain_rate_mean 0 0 0 0 0 0 0 0 0
Dissipation 0.000116709
End step 17
Begin step 18
Stress 6.08638e-13 3.61967 -3.46092e-12 3.61967 -6.38488e-13 -1.92878e-12 -3.46092e-12 -1.92878e-12 -8.96295e-15
Strain 0 0.0006 0 0.0006 0 0 0 0 0
Strain mean -5.96205e-20 0.0006 -1.73046e-17 0.0006 -4.89908e-33 -9.64388e-18 -1.73046e-17 -9.64388e-18 -1.02917e-33
Plastic strain_mean -3.14763e-18 0.000581902 0 0.000581902 3.14763e-18 0 0 0 0
Plastic strain_rate_mean 0 0 0 0 0 0 0 0 0
Dissipation 0.000116839
End step 18
Begin step 19
Stress 5.69997e-13 3.62747 -3.31582e-12 3.62747 -5.61823e-13 -1.7569e-12 -3.31582e-12 -1.7569e-12 2.45417e-15
Strain 0 0.000633333 0 0.000633333 0 0 0 0 0
Strain mean 1.63248e-20 0.000633333 -1.65791e-17 0.000633333 -4.7426e-33 -8.78452e-18 -1.65791e-17 -8.78452e-18 -1.04422e-33
Plastic strain_mean -2.82139e-18 0.000615196 0 0.000615196 2.82139e-18 0 0 0 0
Plastic strain_rate_mean 0 0 0 0 0 0 0 0 0
Dissipation 0.000116967
End step 19
Begin step 20
Stress 5.08808e-13 3.63514 -3.03567e-12 3.63514 -4.89894e-13 -1.52359e-12 -3.03567e-12 -1.52359e-12 5.67909e-15
Strain 0 0.000666667 0 0.000666667 0 0 0 0 0
Strain mean 3.77766e-20 0.000666667 -1.51784e-17 0.000666667 -6.9815e-33 -7.61797e-18 -1.51784e-17 -7.61797e-18 -9.17826e-34
Plastic strain_mean -2.47787e-18 0.000648491 0 0.000648491 2.47787e-18 0 0 0 0
Plastic strain_rate_mean 0 0 0 0 0 0 0 0 0
Dissipation 0.000117094
End step 20
Begin step 21
Stress 4.09163e-13 3.64269 -2.66023e-12 3.64269 -3.14556e-13 -1.07599e-12 -2.66023e-12 -1.07599e-12 2.84074e-14
Strain 0 0.0007 0 0.0007 0 0 0 0 0
Strain mean 1.88963e-19 0.0007 -1.33011e-17 0.0007 -6.37964e-33 -5.37993e-18 -1.33011e-17 -5.37993e-18 -1.13148e-33
Plastic strain_mean -1.71482e-18 0.000681787 0 0.000681787 1.71482e-18 0 0 0 0
Plastic strain_rate_mean 0 0 0 0 0 0 0 0 0
Dissipation 0.000117219
End step 21
Begin step 22
Stress 1.03009e-13 3.65012 -6.52465e-13 3.65012 -1.72119e-13 2.35748e-12 -6.52465e-13 2.35748e-12 -2.07513e-14
Strain 0 0.000733333 0 0.000733333 0 0 0 0 0
Strain mean -1.38035e-19 0.000733333 -3.26232e-18 0.000733333 -8.11298e-33 1.17874e-17 -3.26232e-18 1.17874e-17 1.98612e-33
Plastic strain_mean -7.56838e-19 0.000715083 0 0.000715083 7.56838e-19 0 0 0 0
Plastic strain_rate_mean 0 0 0 0 0 0 0 0 0
Dissipation 0.000117343
End step 22
Begin step 23
Stress 4.61751e-13 3.65744 -1.62408e-13 3.65744 -3.94969e-13 3.06935e-12 -1.62408e-13 3.06935e-12 2.00526e-14
Strain 0 0.000766667 0 0.000766667 0 0 0 0 0
Strain mean 1.33387e-19 0.000766667 -8.12042e-19 0.000766667 2.22686e-33 1.53468e-17 -8.12042e-19 1.53468e-17 1.86875e-33
Plastic strain_mean -2.07511e-18 0.000748379 0 0.000748379 2.07511e-18 0 0 0 0
Plastic strain_rate_mean 0 0 0 0 0 0 0 0 0
Dissipation 0.000117466
End step 23
Begin step 24
Stress 1.12623e-12 3.66465 -1.58542e-12 3.66465 -1.05207e-12 9.3608e-13 -1.58542e-12 9.3608e-13 2.22687e-14
Strain 0 0.0008 0 0.0008 0 0 0 0 0
Strain mean 1.48129e-19 0.0008 -7.92712e-18 0.0008 -2.64815e-34 4.6804e-18 -7.92712e-18 4.6804e-18 3.06945e-33
Plastic strain_mean -5.37168e-18 0.000781677 0 0.000781677 5.37168e-18 0 0 0 0
Plastic strain_rate_mean 0 0 0 0 0 0 0 0 0
Dissipation 0.000117587
End step 24
Begin step 25
Stress 1.31335e-12 3.67177 -1.85013e-12 3.67177 -1.28805e-12 2.86332e-13 -1.85013e-12 2.86332e-13 7.59831e-15
Strain 0 0.000833333 0 0.000833333 0 0 0 0 0
Strain mean 5.05431e-20 0.000833333 -9.25063e-18 0.000833333 -1.32167e-32 1.43166e-18 -9.25063e-18 1.43166e-18 1.68519e-33
Plastic strain_mean -6.47822e-18 0.000814975 0 0.000814975 6.47822e-18 0 0 0 0
Plastic strain_rate_mean 0 0 0 0 0 0 0 0 0
Dissipation 0.000117707
End step 25
Begin step 26
Stress 1.29642e-12 3.67878 -1.78348e-12 3.67878 -1.33588e-12 1.89231e-13 -1.78348e-12 1.89231e-13 -1.18494e-14
Strain 0 0.000866667 0 0.000866667 0 0 0 0 0
Strain mean -7.88211e-20 0.000866667 -8.91742e-18 0.000866667 2.6963e-33 9.46154e-19 -8.91742e-18 9.46154e-19 2.07639e-33
Plastic strain_mean -6.62017e-18 0.000848273 0 0.000848273 6.62017e-18 0 0 0 0
Plastic strain_rate_mean 0 0 0 0 0 0 0 0 0
Dissipation 0.000117825
End step 26
Begin step 27
Stress 1.16138e-12 3.68571 -1.55493e-12 3.68571 -1.31568e-12 2.60866e-13 -1.55493e-12 2.60866e-13 -4.63323e-14
Strain 0 0.0009 0 0.0009 0 0 0 0 0
Strain mean -3.08197e-19 0.0009 -7.77467e-18 0.0009 -5.97038e-33 1.30433e-18 -7.77467e-18 1.30433e-18 1.56482e-33
Plastic strain_mean -6.34673e-18 0.000881571 0 0.000881571 6.34673e-18 0 0 0 0
Plastic strain_rate_mean 0 0 0 0 0 0 0 0 0
Dissipation 0.000117942
End step 27
Begin step 28
Stress 1.17917e-12 3.69256 -1.35508e-12 3.69256 -1.141e-12 3.90232e-13 -1.35508e-12 3.90232e-13 1.14608e-14
Strain 0 0.000933333 0 0.000933333 0 0 0 0 0
Strain mean 7.62359e-20 0.000933333 -6.77542e-18 0.000933333 5.32038e-33 1.95116e-18 -6.77542e-18 1.95116e-18 2.00417e-33
Plastic strain_mean -5.76231e-18 0.000914871 0 0.000914871 5.76231e-18 0 0 0 0
Plastic strain_rate_mean 0 0 0 0 0 0 0 0 0
Dissipation 0.000118058
End step 28
Begin step 29
Stress 9.31944e-13 3.69932 -1.10107e-12 3.69932 -1.11317e-12 5.38036e-13 -1.10107e-12 5.38036e-13 -5.44153e-14
Strain 0 0.000966667 0 0.000966667 0 0 0 0 0
Strain mean -3.61964e-19 0.000966667 -5.50533e-18 0.000966667 1.5263e-32 2.69018e-18 -5.50533e-18 2.69018e-18 1.67014e-33
Plastic strain_mean -5.29376e-18 0.00094817 0 0.00094817 5.29376e-18 0 0 0 0
Plastic strain_rate_mean 0 0 0 0 0 0 0 0 0
Dissipation 0.000118173
End step 29
Begin step 30
Stress 9.61872e-13 3.706 -9.0389e-13 3.706 -9.19071e-13 6.86011e-13 -9.0389e-13 6.86011e-13 1.28516e-14
Strain 0 0.001 0 0.001 0 0 0 0 0
Strain mean 8.54876e-20 0.001 -4.51945e-18 0.001 6.74075e-34 3.43006e-18 -4.51945e-18 3.43006e-18 1.08033e-33
Plastic strain_mean -4.65961e-18 0.00098147 0 0.00098147 4.65961e-18 0 0 0 0
Plastic strain_rate_mean 0 0 0 0 0 0 0 0 0
Dissipation 0.000118286
End step 30
