Begin step 0
Stress 0 0 0 0 0 0 0 0 0
Strain 0 0 0 0 0 0 0 0 0
Strain mean 0 0 0 0 0 0 0 0 0
Plastic strain_mean 0 0 0 0 0 0 0 0 0
Plastic strain_rate_mean 0 0 0 0 0 0 0 0 0
Dissipation 0
End step 0
Begin step 1
Stress 4.6127e-14 66.402 2.86183e-12 66.402 -3.15174e-15 -3.37467e-12 2.86183e-12 -3.37467e-12 1.2904e-14
Strain 0 0.000333333 0 0.000333333 0 0 0 0 0
Strain mean 8.58362e-20 0.000333333 1.43092e-17 0.000333333 1.68037e-31 -1.68734e-17 1.43092e-17 -1.68734e-17 -2.16667e-33
Plastic strain_mean -8.02789e-20 1.3233e-06 0 1.3233e-06 8.02789e-20 0 0 0 0
Plastic strain_rate_mean 0 0 0 0 0 0 0 0 0
Dissipation 8.78692e-05
End step 1
Begin step 2
Stress 2.05353e-12 105.063 -1.88164e-12 105.063 -2.01892e-12 3.05635e-12 -1.88164e-12 3.05635e-12 1.03931e-14
Strain 0 0.000666667 0 0.000666667 0 0 0 0 0
Strain mean 6.91337e-20 0.000666667 -9.40819e-18 0.000666667 -3.41853e-33 1.52818e-17 -9.40819e-18 1.52818e-17 -6.16899e-34
Plastic strain_mean -1.01465e-17 0.000141353 0 0.000141353 1.01465e-17 0 0 0 0
Plastic strain_rate_mean 0 0 0 0 0 0 0 0 0
Dissipation 0.0147074
End step 2
Begin step 3
Stress 4.5183e-13 105.591 2.77561e-12 105.591 -4.34116e-13 9.6384e-13 2.77561e-12 9.6384e-13 5.31882e-15
Strain 0 0.001 0 0.001 0 0 0 0 0
Strain mean 3.53802e-20 0.001 1.38781e-17 0.001 1.52871e-33 4.8192e-18 1.38781e-17 4.8192e-18 -2.78714e-33
Plastic strain_mean -2.19718e-18 0.000472045 0 0.000472045 2.19718e-18 0 0 0 0
Plastic strain_rate_mean 0 0 0 0 0 0 0 0 0
Dissipation 0.0349001
End step 3
Begin step 4
Stress -5.09125e-12 105.806 -4.70995e-12 105.806 5.21975e-12 4.90092e-12 -4.70995e-12 4.90092e-12 3.85855e-14
Strain 0 0.00133333 0 0.00133333 0 0 0 0 0
Strain mean 2.56666e-19 0.00133333 -2.35498e-17 0.00133333 9.38891e-34 2.45046e-17 -2.35498e-17 2.45046e-17 2.597e-33
Plastic strain_mean 2.59058e-17 0.000804303 0 0.000804303 -2.59058e-17 0 0 0 0
Plastic strain_rate_mean 0 0 0 0 0 0 0 0 0
Dissipation 0.0351272
End step 4
Begin step 5
Stress -4.03142e-12 106.021 -7.29462e-12 106.021 4.11443e-12 -1.48186e-12 -7.29462e-12 -1.48186e-12 2.4926e-14
Strain 0 0.00166667 0 0.00166667 0 0 0 0 0
Strain mean 1.65805e-19 0.00166667 -3.64731e-17 0.00166667 -2.02223e-33 -7.40932e-18 -3.64731e-17 -7.40932e-18 -2.00267e-33
Plastic strain_mean 2.04475e-17 0.00113656 0 0.00113656 -2.04475e-17 0 0 0 0
Plastic strain_rate_mean 0 0 0 0 0 0 0 0 0
Dissipation 0.0351892
End step 5
Begin step 6
Stress -1.1373e-12 106.236 -2.2019e-12 106.236 9.40315e-13 6.48516e-13 -2.2019e-12 6.48516e-13 -5.91489e-14
Strain 0 0.002 0 0.002 0 0 0 0 0
Strain mean -3.93452e-19 0.002 -1.10095e-17 0.002 -2.02223e-33 3.24258e-18 -1.10095e-17 3.24258e-18 -1.26389e-34
Plastic strain_mean 4.99732e-18 0.00146882 0 0.00146882 -4.99732e-18 0 0 0 0
Plastic strain_rate_mean 0 0 0 0 0 0 0 0 0
Dissipation 0.0352508
End step 6
Begin step 7
Stress 1.55511e-12 106.451 -7.26848e-12 106.451 -1.56521e-12 -1.07865e-12 -7.26848e-12 -1.07865e-12 -3.03059e-15
Strain 0 0.00233333 0 0.00233333 0 0 0 0 0
Strain mean -2.01592e-20 0.00233333 -3.63424e-17 0.00233333 8.47409e-33 -5.39326e-18 -3.63424e-17 -5.39326e-18 -7.22412e-34
Plastic strain_mean -7.81088e-18 0.00180108 0 0.00180108 7.81088e-18 0 0 0 0
Plastic strain_rate_mean 0 0 0 0 0 0 0 0 0
Dissipation 0.0353125
End step 7
Begin step 8
Stress 5.86652e-13 106.666 8.54448e-12 106.666 -7.56314e-13 1.04243e-12 8.54448e-12 1.04243e-12 -5.09436e-14
Strain 0 0.00266667 0 0.00266667 0 0 0 0 0
Strain mean -3.38871e-19 0.00266667 4.27224e-17 0.00266667 3.92408e-33 5.21213e-18 4.27224e-17 5.21213e-18 1.22477e-33
Plastic strain_mean -3.52685e-18 0.00213334 0 0.00213334 3.52685e-18 0 0 0 0
Plastic strain_rate_mean 0 0 0 0 0 0 0 0 0
Dissipation 0.0353742
End step 8
Begin step 9
Stress 1.06704e-12 106.882 4.64351e-12 106.882 -6.42905e-13 5.53261e-13 4.64351e-12 5.53261e-13 1.27355e-13
Strain 0 0.003 0 0.003 0 0 0 0 0
Strain mean 8.47149e-19 0.003 2.32176e-17 0.003 -1.64306e-33 2.76631e-18 2.32176e-17 2.76631e-18 4.07755e-34
Plastic strain_mean -3.8513e-18 0.00246559 0 0.00246559 3.8513e-18 0 0 0 0
Plastic strain_rate_mean 0 0 0 0 0 0 0 0 0
Dissipation 0.0354359
End step 9
Begin step 10
Stress 1.28567e-12 107.097 5.84546e-13 107.097 -1.54469e-12 1.01428e-13 5.84546e-13 1.01428e-13 -7.77736e-14
Strain 0 0.00333333 0 0.00333333 0 0 0 0 0
Strain mean -5.17341e-19 0.00333333 2.92273e-18 0.00333333 -6.11483e-33 5.0714e-19 2.92273e-18 5.0714e-19 8.1852e-34
Plastic strain_mean -7.33458e-18 0.00279785 0 0.00279785 7.33458e-18 0 0 0 0
Plastic strain_rate_mean 0 0 0 0 0 0 0 0 0
Dissipation 0.0354977
End step 10
Begin step 11
Stress 1.94858e-12 107.313 3.6707e-12 107.313 -1.85777e-12 -1.10001e-12 3.6707e-12 -1.10001e-12 2.72666e-14
Strain 0 0.00366667 0 0.00366667 0 0 0 0 0
Strain mean 1.81374e-19 0.00366667 1.83535e-17 0.00366667 1.85371e-33 -5.50003e-18 1.83535e-17 -5.50003e-18 1.8507e-33
Plastic strain_mean -9.4252e-18 0.0031301 0 0.0031301 9.4252e-18 0 0 0 0
Plastic strain_rate_mean 0 0 0 0 0 0 0 0 0
Dissipation 0.0355595
End step 11
Begin step 12
Stress 1.01958e-12 107.528 -3.08325e-12 107.528 -7.08382e-13 1.34473e-12 -3.08325e-12 1.34473e-12 9.34418e-14
Strain 0 0.004 0 0.004 0 0 0 0 0
Strain mean 6.21564e-19 0.004 -1.54162e-17 0.004 -2.64815e-34 6.72363e-18 -1.54162e-17 6.72363e-18 -4.64932e-34
Plastic strain_mean -4.00912e-18 0.00346236 0 0.00346236 4.00912e-18 0 0 0 0
Plastic strain_rate_mean 0 0 0 0 0 0 0 0 0
Dissipation 0.0356212
End step 12
Begin step 13
Stress 3.29604e-13 107.744 -1.55144e-12 107.744 -6.77508e-13 7.59866e-13 -1.55144e-12 7.59866e-13 -1.04464e-13
Strain 0 0.00433333 0 0.00433333 0 0 0 0 0
Strain mean -6.94881e-19 0.00433333 -7.75719e-18 0.00433333 4.85996e-33 3.79933e-18 -7.75719e-18 3.79933e-18 -4.05499e-34
Plastic strain_mean -2.86522e-18 0.00379462 0 0.00379462 2.86522e-18 0 0 0 0
Plastic strain_rate_mean 0 0 0 0 0 0 0 0 0
Dissipation 0.035683
End step 13
Begin step 14
Stress -3.01153e-12 107.959 -1.95458e-12 107.959 2.903e-12 7.1785e-14 -1.95458e-12 7.1785e-14 -3.25854e-14
Strain 0 0.00466667 0 0.00466667 0 0 0 0 0
Strain mean -2.16754e-19 0.00466667 -9.77289e-18 0.00466667 7.03265e-33 3.58925e-19 -9.77289e-18 3.58925e-19 -4.16031e-34
Plastic strain_mean 1.46779e-17 0.00412687 0 0.00412687 -1.46779e-17 0 0 0 0
Plastic strain_rate_mean 0 0 0 0 0 0 0 0 0
Dissipation 0.0357447
End step 14
Begin step 15
Stress -1.25912e-12 108.175 -9.90136e-13 108.175 1.40882e-12 2.22632e-14 -9.90136e-13 2.22632e-14 4.49523e-14
Strain 0 0.005 0 0.005 0 0 0 0 0
Strain mean 2.99018e-19 0.005 -4.95068e-18 0.005 9.36963e-34 1.11316e-19 -4.95068e-18 1.11316e-19 -1.82437e-34
Plastic strain_mean 6.81936e-18 0.00445913 0 0.00445913 -6.81936e-18 0 0 0 0
Plastic strain_rate_mean 0 0 0 0 0 0 0 0 0
Dissipation 0.0358065
End step 15
Begin step 16
Stress 2.205e-14 108.39 -1.05501e-13 108.39 -1.60269e-13 -2.72587e-14 -1.05501e-13 -2.72587e-14 -4.15025e-14
Strain 0 0.00533333 0 0.00533333 0 0 0 0 0
Strain mean -2.7607e-19 0.00533333 -5.27503e-19 0.00533333 -1.94699e-33 -1.36293e-19 -5.27503e-19 -1.36293e-19 -2.15821e-35
Plastic strain_mean -5.93833e-19 0.00479138 0 0.00479138 5.93833e-19 0 0 0 0
Plastic strain_rate_mean 0 0 0 0 0 0 0 0 0
Dissipation 0.0358682
End step 16
Begin step 17
Stress -1.78916e-12 108.606 -1.14512e-12 108.606 1.95902e-12 2.67053e-14 -1.14512e-12 2.67053e-14 5.10048e-14
Strain 0 0.00566667 0 0.00566667 0 0 0 0 0
Strain mean 3.39278e-19 0.00566667 -5.7256e-18 0.00566667 2.55788e-34 1.33526e-19 -5.7256e-18 1.33526e-19 -8.19273e-34
Plastic strain_mean 9.54008e-18 0.00512364 0 0.00512364 -9.54008e-18 0 0 0 0
Plastic strain_rate_mean 0 0 0 0 0 0 0 0 0
Dissipation 0.03593
End step 17
Begin step 18
Stress -3.49894e-12 108.821 -2.16784e-12 108.821 4.11738e-12 8.06692e-14 -2.16784e-12 8.06692e-14 1.85696e-13
Strain 0 0.006 0 0.006 0 0 0 0 0
Strain mean 1.23523e-18 0.006 -1.08392e-17 0.006 3.55469e-33 4.03346e-19 -1.08392e-17 4.03346e-19 -8.23034e-34
Plastic strain_mean 1.96584e-17 0.00545589 0 0.00545589 -1.96584e-17 0 0 0 0
Plastic strain_rate_mean 0 0 0 0 0 0 0 0 0
Dissipation 0.0359917
End step 18
Begin step 19
Stress -6.20574e-12 109.037 -2.94848e-12 109.037 5.90324e-12 1.34633e-13 -2.94848e-12 1.34633e-13 -9.08304e-14
Strain 0 0.00633333 0 0.00633333 0 0 0 0 0
Strain mean -6.04194e-19 0.00633333 -1.47424e-17 0.00633333 -5.86656e-33 6.73166e-19 -1.47424e-17 6.73166e-19 -1.17361e-33
Plastic strain_mean 2.99704e-17 0.00578815 0 0.00578815 -2.99704e-17 0 0 0 0
Plastic strain_rate_mean 0 0 0 0 0 0 0 0 0
Dissipation 0.0360535
End step 19
Begin step 20
Stress -7.81324e-12 109.252 -3.98974e-12 109.252 8.03613e-12 1.88597e-13 -3.98974e-12 1.88597e-13 6.69263e-14
Strain 0 0.00666667 0 0.00666667 0 0 0 0 0
Strain mean 4.45186e-19 0.00666667 -1.99487e-17 0.00666667 -2.15373e-32 9.42985e-19 -1.99487e-17 9.42985e-19 -6.86113e-34
Plastic strain_mean 3.9846e-17 0.0061204 0 0.0061204 -3.9846e-17 0 0 0 0
Plastic strain_rate_mean 0 0 0 0 0 0 0 0 0
Dissipation 0.0361152
End step 20
Begin step 21
Stress -1.10794e-11 109.468 -4.96978e-12 109.468 9.57209e-12 2.42561e-13 -4.96978e-12 2.42561e-13 -4.52598e-13
Strain 0 0.007 0 0.007 0 0 0 0 0
Strain mean -3.01063e-18 0.007 -2.48489e-17 0.007 -2.51575e-33 1.2128e-18 -2.48489e-17 1.2128e-18 -3.37339e-33
Plastic strain_mean 5.01234e-17 0.00645266 0 0.00645266 -5.01234e-17 0 0 0 0
Plastic strain_rate_mean 0 0 0 0 0 0 0 0 0
Dissipation 0.036177
End step 21
Begin step 22
Stress -1.22853e-11 109.683 -5.96016e-12 109.683 1.19374e-11 2.96525e-13 -5.96016e-12 2.96525e-13 -1.04464e-13
Strain 0 0.00733333 0 0.00733333 0 0 0 0 0
Strain mean -6.94881e-19 0.00733333 -2.98008e-17 0.00733333 3.94816e-33 1.48262e-18 -2.98008e-17 1.48262e-18 -4.51691e-33
Plastic strain_mean 6.02093e-17 0.00678492 0 0.00678492 -6.02093e-17 0 0 0 0
Plastic strain_rate_mean 0 0 0 0 0 0 0 0 0
Dissipation 0.0362387
End step 22
Begin step 23
Stress -1.42383e-11 109.899 -6.61345e-12 109.899 1.40066e-11 3.50489e-13 -6.61345e-12 3.50489e-13 -6.95726e-14
Strain 0 0.00766667 0 0.00766667 0 0 0 0 0
Strain mean -4.62789e-19 0.00766667 -3.30672e-17 0.00766667 -1.59311e-32 1.75244e-18 -3.30672e-17 1.75244e-18 -4.89307e-33
Plastic strain_mean 7.03807e-17 0.00711717 0 0.00711717 -7.03807e-17 0 0 0 0
Plastic strain_rate_mean 0 0 0 0 0 0 0 0 0
Dissipation 0.0363005
End step 23
Begin step 24
Stress -1.64328e-11 110.115 -7.55038e-12 110.115 1.6016e-11 4.04453e-13 -7.55038e-12 4.04453e-13 -1.25154e-13
Strain 0 0.008 0 0.008 0 0 0 0 0
Strain mean -8.32509e-19 0.008 -3.77519e-17 0.008 -2.85278e-32 2.02226e-18 -3.77519e-17 2.02226e-18 -4.81482e-33
Plastic strain_mean 8.07056e-17 0.00744943 0 0.00744943 -8.07056e-17 0 0 0 0
Plastic strain_rate_mean 0 0 0 0 0 0 0 0 0
Dissipation 0.0363622
End step 24
Begin step 25
Stress -1.75213e-11 110.33 -8.35797e-12 110.33 1.84141e-11 4.58417e-13 -8.35797e-12 4.58417e-13 2.6809e-13
Strain 0 0.00833333 0 0.00833333 0 0 0 0 0
Strain mean 1.7833e-18 0.00833333 -4.17899e-17 0.00833333 -5.20603e-33 2.29208e-18 -4.17899e-17 2.29208e-18 -3.73751e-33
Plastic strain_mean 9.07303e-17 0.00778168 0 0.00778168 -9.07303e-17 0 0 0 0
Plastic strain_rate_mean 0 0 0 0 0 0 0 0 0
Dissipation 0.036424
End step 25
Begin step 26
Stress -2.02028e-11 110.546 -9.28389e-12 110.546 2.02155e-11 5.12381e-13 -9.28389e-12 5.12381e-13 3.80789e-15
Strain 0 0.00866667 0 0.00866667 0 0 0 0 0
Strain mean 2.53297e-20 0.00866667 -4.64194e-17 0.00866667 2.60001e-33 2.5619e-18 -4.64194e-17 2.5619e-18 -5.67547e-33
Plastic strain_mean 1.01058e-16 0.00811394 0 0.00811394 -1.01058e-16 0 0 0 0
Plastic strain_rate_mean 0 0 0 0 0 0 0 0 0
Dissipation 0.0364857
End step 26
Begin step 27
Stress -2.25437e-11 110.761 -1.03879e-11 110.761 2.2101e-11 5.66345e-13 -1.03879e-11 5.66345e-13 -1.32909e-13
Strain 0 0.009 0 0.009 0 0 0 0 0
Strain mean -8.84098e-19 0.009 -5.19397e-17 0.009 -6.77687e-33 2.83172e-18 -5.19397e-17 2.83172e-18 -8.51622e-33
Plastic strain_mean 1.1117e-16 0.00844619 0 0.00844619 -1.1117e-16 0 0 0 0
Plastic strain_rate_mean 0 0 0 0 0 0 0 0 0
Dissipation 0.0365475
End step 27
Begin step 28
Stress -2.4498e-11 110.977 -1.11174e-11 110.977 2.41089e-11 6.20308e-13 -1.11174e-11 6.20308e-13 -1.16822e-13
Strain 0 0.00933333 0 0.00933333 0 0 0 0 0
Strain mean -7.77086e-19 0.00933333 -5.55872e-17 0.00933333 2.83352e-32 3.10154e-18 -5.55872e-17 3.10154e-18 -7.01159e-33
Plastic strain_mean 1.21129e-16 0.00877845 0 0.00877845 -1.21129e-16 0 0 0 0
Plastic strain_rate_mean 0 0 0 0 0 0 0 0 0
Dissipation 0.0366092
End step 28
Begin step 29
Stress -2.61849e-11 111.192 -1.1854e-11 111.192 2.62389e-11 6.74272e-13 -1.1854e-11 6.74272e-13 1.62097e-14
Strain 0 0.00966667 0 0.00966667 0 0 0 0 0
Strain mean 1.07825e-19 0.00966667 -5.927e-17 0.00966667 1.0128e-31 3.37136e-18 -5.927e-17 3.37136e-18 -6.33149e-33
Plastic strain_mean 1.31113e-16 0.00911071 0 0.00911071 -1.31113e-16 0 0 0 0
Plastic strain_rate_mean 0 0 0 0 0 0 0 0 0
Dissipation 0.036671
End step 29
Begin step 30
Stress -2.80234e-11 111.408 -1.28693e-11 111.408 2.84045e-11 7.28236e-13 -1.28693e-11 7.28236e-13 1.14446e-13
Strain 0 0.01 0 0.01 0 0 0 0 0
Strain mean 7.61284e-19 0.01 -6.43465e-17 0.01 8.20928e-33 3.64118e-18 -6.43465e-17 3.64118e-18 -7.84816e-33
Plastic strain_mean 1.4145e-16 0.00944296 0 0.00944296 -1.4145e-16 0 0 0 0
Plastic strain_rate_mean 0 0 0 0 0 0 0 0 0
Dissipation 0.0367327
End step 30
