Begin step 0
Stress 0 0 0 0 0 0 0 0 0
Strain 0 0 0 0 0 0 0 0 0
Strain mean 0 0 0 0 0 0 0 0 0
Plastic strain_mean 0 0 0 0 0 0 0 0 0
Plastic strain_rate_mean 0 0 0 0 0 0 0 0 0
Dissipation 0
End step 0
Begin step 1
Stress 1.5193e-15 6.65382 3.49995e-12 6.65382 -2.60095e-15 -1.60782e-12 3.49995e-12 -1.60782e-12 -3.24784e-16
Strain 0 3.33333e-05 0 3.33333e-05 0 0 0 0 0
Strain mean -2.16043e-21 3.33333e-05 1.74998e-17 3.33333e-05 2.55261e-33 -8.03911e-18 1.74998e-17 -8.03911e-18 4.5455e-33
Plastic strain_mean -1.13808e-20 6.4235e-08 0 6.4235e-08 1.13808e-20 0 0 0 0
Plastic strain_rate_mean 0 0 0 0 0 0 0 0 0
Dissipation 4.27407e-07
End step 1
Begin step 2
Stress 5.76705e-14 13.2947 4.59475e-12 13.2947 -5.07897e-14 -4.45169e-12 4.59475e-12 -4.45169e-12 2.06606e-15
Strain 0 6.66667e-05 0 6.66667e-05 0 0 0 0 0
Strain mean 1.37432e-20 6.66667e-05 2.29738e-17 6.66667e-05 -3.00927e-33 -2.22585e-17 2.29738e-17 -2.22585e-17 2.3713e-33
Plastic strain_mean -2.64279e-19 1.93172e-07 0 1.93172e-07 2.64279e-19 0 0 0 0
Plastic strain_rate_mean 0 0 0 0 0 0 0 0 0
Dissipation 1.71417e-06
End step 2
Begin step 3
Stress 3.42105e-14 19.9224 9.63326e-13 19.9224 -2.28668e-14 -1.35316e-12 9.63326e-13 -1.35316e-12 3.40614e-15
Strain 0 0.0001 0 0.0001 0 0 0 0 0
Strain mean 2.26573e-20 0.0001 4.81663e-18 0.0001 -5.00952e-32 -6.76582e-18 4.81663e-18 -6.76582e-18 -1.52758e-33
Plastic strain_mean -1.31364e-19 3.87896e-07 0 3.87896e-07 1.31364e-19 0 0 0 0
Plastic strain_rate_mean 0 0 0 0 0 0 0 0 0
Dissipation 3.87934e-06
End step 3
Begin step 4
Stress 5.25424e-14 26.5366 -4.37867e-12 26.5366 -5.19388e-14 -7.21357e-13 -4.37867e-12 -7.21357e-13 1.81224e-16
Strain 0 0.000133333 0 0.000133333 0 0 0 0 0
Strain mean 1.20548e-21 0.000133333 -2.18933e-17 0.000133333 1.29398e-32 -3.60679e-18 -2.18933e-17 -3.60679e-18 -5.08566e-34
Plastic strain_mean -2.606e-19 6.50169e-07 0 6.50169e-07 2.606e-19 0 0 0 0
Plastic strain_rate_mean 0 0 0 0 0 0 0 0 0
Dissipation 6.95978e-06
End step 4
Begin step 5
Stress 5.76181e-14 33.1368 8.46042e-13 33.1368 -3.54396e-14 -3.07281e-12 8.46042e-13 -3.07281e-12 6.65944e-15
Strain 0 0.000166667 0 0.000166667 0 0 0 0 0
Strain mean 4.42978e-20 0.000166667 4.23021e-18 0.000166667 -1.43482e-32 -1.5364e-17 4.23021e-18 -1.5364e-17 5.02848e-33
Plastic strain_mean -2.10495e-19 9.82539e-07 0 9.82539e-07 2.10495e-19 0 0 0 0
Plastic strain_rate_mean 0 0 0 0 0 0 0 0 0
Dissipation 1.10135e-05
End step 5
Begin step 6
Stress 3.82927e-14 39.7223 3.3578e-12 39.7223 -3.05338e-14 -1.85765e-12 3.3578e-12 -1.85765e-12 2.32971e-15
Strain 0 0.0002 0 0.0002 0 0 0 0 0
Strain mean 1.5497e-20 0.0002 1.6789e-17 0.0002 -5.80186e-33 -9.28824e-18 1.6789e-17 -9.28824e-18 1.48357e-33
Plastic strain_mean -1.64318e-19 1.3885e-06 0 1.3885e-06 1.64318e-19 0 0 0 0
Plastic strain_rate_mean 0 0 0 0 0 0 0 0 0
Dissipation 1.61257e-05
End step 6
Begin step 7
Stress 2.03959e-14 46.2921 7.00828e-12 46.2921 -9.5466e-15 -3.72147e-12 7.00828e-12 -3.72147e-12 3.25767e-15
Strain 0 0.000233333 0 0.000233333 0 0 0 0 0
Strain mean 2.16696e-20 0.000233333 3.50414e-17 0.000233333 2.82389e-32 -1.86074e-17 3.50414e-17 -1.86074e-17 2.84677e-33
Plastic strain_mean -6.40213e-20 1.87279e-06 0 1.87279e-06 6.40213e-20 0 0 0 0
Plastic strain_rate_mean 0 0 0 0 0 0 0 0 0
Dissipation 2.24181e-05
End step 7
Begin step 8
Stress 2.51111e-14 52.845 1.27984e-12 52.845 -4.14286e-14 3.78927e-13 1.27984e-12 3.78927e-13 -4.8996e-15
Strain 0 0.000266667 0 0.000266667 0 0 0 0 0
Strain mean -3.25916e-20 0.000266667 6.39922e-18 0.000266667 -1.67195e-32 1.89463e-18 6.39922e-18 1.89463e-18 -2.597e-33
Plastic strain_mean -1.82645e-19 2.44174e-06 0 2.44174e-06 1.82645e-19 0 0 0 0
Plastic strain_rate_mean 0 0 0 0 0 0 0 0 0
Dissipation 3.00657e-05
End step 8
Begin step 9
Stress 4.8411e-14 59.3792 -3.56879e-12 59.3792 -2.49964e-14 1.74512e-12 -3.56879e-12 1.74512e-12 7.03062e-15
Strain 0 0.0003 0 0.0003 0 0 0 0 0
Strain mean 4.67669e-20 0.0003 -1.78439e-17 0.0003 -4.37668e-32 8.72558e-18 -1.78439e-17 8.72558e-18 -4.5139e-35
Plastic strain_mean -1.60135e-19 3.10402e-06 0 3.10402e-06 1.60135e-19 0 0 0 0
Plastic strain_rate_mean 0 0 0 0 0 0 0 0 0
Dissipation 3.93251e-05
End step 9
Begin step 10
Stress 2.52187e-15 65.8923 -1.24959e-12 65.8923 -1.00262e-14 7.35421e-13 -1.24959e-12 7.35421e-13 -2.25329e-15
Strain 0 0.000333333 0 0.000333333 0 0 0 0 0
Strain mean -1.49886e-20 0.000333333 -6.24793e-18 0.000333333 -7.82409e-34 3.67711e-18 -6.24793e-18 3.67711e-18 -8.81339e-34
Plastic strain_mean -3.88645e-20 3.87178e-06 0 3.87178e-06 3.88645e-20 0 0 0 0
Plastic strain_rate_mean 0 0 0 0 0 0 0 0 0
Dissipation 5.05879e-05
End step 10
Begin step 11
Stress 4.3251e-14 72.3808 7.22865e-12 72.3808 -1.90001e-14 -3.24362e-12 7.22865e-12 -3.24362e-12 7.28172e-15
Strain 0 0.000366667 0 0.000366667 0 0 0 0 0
Strain mean 4.84372e-20 0.000366667 3.61433e-17 0.000366667 -6.28335e-33 -1.62181e-17 3.61433e-17 -1.62181e-17 7.16205e-33
Plastic strain_mean -1.31409e-19 4.76279e-06 0 4.76279e-06 1.31409e-19 0 0 0 0
Plastic strain_rate_mean 0 0 0 0 0 0 0 0 0
Dissipation 6.44909e-05
End step 11
Begin step 12
Stress 7.23679e-14 78.839 2.15671e-12 78.839 -2.91018e-14 -3.16365e-12 2.15671e-12 -3.16365e-12 1.29914e-14
Strain 0 0.0004 0 0.0004 0 0 0 0 0
Strain mean 8.64171e-20 0.0004 1.07836e-17 0.0004 1.88741e-32 -1.58183e-17 1.07836e-17 -1.58183e-17 -1.79954e-33
Plastic strain_mean -2.10466e-19 5.80509e-06 0 5.80509e-06 2.10466e-19 0 0 0 0
Plastic strain_rate_mean 0 0 0 0 0 0 0 0 0
Dissipation 8.21714e-05
End step 12
Begin step 13
Stress -1.44716e-15 85.257 -2.11764e-12 85.257 -1.56557e-14 1.06016e-12 -2.11764e-12 1.06016e-12 -5.13541e-15
Strain 0 0.000433333 0 0.000433333 0 0 0 0 0
Strain mean -3.41602e-20 0.000433333 -1.05882e-17 0.000433333 1.13842e-30 5.3008e-18 -1.05882e-17 5.3008e-18 -1.20371e-35
Plastic strain_mean -5.26014e-20 7.04839e-06 0 7.04839e-06 5.26014e-20 0 0 0 0
Plastic strain_rate_mean 0 0 0 0 0 0 0 0 0
Dissipation 0.000105996
End step 13
Begin step 14
Stress -2.71307e-14 91.6126 4.2525e-12 91.6126 1.32565e-14 -2.51076e-12 4.2525e-12 -2.51076e-12 -4.16597e-15
Strain 0 0.000466667 0 0.000466667 0 0 0 0 0
Strain mean -2.77116e-20 0.000466667 2.12625e-17 0.000466667 7.98539e-32 -1.25538e-17 2.12625e-17 -1.25538e-17 2.15162e-33
Plastic strain_mean 8.71123e-20 8.60381e-06 0 8.60381e-06 -8.71123e-20 0 0 0 0
Plastic strain_rate_mean 0 0 0 0 0 0 0 0 0
Dissipation 0.000142489
End step 14
Begin step 15
Stress -7.38491e-13 97.8045 -5.26993e-13 97.8045 7.56176e-13 -9.74734e-13 -5.26993e-13 -9.74734e-13 5.31009e-15
Strain 0 0.0005 0 0.0005 0 0 0 0 0
Strain mean 3.53221e-20 0.0005 -2.63496e-18 0.0005 6.71668e-33 -4.87367e-18 -2.63496e-18 -4.87367e-18 -5.41668e-33
Plastic strain_mean 3.75433e-18 1.09774e-05 0 1.09774e-05 -3.75433e-18 0 0 0 0
Plastic strain_rate_mean 0 0 0 0 0 0 0 0 0
Dissipation 0.000232126
End step 15
Begin step 16
Stress -2.67161e-12 100.017 2.63447e-13 100.017 2.66507e-12 3.28376e-12 2.63447e-13 3.28376e-12 -1.96508e-15
Strain 0 0.000533333 0 0.000533333 0 0 0 0 0
Strain mean -1.30715e-20 0.000533333 1.31724e-18 0.000533333 -9.62965e-34 1.64188e-17 1.31724e-18 1.64188e-17 1.56181e-33
Plastic strain_mean 1.33352e-17 3.32504e-05 0 3.32504e-05 -1.33352e-17 0 0 0 0
Plastic strain_rate_mean 0 0 0 0 0 0 0 0 0
Dissipation 0.00222752
End step 16
Begin step 17
Stress -2.18479e-12 100.037 5.55043e-12 100.037 2.25019e-12 3.78725e-13 5.55043e-12 3.78725e-13 1.96377e-14
Strain 0 0.000566667 0 0.000566667 0 0 0 0 0
Strain mean 1.30628e-19 0.000566667 2.77521e-17 0.000566667 -1.34334e-32 1.89363e-18 2.77521e-17 1.89363e-18 -7.31552e-33
Plastic strain_mean 1.11528e-17 6.64825e-05 0 6.64825e-05 -1.11528e-17 0 0 0 0
Plastic strain_rate_mean 0 0 0 0 0 0 0 0 0
Dissipation 0.00332419
End step 17
Begin step 18
Stress -1.32241e-12 100.057 3.04424e-12 100.057 1.27738e-12 1.59925e-13 3.04424e-12 1.59925e-13 -1.35198e-14
Strain 0 0.0006 0 0.0006 0 0 0 0 0
Strain mean -8.99319e-20 0.0006 1.52212e-17 0.0006 7.4389e-33 7.99625e-19 1.52212e-17 7.99625e-19 -3.15371e-33
Plastic strain_mean 6.4545e-18 9.97143e-05 0 9.97143e-05 -6.4545e-18 0 0 0 0
Plastic strain_rate_mean 0 0 0 0 0 0 0 0 0
Dissipation 0.00332473
End step 18
Begin step 19
Stress -6.95701e-13 100.078 1.79551e-12 100.078 6.38371e-13 -1.63069e-14 1.79551e-12 -1.63069e-14 -1.72141e-14
Strain 0 0.000633333 0 0.000633333 0 0 0 0 0
Strain mean -1.14506e-19 0.000633333 8.97755e-18 0.000633333 8.30557e-34 -8.15346e-20 8.97755e-18 -8.15346e-20 -1.95753e-33
Plastic strain_mean 3.27793e-18 0.000132946 0 0.000132946 -3.27793e-18 0 0 0 0
Plastic strain_rate_mean 0 0 0 0 0 0 0 0 0
Dissipation 0.00332528
End step 19
Begin step 20
Stress 2.15293e-12 100.098 -3.83798e-12 100.098 -2.10337e-12 1.62481e-12 -3.83798e-12 1.62481e-12 1.48822e-14
Strain 0 0.000666667 0 0.000666667 0 0 0 0 0
Strain mean 9.89948e-20 0.000666667 -1.91899e-17 0.000666667 5.29631e-33 8.12407e-18 -1.91899e-17 8.12407e-18 -5.80788e-34
Plastic strain_mean -1.05913e-17 0.000166177 0 0.000166177 1.05913e-17 0 0 0 0
Plastic strain_rate_mean 0 0 0 0 0 0 0 0 0
Dissipation 0.00332584
End step 20
Begin step 21
Stress 3.19455e-12 100.118 -6.02455e-13 100.118 -3.20756e-12 -8.26178e-14 -6.02455e-13 -8.26178e-14 -3.90396e-15
Strain 0 0.0007 0 0.0007 0 0 0 0 0
Strain mean -2.59687e-20 0.0007 -3.01227e-18 0.0007 -6.25927e-34 -4.13089e-19 -3.01227e-18 -4.13089e-19 -3.1507e-33
Plastic strain_mean -1.60183e-17 0.000199408 0 0.000199408 1.60183e-17 0 0 0 0
Plastic strain_rate_mean 0 0 0 0 0 0 0 0 0
Dissipation 0.0033264
End step 21
Begin step 22
Stress 1.31205e-12 100.139 1.7953e-12 100.139 -1.35461e-12 -8.4865e-13 1.7953e-12 -8.4865e-13 -1.27774e-14
Strain 0 0.000733333 0 0.000733333 0 0 0 0 0
Strain mean -8.49938e-20 0.000733333 8.9765e-18 0.000733333 -2.40741e-33 -4.24325e-18 8.9765e-18 -4.24325e-18 2.35287e-33
Plastic strain_mean -6.70915e-18 0.000232639 0 0.000232639 6.70915e-18 0 0 0 0
Plastic strain_rate_mean 0 0 0 0 0 0 0 0 0
Dissipation 0.00332697
End step 22
Begin step 23
Stress 7.17344e-13 100.159 -2.33514e-12 100.159 -6.78193e-13 3.92703e-13 -2.33514e-12 3.92703e-13 1.17556e-14
Strain 0 0.000766667 0 0.000766667 0 0 0 0 0
Strain mean 7.81966e-20 0.000766667 -1.16757e-17 0.000766667 1.58889e-33 1.96351e-18 -1.16757e-17 1.96351e-18 -4.37848e-34
Plastic strain_mean -3.44974e-18 0.00026587 0 0.00026587 3.44974e-18 0 0 0 0
Plastic strain_rate_mean 0 0 0 0 0 0 0 0 0
Dissipation 0.00332754
End step 23
Begin step 24
Stress -4.6638e-13 100.18 -4.95664e-12 100.18 5.84311e-13 1.28614e-12 -4.95664e-12 1.28614e-12 3.54108e-14
Strain 0 0.0008 0 0.0008 0 0 0 0 0
Strain mean 2.35548e-19 0.0008 -2.47832e-17 0.0008 -3.37038e-34 6.43071e-18 -2.47832e-17 6.43071e-18 -4.48381e-34
Plastic strain_mean 2.7445e-18 0.000299101 0 0.000299101 -2.7445e-18 0 0 0 0
Plastic strain_rate_mean 0 0 0 0 0 0 0 0 0
Dissipation 0.00332812
End step 24
Begin step 25
Stress 6.59431e-12 100.2 8.565e-12 100.2 -6.67987e-12 -2.0123e-12 8.565e-12 -2.0123e-12 -2.56902e-14
Strain 0 0.000833333 0 0.000833333 0 0 0 0 0
Strain mean -1.70888e-19 0.000833333 4.2825e-17 0.000833333 7.22224e-33 -1.00615e-17 4.2825e-17 -1.00615e-17 -8.59898e-34
Plastic strain_mean -3.32709e-17 0.000332332 0 0.000332332 3.32709e-17 0 0 0 0
Plastic strain_rate_mean 0 0 0 0 0 0 0 0 0
Dissipation 0.0033287
End step 25
Begin step 26
Stress 4.6925e-12 100.221 7.58927e-12 100.221 -4.63162e-12 -2.23966e-12 7.58927e-12 -2.23966e-12 1.82796e-14
Strain 0 0.000866667 0 0.000866667 0 0 0 0 0
Strain mean 1.21594e-19 0.000866667 3.79464e-17 0.000866667 8.66668e-34 -1.11983e-17 3.79464e-17 -1.11983e-17 -1.84694e-34
Plastic strain_mean -2.32495e-17 0.000365562 0 0.000365562 2.32495e-17 0 0 0 0
Plastic strain_rate_mean 0 0 0 0 0 0 0 0 0
Dissipation 0.00332927
End step 26
Begin step 27
Stress 3.82721e-12 100.241 6.48705e-12 100.241 -3.85484e-12 -1.82779e-12 6.48705e-12 -1.82779e-12 -8.29701e-15
Strain 0 0.0009 0 0.0009 0 0 0 0 0
Strain mean -5.51908e-20 0.0009 3.24352e-17 0.0009 2.22686e-33 -9.13894e-18 3.24352e-17 -9.13894e-18 3.94966e-34
Plastic strain_mean -1.92327e-17 0.000398793 0 0.000398793 1.92327e-17 0 0 0 0
Plastic strain_rate_mean 0 0 0 0 0 0 0 0 0
Dissipation 0.00332985
End step 27
Begin step 28
Stress 3.32499e-12 100.262 5.48474e-12 100.262 -3.34404e-12 -1.63377e-12 5.48474e-12 -1.63377e-12 -5.72057e-15
Strain 0 0.000933333 0 0.000933333 0 0 0 0 0
Strain mean -3.80526e-20 0.000933333 2.74237e-17 0.000933333 7.94446e-34 -8.16887e-18 2.74237e-17 -8.16887e-18 3.40799e-34
Plastic strain_mean -1.66916e-17 0.000432024 0 0.000432024 1.66916e-17 0 0 0 0
Plastic strain_rate_mean 0 0 0 0 0 0 0 0 0
Dissipation 0.00333043
End step 28
Begin step 29
Stress 2.6734e-12 100.283 4.58777e-12 100.283 -2.56596e-12 -1.16084e-12 4.58777e-12 -1.16084e-12 3.22623e-14
Strain 0 0.000966667 0 0.000966667 0 0 0 0 0
Strain mean 2.14605e-19 0.000966667 2.29389e-17 0.000966667 1.42639e-33 -5.80419e-18 2.29389e-17 -5.80419e-18 5.16089e-34
Plastic strain_mean -1.29911e-17 0.000465254 0 0.000465254 1.29911e-17 0 0 0 0
Plastic strain_rate_mean 0 0 0 0 0 0 0 0 0
Dissipation 0.00333102
End step 29
Begin step 30
Stress 2.06074e-12 100.303 4.06777e-12 100.303 -2.17365e-12 -1.1388e-12 4.06777e-12 -1.1388e-12 -3.39042e-14
Strain 0 0.001 0 0.001 0 0 0 0 0
Strain mean -2.25527e-19 0.001 2.03388e-17 0.001 -7.88428e-34 -5.694e-18 2.03388e-17 -5.694e-18 2.82495e-34
Plastic strain_mean -1.06988e-17 0.000498485 0 0.000498485 1.06988e-17 0 0 0 0
Plastic strain_rate_mean 0 0 0 0 0 0 0 0 0
Dissipation 0.0033316
End step 30
