Begin step 0
Stress 0 0 0 0 0 0 0 0 0
Strain 0 0 0 0 0 0 0 0 0
Strain mean 0 0 0 0 0 0 0 0 0
Plastic strain_mean 0 0 0 0 0 0 0 0 0
Plastic strain_rate_mean 0 0 0 0 0 0 0 0 0
Dissipation 0
End step 0
Begin step 1
Stress -3.67688e-13 64.2039 8.29998e-13 64.2039 3.88106e-13 -2.64583e-12 8.29998e-13 -2.64583e-12 6.13105e-15
Strain 0 0.000333333 0 0.000333333 0 0 0 0 0
Strain mean 4.07831e-20 0.000333333 4.14999e-18 0.000333333 -5.77779e-34 -1.32291e-17 4.14999e-18 -1.32291e-17 4.51239e-33
Plastic strain_mean 1.90988e-18 1.2314e-05 0 1.2314e-05 -1.90988e-18 0 0 0 0
Plastic strain_rate_mean 0 0 0 0 0 0 0 0 0
Dissipation 0.000790544
End step 1
Begin step 2
Stress 1.55636e-12 100.076 1.62597e-12 100.076 -1.59362e-12 -2.47995e-12 1.62597e-12 -2.47995e-12 -1.11879e-14
Strain 0 0.000666667 0 0.000666667 0 0 0 0 0
Strain mean -7.44204e-20 0.000666667 8.12983e-18 0.000666667 7.34261e-34 -1.23997e-17 8.12983e-18 -1.23997e-17 -6.54515e-35
Plastic strain_mean -7.91217e-18 0.000166285 0 0.000166285 7.91217e-18 0 0 0 0
Plastic strain_rate_mean 0 0 0 0 0 0 0 0 0
Dissipation 0.0154002
End step 2
Begin step 3
Stress -3.83961e-13 100.28 1.49644e-12 100.28 3.44345e-13 -4.36593e-12 1.49644e-12 -4.36593e-12 -1.18953e-14
Strain 0 0.001 0 0.001 0 0 0 0 0
Strain mean -7.91261e-20 0.001 7.48219e-18 0.001 -1.89704e-32 -2.18296e-17 7.48219e-18 -2.18296e-17 2.82269e-33
Plastic strain_mean 1.7812e-18 0.000498598 0 0.000498598 -1.7812e-18 0 0 0 0
Plastic strain_rate_mean 0 0 0 0 0 0 0 0 0
Dissipation 0.0333069
End step 3
Begin step 4
Stress -4.80537e-12 100.485 -4.5625e-12 100.485 4.82721e-12 1.23986e-12 -4.5625e-12 1.23986e-12 6.559e-15
Strain 0 0.00133333 0 0.00133333 0 0 0 0 0
Strain mean 4.36297e-20 0.00133333 -2.28125e-17 0.00133333 -1.29037e-32 6.19928e-18 -2.28125e-17 6.19928e-18 1.91239e-33
Plastic strain_mean 2.41033e-17 0.000830907 0 0.000830907 -2.41033e-17 0 0 0 0
Plastic strain_rate_mean 0 0 0 0 0 0 0 0 0
Dissipation 0.0333648
End step 4
Begin step 5
Stress -6.01926e-12 100.691 -8.70863e-12 100.691 6.11599e-12 -5.11219e-12 -8.70863e-12 -5.11219e-12 2.90439e-14
Strain 0 0.00166667 0 0.00166667 0 0 0 0 0
Strain mean 1.93197e-19 0.00166667 -4.35431e-17 0.00166667 -2.38815e-32 -2.55609e-17 -4.35431e-17 -2.55609e-17 4.38375e-33
Plastic strain_mean 3.04347e-17 0.00116321 0 0.00116321 -3.04347e-17 0 0 0 0
Plastic strain_rate_mean 0 0 0 0 0 0 0 0 0
Dissipation 0.0334231
End step 5
Begin step 6
Stress 1.56263e-12 100.896 5.27905e-12 100.896 -1.51442e-12 8.97438e-13 5.27905e-12 8.97438e-13 1.44761e-14
Strain 0 0.002 0 0.002 0 0 0 0 0
Strain mean 9.62934e-20 0.002 2.63952e-17 0.002 1.80105e-33 4.48719e-18 2.63952e-17 4.48719e-18 7.10187e-34
Plastic strain_mean -7.64447e-18 0.00149552 0 0.00149552 7.64447e-18 0 0 0 0
Plastic strain_rate_mean 0 0 0 0 0 0 0 0 0
Dissipation 0.0334816
End step 6
Begin step 7
Stress -3.44867e-12 101.102 -1.01602e-12 101.102 3.37473e-12 2.89831e-12 -1.01602e-12 2.89831e-12 -2.22011e-14
Strain 0 0.00233333 0 0.00233333 0 0 0 0 0
Strain mean -1.47679e-19 0.00233333 -5.0801e-18 0.00233333 2.09445e-33 1.44915e-17 -5.0801e-18 1.44915e-17 2.33444e-33
Plastic strain_mean 1.69847e-17 0.00182782 0 0.00182782 -1.69847e-17 0 0 0 0
Plastic strain_rate_mean 0 0 0 0 0 0 0 0 0
Dissipation 0.0335402
End step 7
Begin step 8
Stress -2.18717e-12 101.308 -1.71509e-12 101.308 1.89412e-12 2.39996e-12 -1.71509e-12 2.39996e-12 -8.7992e-14
Strain 0 0.00266667 0 0.00266667 0 0 0 0 0
Strain mean -5.85313e-19 0.00266667 -8.57545e-18 0.00266667 4.13473e-33 1.19998e-17 -8.57545e-18 1.19998e-17 -1.47454e-34
Plastic strain_mean 9.91058e-18 0.00216013 0 0.00216013 -9.91058e-18 0 0 0 0
Plastic strain_rate_mean 0 0 0 0 0 0 0 0 0
Dissipation 0.0335988
End step 8
Begin step 9
Stress 2.87455e-12 101.514 3.40053e-12 101.514 -2.72813e-12 -2.99116e-12 3.40053e-12 -2.99116e-12 4.39654e-14
Strain 0 0.003 0 0.003 0 0 0 0 0
Strain mean 2.92453e-19 0.003 1.70026e-17 0.003 5.33242e-33 -1.49558e-17 1.70026e-17 -1.49558e-17 5.38659e-34
Plastic strain_mean -1.38605e-17 0.00249243 0 0.00249243 1.38605e-17 0 0 0 0
Plastic strain_rate_mean 0 0 0 0 0 0 0 0 0
Dissipation 0.0336575
End step 9
Begin step 10
Stress -1.54032e-12 101.72 -5.62016e-12 101.72 1.43919e-12 6.84777e-12 -5.62016e-12 6.84777e-12 -3.03671e-14
Strain 0 0.00333333 0 0.00333333 0 0 0 0 0
Strain mean -2.01998e-19 0.00333333 -2.81008e-17 0.00333333 -2.64815e-34 3.42389e-17 -2.81008e-17 3.42389e-17 -4.86749e-33
Plastic strain_mean 7.34778e-18 0.00282473 0 0.00282473 -7.34778e-18 0 0 0 0
Plastic strain_rate_mean 0 0 0 0 0 0 0 0 0
Dissipation 0.0337163
End step 10
Begin step 11
Stress -8.89708e-13 101.926 -4.33157e-12 101.926 6.50704e-13 4.9453e-12 -4.33157e-12 4.9453e-12 -7.17648e-14
Strain 0 0.00366667 0 0.00366667 0 0 0 0 0
Strain mean -4.77371e-19 0.00366667 -2.16579e-17 0.00366667 -4.62825e-33 2.47265e-17 -2.16579e-17 2.47265e-17 -2.81517e-33
Plastic strain_mean 3.61234e-18 0.00315704 0 0.00315704 -3.61234e-18 0 0 0 0
Plastic strain_rate_mean 0 0 0 0 0 0 0 0 0
Dissipation 0.033775
End step 11
Begin step 12
Stress 5.32599e-12 102.132 5.20465e-12 102.132 -5.34347e-12 -1.26002e-12 5.20465e-12 -1.26002e-12 -5.24895e-15
Strain 0 0.004 0 0.004 0 0 0 0 0
Strain mean -3.49154e-20 0.004 2.60233e-17 0.004 -9.82224e-33 -6.30012e-18 2.60233e-17 -6.30012e-18 -3.90302e-33
Plastic strain_mean -2.66911e-17 0.00348934 0 0.00348934 2.66911e-17 0 0 0 0
Plastic strain_rate_mean 0 0 0 0 0 0 0 0 0
Dissipation 0.0338338
End step 12
Begin step 13
Stress -1.32152e-12 102.339 -5.48775e-12 102.339 1.45695e-12 8.1786e-12 -5.48775e-12 8.1786e-12 4.06641e-14
Strain 0 0.00433333 0 0.00433333 0 0 0 0 0
Strain mean 2.70493e-19 0.00433333 -2.74387e-17 0.00433333 2.52778e-33 4.0893e-17 -2.74387e-17 4.0893e-17 -5.72964e-33
Plastic strain_mean 7.08142e-18 0.00382164 0 0.00382164 -7.08142e-18 0 0 0 0
Plastic strain_rate_mean 0 0 0 0 0 0 0 0 0
Dissipation 0.0338925
End step 13
Begin step 14
Stress 3.38325e-12 102.545 4.20877e-12 102.545 -3.01066e-12 -3.42966e-12 4.20877e-12 -3.42966e-12 1.11879e-13
Strain 0 0.00466667 0 0.00466667 0 0 0 0 0
Strain mean 7.44204e-19 0.00466667 2.10438e-17 0.00466667 -9.59354e-33 -1.71483e-17 2.10438e-17 -1.71483e-17 7.23728e-34
Plastic strain_mean -1.56127e-17 0.00415394 0 0.00415394 1.56127e-17 0 0 0 0
Plastic strain_rate_mean 0 0 0 0 0 0 0 0 0
Dissipation 0.0339513
End step 14
Begin step 15
Stress 7.0178e-13 102.751 -3.34406e-12 102.751 -5.49512e-13 6.44721e-13 -3.34406e-12 6.44721e-13 4.57209e-14
Strain 0 0.005 0 0.005 0 0 0 0 0
Strain mean 3.0413e-19 0.005 -1.67203e-17 0.005 2.74295e-33 3.2236e-18 -1.67203e-17 3.2236e-18 -1.66187e-33
Plastic strain_mean -2.97617e-18 0.00448625 0 0.00448625 2.97617e-18 0 0 0 0
Plastic strain_rate_mean 0 0 0 0 0 0 0 0 0
Dissipation 0.03401
End step 15
Begin step 16
Stress 6.33751e-12 102.957 9.69963e-12 102.957 -5.78545e-12 4.95126e-12 9.69963e-12 4.95126e-12 1.65766e-13
Strain 0 0.00533333 0 0.00533333 0 0 0 0 0
Strain mean 1.10265e-18 0.00533333 4.84981e-17 0.00533333 2.64815e-33 2.47563e-17 4.84981e-17 2.47563e-17 -2.86976e-33
Plastic strain_mean -2.97561e-17 0.00481855 0 0.00481855 2.97561e-17 0 0 0 0
Plastic strain_rate_mean 0 0 0 0 0 0 0 0 0
Dissipation 0.0340688
End step 16
Begin step 17
Stress -6.51694e-13 103.163 3.33928e-12 103.163 5.26331e-13 3.40594e-13 3.33928e-12 3.40594e-13 -3.76422e-14
Strain 0 0.00566667 0 0.00566667 0 0 0 0 0
Strain mean -2.50392e-19 0.00566667 1.66964e-17 0.00566667 6.04261e-33 1.70297e-18 1.66964e-17 1.70297e-18 -1.50463e-35
Plastic strain_mean 2.81987e-18 0.00515085 0 0.00515085 -2.81987e-18 0 0 0 0
Plastic strain_rate_mean 0 0 0 0 0 0 0 0 0
Dissipation 0.0341276
End step 17
Begin step 18
Stress 2.48714e-12 103.369 4.26306e-12 103.369 -2.70686e-12 2.1621e-12 4.26306e-12 2.1621e-12 -6.59743e-14
Strain 0 0.006 0 0.006 0 0 0 0 0
Strain mean -4.38854e-19 0.006 2.13153e-17 0.006 1.32408e-33 1.08105e-17 2.13153e-17 1.08105e-17 -9.78952e-34
Plastic strain_mean -1.32044e-17 0.00548315 0 0.00548315 1.32044e-17 0 0 0 0
Plastic strain_rate_mean 0 0 0 0 0 0 0 0 0
Dissipation 0.0341863
End step 18
Begin step 19
Stress 5.5508e-12 103.576 5.06925e-12 103.576 -5.91319e-12 3.9836e-12 5.06925e-12 3.9836e-12 -1.08813e-13
Strain 0 0.00633333 0 0.00633333 0 0 0 0 0
Strain mean -7.23812e-19 0.00633333 2.53463e-17 0.00633333 9.62965e-35 1.9918e-17 2.53463e-17 1.9918e-17 -2.68727e-33
Plastic strain_mean -2.90219e-17 0.00581546 0 0.00581546 2.90219e-17 0 0 0 0
Plastic strain_rate_mean 0 0 0 0 0 0 0 0 0
Dissipation 0.0342451
End step 19
Begin step 20
Stress -1.95964e-13 103.782 3.54501e-12 103.782 5.28947e-13 6.35086e-13 3.54501e-12 6.35086e-13 9.99833e-14
Strain 0 0.00666667 0 0.00666667 0 0 0 0 0
Strain mean 6.65078e-19 0.00666667 1.7725e-17 0.00666667 7.99712e-34 3.17543e-18 1.7725e-17 3.17543e-18 1.26389e-34
Plastic strain_mean 2.14482e-18 0.00614776 0 0.00614776 -2.14482e-18 0 0 0 0
Plastic strain_rate_mean 0 0 0 0 0 0 0 0 0
Dissipation 0.0343039
End step 20
Begin step 21
Stress -7.68856e-12 103.988 2.05962e-12 103.988 6.17661e-12 -2.71343e-12 2.05962e-12 -2.71343e-12 -4.53986e-13
Strain 0 0.007 0 0.007 0 0 0 0 0
Strain mean -3.01986e-18 0.007 1.02981e-17 0.007 1.34815e-33 -1.35671e-17 1.02981e-17 -1.35671e-17 3.43056e-33
Plastic strain_mean 3.3153e-17 0.00648006 0 0.00648006 -3.3153e-17 0 0 0 0
Plastic strain_rate_mean 0 0 0 0 0 0 0 0 0
Dissipation 0.0343626
End step 21
Begin step 22
Stress -1.29739e-11 104.194 5.87465e-13 104.194 1.27254e-11 -6.06194e-12 5.87465e-13 -6.06194e-12 -7.4612e-14
Strain 0 0.00733333 0 0.00733333 0 0 0 0 0
Strain mean -4.9631e-19 0.00733333 2.93733e-18 0.00733333 -1.45408e-32 -3.03097e-17 2.93733e-18 -3.03097e-17 7.36668e-33
Plastic strain_mean 6.4e-17 0.00681236 0 0.00681236 -6.4e-17 0 0 0 0
Plastic strain_rate_mean 0 0 0 0 0 0 0 0 0
Dissipation 0.0344214
End step 22
Begin step 23
Stress -1.89666e-11 104.4 -1.33957e-12 104.4 1.89618e-11 -9.41045e-12 -1.33957e-12 -9.41045e-12 -1.44979e-15
Strain 0 0.00766667 0 0.00766667 0 0 0 0 0
Strain mean -9.64386e-21 0.00766667 -6.69783e-18 0.00766667 2.37852e-32 -4.70523e-17 -6.69783e-18 -4.70523e-17 7.55928e-33
Plastic strain_mean 9.4816e-17 0.00714466 0 0.00714466 -9.4816e-17 0 0 0 0
Plastic strain_rate_mean 0 0 0 0 0 0 0 0 0
Dissipation 0.0344802
End step 23
Begin step 24
Stress -2.00618e-12 104.607 1.49098e-12 104.607 1.91648e-12 5.3583e-13 1.49098e-12 5.3583e-13 -2.69347e-14
Strain 0 0.008 0 0.008 0 0 0 0 0
Strain mean -1.79167e-19 0.008 7.4549e-18 0.008 -2.55186e-33 2.67915e-18 7.4549e-18 2.67915e-18 7.82409e-34
Plastic strain_mean 9.71705e-18 0.00747697 0 0.00747697 -9.71705e-18 0 0 0 0
Plastic strain_rate_mean 0 0 0 0 0 0 0 0 0
Dissipation 0.0345389
End step 24
Begin step 25
Stress 1.4857e-11 104.813 4.49752e-12 104.813 -1.5169e-11 1.04821e-11 4.49752e-12 1.04821e-11 -9.36951e-14
Strain 0 0.00833333 0 0.00833333 0 0 0 0 0
Strain mean -6.23249e-19 0.00833333 2.24876e-17 0.00833333 -1.15556e-33 5.24106e-17 2.24876e-17 5.24106e-17 -4.1889e-33
Plastic strain_mean -7.53766e-17 0.00780927 0 0.00780927 7.53766e-17 0 0 0 0
Plastic strain_rate_mean 0 0 0 0 0 0 0 0 0
Dissipation 0.0345977
End step 25
Begin step 26
Stress 3.2316e-11 105.019 7.5464e-12 105.019 -3.20417e-11 2.04284e-11 7.5464e-12 2.04284e-11 8.23762e-14
Strain 0 0.00866667 0 0.00866667 0 0 0 0 0
Strain mean 5.47957e-19 0.00866667 3.7732e-17 0.00866667 8.7052e-32 1.02142e-16 3.7732e-17 1.02142e-16 -8.2815e-33
Plastic strain_mean -1.6062e-16 0.00814157 0 0.00814157 1.6062e-16 0 0 0 0
Plastic strain_rate_mean 0 0 0 0 0 0 0 0 0
Dissipation 0.0346565
End step 26
Begin step 27
Stress 4.85046e-11 105.225 1.03219e-11 105.225 -4.94215e-11 3.03747e-11 1.03219e-11 3.03747e-11 -2.75321e-13
Strain 0 0.009 0 0.009 0 0 0 0 0
Strain mean -1.8314e-18 0.009 5.16096e-17 0.009 5.5852e-32 1.51873e-16 5.16096e-17 1.51873e-16 -5.00742e-33
Plastic strain_mean -2.45731e-16 0.00847387 0 0.00847387 2.45731e-16 0 0 0 0
Plastic strain_rate_mean 0 0 0 0 0 0 0 0 0
Dissipation 0.0347152
End step 27
Begin step 28
Stress 6.63789e-11 105.431 1.31184e-11 105.431 -6.60874e-11 4.0321e-11 1.31184e-11 4.0321e-11 8.75291e-14
Strain 0 0.00933333 0 0.00933333 0 0 0 0 0
Strain mean 5.82233e-19 0.00933333 6.55921e-17 0.00933333 4.66075e-32 2.01605e-16 6.55921e-17 2.01605e-16 -1.96445e-32
Plastic strain_mean -3.30875e-16 0.00880618 0 0.00880618 3.30875e-16 0 0 0 0
Plastic strain_rate_mean 0 0 0 0 0 0 0 0 0
Dissipation 0.034774
End step 28
Begin step 29
Stress 8.26922e-11 105.638 1.61882e-11 105.638 -8.34038e-11 5.02672e-11 1.61882e-11 5.02672e-11 -2.13696e-13
Strain 0 0.00966667 0 0.00966667 0 0 0 0 0
Strain mean -1.42148e-18 0.00966667 8.09412e-17 0.00966667 -7.16446e-32 2.51336e-16 8.09412e-17 2.51336e-16 -4.58371e-32
Plastic strain_mean -4.15951e-16 0.00913848 0 0.00913848 4.15951e-16 0 0 0 0
Plastic strain_rate_mean 0 0 0 0 0 0 0 0 0
Dissipation 0.0348328
End step 29
Begin step 30
Stress 1.00175e-10 105.844 1.95134e-11 105.844 -1.0035e-10 6.02135e-11 1.95134e-11 6.02135e-11 -5.24371e-14
Strain 0 0.01 0 0.01 0 0 0 0 0
Strain mean -3.48806e-19 0.01 9.75668e-17 0.01 1.00148e-31 3.01068e-16 9.75668e-17 3.01068e-16 -2.58075e-32
Plastic strain_mean -5.01486e-16 0.00947078 0 0.00947078 5.01486e-16 0 0 0 0
Plastic strain_rate_mean 0 0 0 0 0 0 0 0 0
Dissipation 0.0348915
End step 30
Begin step 0
Stress 0 0 0 0 0 0 0 0 0
Strain 0 0 0 0 0 0 0 0 0
Strain mean 0 0 0 0 0 0 0 0 0
Plastic strain_mean 0 0 0 0 0 0 0 0 0
Plastic strain_rate_mean 0 0 0 0 0 0 0 0 0
Dissipation 0
End step 0
Begin step 1
Stress -3.67688e-13 64.2039 8.29998e-13 64.2039 3.88106e-13 -2.64583e-12 8.29998e-13 -2.64583e-12 6.13105e-15
Strain 0 0.000333333 0 0.000333333 0 0 0 0 0
Strain mean 4.07831e-20 0.000333333 4.14999e-18 0.000333333 -5.77779e-34 -1.32291e-17 4.14999e-18 -1.32291e-17 4.51239e-33
Plastic strain_mean 1.90988e-18 1.2314e-05 0 1.2314e-05 -1.90988e-18 0 0 0 0
Plastic strain_rate_mean 0 0 0 0 0 0 0 0 0
Dissipation 0.000790544
End step 1
Begin step 2
Stress 1.55636e-12 100.076 1.62597e-12 100.076 -1.59362e-12 -2.47995e-12 1.62597e-12 -2.47995e-12 -1.11879e-14
Strain 0 0.000666667 0 0.000666667 0 0 0 0 0
Strain mean -7.44204e-20 0.000666667 8.12983e-18 0.000666667 7.34261e-34 -1.23997e-17 8.12983e-18 -1.23997e-17 -6.54515e-35
Plastic strain_mean -7.91217e-18 0.000166285 0 0.000166285 7.91217e-18 0 0 0 0
Plastic strain_rate_mean 0 0 0 0 0 0 0 0 0
Dissipation 0.0154002
End step 2
Begin step 3
Stress -3.83961e-13 100.28 1.49644e-12 100.28 3.44345e-13 -4.36593e-12 1.49644e-12 -4.36593e-12 -1.18953e-14
Strain 0 0.001 0 0.001 0 0 0 0 0
Strain mean -7.91261e-20 0.001 7.48219e-18 0.001 -1.89704e-32 -2.18296e-17 7.48219e-18 -2.18296e-17 2.82269e-33
Plastic strain_mean 1.7812e-18 0.000498598 0 0.000498598 -1.7812e-18 0 0 0 0
Plastic strain_rate_mean 0 0 0 0 0 0 0 0 0
Dissipation 0.0333069
End step 3
Begin step 4
Stress -4.80537e-12 100.485 -4.5625e-12 100.485 4.82721e-12 1.23986e-12 -4.5625e-12 1.23986e-12 6.559e-15
Strain 0 0.00133333 0 0.00133333 0 0 0 0 0
Strain mean 4.36297e-20 0.00133333 -2.28125e-17 0.00133333 -1.29037e-32 6.19928e-18 -2.28125e-17 6.19928e-18 1.91239e-33
Plastic strain_mean 2.41033e-17 0.000830907 0 0.000830907 -2.41033e-17 0 0 0 0
Plastic strain_rate_mean 0 0 0 0 0 0 0 0 0
Dissipation 0.0333648
End step 4
Begin step 5
Stress -6.01926e-12 100.691 -8.70863e-12 100.691 6.11599e-12 -5.11219e-12 -8.70863e-12 -5.11219e-12 2.90439e-14
Strain 0 0.00166667 0 0.00166667 0 0 0 0 0
Strain mean 1.93197e-19 0.00166667 -4.35431e-17 0.00166667 -2.38815e-32 -2.55609e-17 -4.35431e-17 -2.55609e-17 4.38375e-33
Plastic strain_mean 3.04347e-17 0.00116321 0 0.00116321 -3.04347e-17 0 0 0 0
Plastic strain_rate_mean 0 0 0 0 0 0 0 0 0
Dissipation 0.0334231
End step 5
Begin step 6
Stress 1.56263e-12 100.896 5.27905e-12 100.896 -1.51442e-12 8.97438e-13 5.27905e-12 8.97438e-13 1.44761e-14
Strain 0 0.002 0 0.002 0 0 0 0 0
Strain mean 9.62934e-20 0.002 2.63952e-17 0.002 1.80105e-33 4.48719e-18 2.63952e-17 4.48719e-18 7.10187e-34
Plastic strain_mean -7.64447e-18 0.00149552 0 0.00149552 7.64447e-18 0 0 0 0
Plastic strain_rate_mean 0 0 0 0 0 0 0 0 0
Dissipation 0.0334816
End step 6
Begin step 7
Stress -3.44867e-12 101.102 -1.01602e-12 101.102 3.37473e-12 2.89831e-12 -1.01602e-12 2.89831e-12 -2.22011e-14
Strain 0 0.00233333 0 0.00233333 0 0 0 0 0
Strain mean -1.47679e-19 0.00233333 -5.0801e-18 0.00233333 2.09445e-33 1.44915e-17 -5.0801e-18 1.44915e-17 2.33444e-33
Plastic strain_mean 1.69847e-17 0.00182782 0 0.00182782 -1.69847e-17 0 0 0 0
Plastic strain_rate_mean 0 0 0 0 0 0 0 0 0
Dissipation 0.0335402
End step 7
Begin step 8
Stress -2.18717e-12 101.308 -1.71509e-12 101.308 1.89412e-12 2.39996e-12 -1.71509e-12 2.39996e-12 -8.7992e-14
Strain 0 0.00266667 0 0.00266667 0 0 0 0 0
Strain mean -5.85313e-19 0.00266667 -8.57545e-18 0.00266667 4.13473e-33 1.19998e-17 -8.57545e-18 1.19998e-17 -1.47454e-34
Plastic strain_mean 9.91058e-18 0.00216013 0 0.00216013 -9.91058e-18 0 0 0 0
Plastic strain_rate_mean 0 0 0 0 0 0 0 0 0
Dissipation 0.0335988
End step 8
Begin step 9
Stress 2.87455e-12 101.514 3.40053e-12 101.514 -2.72813e-12 -2.99116e-12 3.40053e-12 -2.99116e-12 4.39654e-14
Strain 0 0.003 0 0.003 0 0 0 0 0
Strain mean 2.92453e-19 0.003 1.70026e-17 0.003 5.33242e-33 -1.49558e-17 1.70026e-17 -1.49558e-17 5.38659e-34
Plastic strain_mean -1.38605e-17 0.00249243 0 0.00249243 1.38605e-17 0 0 0 0
Plastic strain_rate_mean 0 0 0 0 0 0 0 0 0
Dissipation 0.0336575
End step 9
Begin step 10
Stress -1.54032e-12 101.72 -5.62016e-12 101.72 1.43919e-12 6.84777e-12 -5.62016e-12 6.84777e-12 -3.03671e-14
Strain 0 0.00333333 0 0.00333333 0 0 0 0 0
Strain mean -2.01998e-19 0.00333333 -2.81008e-17 0.00333333 -2.64815e-34 3.42389e-17 -2.81008e-17 3.42389e-17 -4.86749e-33
Plastic strain_mean 7.34778e-18 0.00282473 0 0.00282473 -7.34778e-18 0 0 0 0
Plastic strain_rate_mean 0 0 0 0 0 0 0 0 0
Dissipation 0.0337163
End step 10
Begin step 11
Stress -8.89708e-13 101.926 -4.33157e-12 101.926 6.50704e-13 4.9453e-12 -4.33157e-12 4.9453e-12 -7.17648e-14
Strain 0 0.00366667 0 0.00366667 0 0 0 0 0
Strain mean -4.77371e-19 0.00366667 -2.16579e-17 0.00366667 -4.62825e-33 2.47265e-17 -2.16579e-17 2.47265e-17 -2.81517e-33
Plastic strain_mean 3.61234e-18 0.00315704 0 0.00315704 -3.61234e-18 0 0 0 0
Plastic strain_rate_mean 0 0 0 0 0 0 0 0 0
Dissipation 0.033775
End step 11
Begin step 12
Stress 5.32599e-12 102.132 5.20465e-12 102.132 -5.34347e-12 -1.26002e-12 5.20465e-12 -1.26002e-12 -5.24895e-15
Strain 0 0.004 0 0.004 0 0 0 0 0
Strain mean -3.49154e-20 0.004 2.60233e-17 0.004 -9.82224e-33 -6.30012e-18 2.60233e-17 -6.30012e-18 -3.90302e-33
Plastic strain_mean -2.66911e-17 0.00348934 0 0.00348934 2.66911e-17 0 0 0 0
Plastic strain_rate_mean 0 0 0 0 0 0 0 0 0
Dissipation 0.0338338
End step 12
Begin step 13
Stress -1.32152e-12 102.339 -5.48775e-12 102.339 1.45695e-12 8.1786e-12 -5.48775e-12 8.1786e-12 4.06641e-14
Strain 0 0.00433333 0 0.00433333 0 0 0 0 0
Strain mean 2.70493e-19 0.00433333 -2.74387e-17 0.00433333 2.52778e-33 4.0893e-17 -2.74387e-17 4.0893e-17 -5.72964e-33
Plastic strain_mean 7.08142e-18 0.00382164 0 0.00382164 -7.08142e-18 0 0 0 0
Plastic strain_rate_mean 0 0 0 0 0 0 0 0 0
Dissipation 0.0338925
End step 13
Begin step 14
Stress 3.38325e-12 102.545 4.20877e-12 102.545 -3.01066e-12 -3.42966e-12 4.20877e-12 -3.42966e-12 1.11879e-13
Strain 0 0.00466667 0 0.00466667 0 0 0 0 0
Strain mean 7.44204e-19 0.00466667 2.10438e-17 0.00466667 -9.59354e-33 -1.71483e-17 2.10438e-17 -1.71483e-17 7.23728e-34
Plastic strain_mean -1.56127e-17 0.00415394 0 0.00415394 1.56127e-17 0 0 0 0
Plastic strain_rate_mean 0 0 0 0 0 0 0 0 0
Dissipation 0.0339513
End step 14
Begin step 15
Stress 7.0178e-13 102.751 -3.34406e-12 102.751 -5.49512e-13 6.44721e-13 -3.34406e-12 6.44721e-13 4.57209e-14
Strain 0 0.005 0 0.005 0 0 0 0 0
Strain mean 3.0413e-19 0.005 -1.67203e-17 0.005 2.74295e-33 3.2236e-18 -1.67203e-17 3.2236e-18 -1.66187e-33
Plastic strain_mean -2.97617e-18 0.00448625 0 0.00448625 2.97617e-18 0 0 0 0
Plastic strain_rate_mean 0 0 0 0 0 0 0 0 0
Dissipation 0.03401
End step 15
Begin step 16
Stress 6.33751e-12 102.957 9.69963e-12 102.957 -5.78545e-12 4.95126e-12 9.69963e-12 4.95126e-12 1.65766e-13
Strain 0 0.00533333 0 0.00533333 0 0 0 0 0
Strain mean 1.10265e-18 0.00533333 4.84981e-17 0.00533333 2.64815e-33 2.47563e-17 4.84981e-17 2.47563e-17 -2.86976e-33
Plastic strain_mean -2.97561e-17 0.00481855 0 0.00481855 2.97561e-17 0 0 0 0
Plastic strain_rate_mean 0 0 0 0 0 0 0 0 0
Dissipation 0.0340688
End step 16
Begin step 17
Stress -6.51694e-13 103.163 3.33928e-12 103.163 5.26331e-13 3.40594e-13 3.33928e-12 3.40594e-13 -3.76422e-14
Strain 0 0.00566667 0 0.00566667 0 0 0 0 0
Strain mean -2.50392e-19 0.00566667 1.66964e-17 0.00566667 6.04261e-33 1.70297e-18 1.66964e-17 1.70297e-18 -1.50463e-35
Plastic strain_mean 2.81987e-18 0.00515085 0 0.00515085 -2.81987e-18 0 0 0 0
Plastic strain_rate_mean 0 0 0 0 0 0 0 0 0
Dissipation 0.0341276
End step 17
Begin step 18
Stress 2.48714e-12 103.369 4.26306e-12 103.369 -2.70686e-12 2.1621e-12 4.26306e-12 2.1621e-12 -6.59743e-14
Strain 0 0.006 0 0.006 0 0 0 0 0
Strain mean -4.38854e-19 0.006 2.13153e-17 0.006 1.32408e-33 1.08105e-17 2.13153e-17 1.08105e-17 -9.78952e-34
Plastic strain_mean -1.32044e-17 0.00548315 0 0.00548315 1.32044e-17 0 0 0 0
Plastic strain_rate_mean 0 0 0 0 0 0 0 0 0
Dissipation 0.0341863
End step 18
Begin step 19
Stress 5.5508e-12 103.576 5.06925e-12 103.576 -5.91319e-12 3.9836e-12 5.06925e-12 3.9836e-12 -1.08813e-13
Strain 0 0.00633333 0 0.00633333 0 0 0 0 0
Strain mean -7.23812e-19 0.00633333 2.53463e-17 0.00633333 9.62965e-35 1.9918e-17 2.53463e-17 1.9918e-17 -2.68727e-33
Plastic strain_mean -2.90219e-17 0.00581546 0 0.00581546 2.90219e-17 0 0 0 0
Plastic strain_rate_mean 0 0 0 0 0 0 0 0 0
Dissipation 0.0342451
End step 19
Begin step 20
Stress -1.95964e-13 103.782 3.54501e-12 103.782 5.28947e-13 6.35086e-13 3.54501e-12 6.35086e-13 9.99833e-14
Strain 0 0.00666667 0 0.00666667 0 0 0 0 0
Strain mean 6.65078e-19 0.00666667 1.7725e-17 0.00666667 7.99712e-34 3.17543e-18 1.7725e-17 3.17543e-18 1.26389e-34
Plastic strain_mean 2.14482e-18 0.00614776 0 0.00614776 -2.14482e-18 0 0 0 0
Plastic strain_rate_mean 0 0 0 0 0 0 0 0 0
Dissipation 0.0343039
End step 20
Begin step 21
Stress -7.68856e-12 103.988 2.05962e-12 103.988 6.17661e-12 -2.71343e-12 2.05962e-12 -2.71343e-12 -4.53986e-13
Strain 0 0.007 0 0.007 0 0 0 0 0
Strain mean -3.01986e-18 0.007 1.02981e-17 0.007 1.34815e-33 -1.35671e-17 1.02981e-17 -1.35671e-17 3.43056e-33
Plastic strain_mean 3.3153e-17 0.00648006 0 0.00648006 -3.3153e-17 0 0 0 0
Plastic strain_rate_mean 0 0 0 0 0 0 0 0 0
Dissipation 0.0343626
End step 21
Begin step 22
Stress -1.29739e-11 104.194 5.87465e-13 104.194 1.27254e-11 -6.06194e-12 5.87465e-13 -6.06194e-12 -7.4612e-14
Strain 0 0.00733333 0 0.00733333 0 0 0 0 0
Strain mean -4.9631e-19 0.00733333 2.93733e-18 0.00733333 -1.45408e-32 -3.03097e-17 2.93733e-18 -3.03097e-17 7.36668e-33
Plastic strain_mean 6.4e-17 0.00681236 0 0.00681236 -6.4e-17 0 0 0 0
Plastic strain_rate_mean 0 0 0 0 0 0 0 0 0
Dissipation 0.0344214
End step 22
Begin step 23
Stress -1.89666e-11 104.4 -1.33957e-12 104.4 1.89618e-11 -9.41045e-12 -1.33957e-12 -9.41045e-12 -1.44979e-15
Strain 0 0.00766667 0 0.00766667 0 0 0 0 0
Strain mean -9.64386e-21 0.00766667 -6.69783e-18 0.00766667 2.37852e-32 -4.70523e-17 -6.69783e-18 -4.70523e-17 7.55928e-33
Plastic strain_mean 9.4816e-17 0.00714466 0 0.00714466 -9.4816e-17 0 0 0 0
Plastic strain_rate_mean 0 0 0 0 0 0 0 0 0
Dissipation 0.0344802
End step 23
Begin step 24
Stress -2.00618e-12 104.607 1.49098e-12 104.607 1.91648e-12 5.3583e-13 1.49098e-12 5.3583e-13 -2.69347e-14
Strain 0 0.008 0 0.008 0 0 0 0 0
Strain mean -1.79167e-19 0.008 7.4549e-18 0.008 -2.55186e-33 2.67915e-18 7.4549e-18 2.67915e-18 7.82409e-34
Plastic strain_mean 9.71705e-18 0.00747697 0 0.00747697 -9.71705e-18 0 0 0 0
Plastic strain_rate_mean 0 0 0 0 0 0 0 0 0
Dissipation 0.0345389
End step 24
Begin step 25
Stress 1.4857e-11 104.813 4.49752e-12 104.813 -1.5169e-11 1.04821e-11 4.49752e-12 1.04821e-11 -9.36951e-14
Strain 0 0.00833333 0 0.00833333 0 0 0 0 0
Strain mean -6.23249e-19 0.00833333 2.24876e-17 0.00833333 -1.15556e-33 5.24106e-17 2.24876e-17 5.24106e-17 -4.1889e-33
Plastic strain_mean -7.53766e-17 0.00780927 0 0.00780927 7.53766e-17 0 0 0 0
Plastic strain_rate_mean 0 0 0 0 0 0 0 0 0
Dissipation 0.0345977
End step 25
Begin step 26
Stress 3.2316e-11 105.019 7.5464e-12 105.019 -3.20417e-11 2.04284e-11 7.5464e-12 2.04284e-11 8.23762e-14
Strain 0 0.00866667 0 0.00866667 0 0 0 0 0
Strain mean 5.47957e-19 0.00866667 3.7732e-17 0.00866667 8.7052e-32 1.02142e-16 3.7732e-17 1.02142e-16 -8.2815e-33
Plastic strain_mean -1.6062e-16 0.00814157 0 0.00814157 1.6062e-16 0 0 0 0
Plastic strain_rate_mean 0 0 0 0 0 0 0 0 0
Dissipation 0.0346565
End step 26
Begin step 27
Stress 4.85046e-11 105.225 1.03219e-11 105.225 -4.94215e-11 3.03747e-11 1.03219e-11 3.03747e-11 -2.75321e-13
Strain 0 0.009 0 0.009 0 0 0 0 0
Strain mean -1.8314e-18 0.009 5.16096e-17 0.009 5.5852e-32 1.51873e-16 5.16096e-17 1.51873e-16 -5.00742e-33
Plastic strain_mean -2.45731e-16 0.00847387 0 0.00847387 2.45731e-16 0 0 0 0
Plastic strain_rate_mean 0 0 0 0 0 0 0 0 0
Dissipation 0.0347152
End step 27
Begin step 28
Stress 6.63789e-11 105.431 1.31184e-11 105.431 -6.60874e-11 4.0321e-11 1.31184e-11 4.0321e-11 8.75291e-14
Strain 0 0.00933333 0 0.00933333 0 0 0 0 0
Strain mean 5.82233e-19 0.00933333 6.55921e-17 0.00933333 4.66075e-32 2.01605e-16 6.55921e-17 2.01605e-16 -1.96445e-32
Plastic strain_mean -3.30875e-16 0.00880618 0 0.00880618 3.30875e-16 0 0 0 0
Plastic strain_rate_mean 0 0 0 0 0 0 0 0 0
Dissipation 0.034774
End step 28
Begin step 29
Stress 8.26922e-11 105.638 1.61882e-11 105.638 -8.34038e-11 5.02672e-11 1.61882e-11 5.02672e-11 -2.13696e-13
Strain 0 0.00966667 0 0.00966667 0 0 0 0 0
Strain mean -1.42148e-18 0.00966667 8.09412e-17 0.00966667 -7.16446e-32 2.51336e-16 8.09412e-17 2.51336e-16 -4.58371e-32
Plastic strain_mean -4.15951e-16 0.00913848 0 0.00913848 4.15951e-16 0 0 0 0
Plastic strain_rate_mean 0 0 0 0 0 0 0 0 0
Dissipation 0.0348328
End step 29
Begin step 30
Stress 1.00175e-10 105.844 1.95134e-11 105.844 -1.0035e-10 6.02135e-11 1.95134e-11 6.02135e-11 -5.24371e-14
Strain 0 0.01 0 0.01 0 0 0 0 0
Strain mean -3.48806e-19 0.01 9.75668e-17 0.01 1.00148e-31 3.01068e-16 9.75668e-17 3.01068e-16 -2.58075e-32
Plastic strain_mean -5.01486e-16 0.00947078 0 0.00947078 5.01486e-16 0 0 0 0
Plastic strain_rate_mean 0 0 0 0 0 0 0 0 0
Dissipation 0.0348915
End step 30
