Begin step 0
Stress 0 0 0 0 0 0 0 0 0
Strain 0 0 0 0 0 0 0 0 0
Strain mean 0 0 0 0 0 0 0 0 0
Plastic strain_mean 0 0 0 0 0 0 0 0 0
Plastic strain_rate_mean 0 0 0 0 0 0 0 0 0
Dissipation 0
End step 0
Begin step 1
Stress 3.63049e-12 43.9323 -1.56319e-13 43.9323 -3.65055e-12 -5.17565e-12 -1.56319e-13 -5.17565e-12 -6.02188e-15
Strain 0 0.000333333 0 0.000333333 0 0 0 0 0
Strain mean -4.00569e-20 0.000333333 -7.81595e-19 0.000333333 -4.60418e-34 -2.58782e-17 -7.81595e-19 -2.58782e-17 -4.03242e-33
Plastic strain_mean -1.82226e-17 0.000113672 0 0.000113672 1.82226e-17 0 0 0 0
Plastic strain_rate_mean 0 0 0 0 0 0 0 0 0
Dissipation 0.00498919
End step 1
Begin step 2
Stress 1.5291e-12 69.323 -1.65519e-12 69.323 -1.5614e-12 3.34595e-13 -1.65519e-12 3.34595e-13 -9.69877e-15
Strain 0 0.000666667 0 0.000666667 0 0 0 0 0
Strain mean -6.45151e-20 0.000666667 -8.27596e-18 0.000666667 1.54029e-32 1.67297e-18 -8.27596e-18 1.67297e-18 5.68751e-34
Plastic strain_mean -7.7585e-18 0.000320052 0 0.000320052 7.7585e-18 0 0 0 0
Plastic strain_rate_mean 0 0 0 0 0 0 0 0 0
Dissipation 0.0142821
End step 2
Begin step 3
Stress 8.66468e-13 81.2461 4.91469e-13 81.2461 -7.80721e-13 1.84168e-12 4.91469e-13 1.84168e-12 2.57469e-14
Strain 0 0.001 0 0.001 0 0 0 0 0
Strain mean 1.71266e-19 0.001 2.45734e-18 0.001 -7.70372e-34 9.20839e-18 2.45734e-18 9.20839e-18 7.64353e-34
Plastic strain_mean -4.03234e-18 0.00059377 0 0.00059377 4.03234e-18 0 0 0 0
Plastic strain_rate_mean 0 0 0 0 0 0 0 0 0
Dissipation 0.0221767
End step 3
Begin step 4
Stress 9.00459e-13 85.9508 -2.0903e-13 85.9508 -9.22506e-13 2.98666e-12 -2.0903e-13 2.98666e-12 -6.62014e-15
Strain 0 0.00133333 0 0.00133333 0 0 0 0 0
Strain mean -4.40364e-20 0.00133333 -1.04515e-18 0.00133333 8.32363e-33 1.49333e-17 -1.04515e-18 1.49333e-17 1.35266e-33
Plastic strain_mean -4.57943e-18 0.000903579 0 0.000903579 4.57943e-18 0 0 0 0
Plastic strain_rate_mean 0 0 0 0 0 0 0 0 0
Dissipation 0.0265245
End step 4
Begin step 5
Stress 5.99425e-13 87.7262 7.11965e-13 87.7262 -5.24847e-13 3.07277e-12 7.11965e-13 3.07277e-12 2.23932e-14
Strain 0 0.00166667 0 0.00166667 0 0 0 0 0
Strain mean 1.48957e-19 0.00166667 3.55982e-18 0.00166667 2.91297e-33 1.53638e-17 3.55982e-18 1.53638e-17 -1.65811e-33
Plastic strain_mean -2.7362e-18 0.00122804 0 0.00122804 2.7362e-18 0 0 0 0
Plastic strain_rate_mean 0 0 0 0 0 0 0 0 0
Dissipation 0.0283221
End step 5
Begin step 6
Stress -4.00183e-14 88.4768 9.87316e-13 88.4768 2.54648e-13 -4.49514e-12 9.87316e-13 -4.49514e-12 6.44459e-14
Strain 0 0.002 0 0.002 0 0 0 0 0
Strain mean 4.28687e-19 0.002 4.93658e-18 0.002 7.31853e-33 -2.24757e-17 4.93658e-18 -2.24757e-17 -2.1095e-33
Plastic strain_mean 9.51008e-19 0.00155762 0 0.00155762 -9.51008e-19 0 0 0 0
Plastic strain_rate_mean 0 0 0 0 0 0 0 0 0
Dissipation 0.028987
End step 6
Begin step 7
Stress -5.59123e-13 88.8857 2.76754e-12 88.8857 5.13167e-13 -6.18143e-12 2.76754e-12 -6.18143e-12 -1.37992e-14
Strain 0 0.00233333 0 0.00233333 0 0 0 0 0
Strain mean -9.1791e-20 0.00233333 1.38377e-17 0.00233333 -5.11124e-33 -3.09072e-17 1.38377e-17 -3.09072e-17 -7.76391e-34
Plastic strain_mean 2.63483e-18 0.0018889 0 0.0018889 -2.63483e-18 0 0 0 0
Plastic strain_rate_mean 0 0 0 0 0 0 0 0 0
Dissipation 0.0292456
End step 7
Begin step 8
Stress -4.94731e-13 89.1797 -1.41615e-12 89.1797 4.84493e-13 3.18931e-13 -1.41615e-12 3.18931e-13 -3.07426e-15
Strain 0 0.00266667 0 0.00266667 0 0 0 0 0
Strain mean -2.04496e-20 0.00266667 -7.08075e-18 0.00266667 2.97466e-33 1.59466e-18 -7.08075e-18 1.59466e-18 -4.87501e-34
Plastic strain_mean 2.43784e-18 0.00222077 0 0.00222077 -2.43784e-18 0 0 0 0
Plastic strain_rate_mean 0 0 0 0 0 0 0 0 0
Dissipation 0.0293688
End step 8
Begin step 9
Stress -7.04323e-13 89.4326 -1.80308e-12 89.4326 7.00455e-13 -2.96858e-12 -1.80308e-12 -2.96858e-12 -1.16158e-15
Strain 0 0.003 0 0.003 0 0 0 0 0
Strain mean -7.72671e-21 0.003 -9.01539e-18 0.003 -1.53172e-33 -1.48429e-17 -9.01539e-18 -1.48429e-17 1.80556e-35
Plastic strain_mean 3.50808e-18 0.00255284 0 0.00255284 -3.50808e-18 0 0 0 0
Plastic strain_rate_mean 0 0 0 0 0 0 0 0 0
Dissipation 0.0294476
End step 9
Begin step 10
Stress 8.14618e-13 89.6687 -5.0431e-13 89.6687 -5.94695e-13 2.45738e-13 -5.0431e-13 2.45738e-13 6.60355e-14
Strain 0 0.00333333 0 0.00333333 0 0 0 0 0
Strain mean 4.3926e-19 0.00333333 -2.52155e-18 0.00333333 6.54816e-33 1.22869e-18 -2.52155e-18 1.22869e-18 -8.96761e-34
Plastic strain_mean -3.30365e-18 0.00288499 0 0.00288499 3.30365e-18 0 0 0 0
Plastic strain_rate_mean 0 0 0 0 0 0 0 0 0
Dissipation 0.0295115
End step 10
Begin step 11
Stress -8.17317e-14 89.8964 -3.20565e-13 89.8964 -4.56485e-13 1.3382e-12 -3.20565e-13 1.3382e-12 -1.61608e-13
Strain 0 0.00366667 0 0.00366667 0 0 0 0 0
Strain mean -1.075e-18 0.00366667 -1.60282e-18 0.00366667 1.91389e-33 6.691e-18 -1.60282e-18 6.691e-18 -1.23681e-33
Plastic strain_mean -1.47438e-18 0.00321718 0 0.00321718 1.47438e-18 0 0 0 0
Plastic strain_rate_mean 0 0 0 0 0 0 0 0 0
Dissipation 0.02957
End step 11
Begin step 12
Stress 2.26592e-13 90.1189 -6.26689e-14 90.1189 -4.28569e-13 1.89609e-12 -6.26689e-14 1.89609e-12 -6.06468e-14
Strain 0 0.004 0 0.004 0 0 0 0 0
Strain mean -4.03415e-19 0.004 -3.13344e-19 0.004 -7.34261e-34 9.48047e-18 -3.13344e-19 9.48047e-18 -1.26389e-33
Plastic strain_mean -1.83961e-18 0.00354941 0 0.00354941 1.83961e-18 0 0 0 0
Plastic strain_rate_mean 0 0 0 0 0 0 0 0 0
Dissipation 0.0296263
End step 12
Begin step 13
Stress 4.7624e-13 90.3377 -1.56279e-14 90.3377 -4.09224e-13 2.03115e-12 -1.56279e-14 2.03115e-12 2.01224e-14
Strain 0 0.00433333 0 0.00433333 0 0 0 0 0
Strain mean 1.33852e-19 0.00433333 -7.81397e-20 0.00433333 1.99815e-33 1.01557e-17 -7.81397e-20 1.01557e-17 -6.19909e-34
Plastic strain_mean -2.14673e-18 0.00388164 0 0.00388164 2.14673e-18 0 0 0 0
Plastic strain_rate_mean 0 0 0 0 0 0 0 0 0
Dissipation 0.0296815
End step 13
Begin step 14
Stress 6.30427e-13 90.5535 -1.76925e-14 90.5535 -5.88252e-13 1.9017e-12 -1.76925e-14 1.9017e-12 1.26639e-14
Strain 0 0.00466667 0 0.00466667 0 0 0 0 0
Strain mean 8.42385e-20 0.00466667 -8.84624e-20 0.00466667 -1.34815e-33 9.50852e-18 -8.84624e-20 9.50852e-18 3.6713e-34
Plastic strain_mean -3.00458e-18 0.0042139 0 0.0042139 3.00458e-18 0 0 0 0
Plastic strain_rate_mean 0 0 0 0 0 0 0 0 0
Dissipation 0.0297361
End step 14
Begin step 15
Stress 7.63125e-13 90.7668 -4.45826e-14 90.7668 -4.48409e-13 1.65803e-12 -4.45826e-14 1.65803e-12 9.44986e-14
Strain 0 0.005 0 0.005 0 0 0 0 0
Strain mean 6.28594e-19 0.005 -2.22913e-19 0.005 6.93636e-34 8.29017e-18 -2.22913e-19 8.29017e-18 -1.82061e-34
Plastic strain_mean -2.71454e-18 0.00454617 0 0.00454617 2.71454e-18 0 0 0 0
Plastic strain_rate_mean 0 0 0 0 0 0 0 0 0
Dissipation 0.0297902
End step 15
Begin step 16
Stress -2.95416e-14 90.978 -3.43235e-13 90.978 -6.0722e-13 1.36621e-12 -3.43235e-13 1.36621e-12 -1.91198e-13
Strain 0 0.00533333 0 0.00533333 0 0 0 0 0
Strain mean -1.27183e-18 0.00533333 -1.71618e-18 0.00533333 1.59867e-34 6.83103e-18 -1.71618e-18 6.83103e-18 6.03358e-34
Plastic strain_mean -2.08011e-18 0.00487844 0 0.00487844 2.08011e-18 0 0 0 0
Plastic strain_rate_mean 0 0 0 0 0 0 0 0 0
Dissipation 0.029844
End step 16
Begin step 17
Stress 3.40835e-13 91.1873 -1.36394e-13 91.1873 -4.12504e-13 1.081e-12 -1.36394e-13 1.081e-12 -2.15198e-14
Strain 0 0.00566667 0 0.00566667 0 0 0 0 0
Strain mean -1.43147e-19 0.00566667 -6.81971e-19 0.00566667 2.20278e-33 5.40502e-18 -6.81971e-19 5.40502e-18 5.58219e-34
Plastic strain_mean -1.95492e-18 0.00521073 0 0.00521073 1.95492e-18 0 0 0 0
Plastic strain_rate_mean 0 0 0 0 0 0 0 0 0
Dissipation 0.0298975
End step 17
Begin step 18
Stress 5.17494e-13 91.3949 -2.37736e-13 91.3949 -4.00217e-13 8.55248e-13 -2.37736e-13 8.55248e-13 3.52143e-14
Strain 0 0.006 0 0.006 0 0 0 0 0
Strain mean 2.34241e-19 0.006 -1.18868e-18 0.006 -7.22224e-35 4.27624e-18 -1.18868e-18 4.27624e-18 4.99538e-34
Plastic strain_mean -2.17716e-18 0.00554303 0 0.00554303 2.17716e-18 0 0 0 0
Plastic strain_rate_mean 0 0 0 0 0 0 0 0 0
Dissipation 0.0299507
End step 18
Begin step 19
Stress -6.0379e-13 91.6011 8.65205e-13 91.6011 1.83082e-13 7.39055e-12 8.65205e-13 7.39055e-12 -1.26324e-13
Strain 0 0.00633333 0 0.00633333 0 0 0 0 0
Strain mean -8.40294e-19 0.00633333 4.32602e-18 0.00633333 2.05533e-33 3.69528e-17 4.32602e-18 3.69528e-17 3.43056e-34
Plastic strain_mean 1.54703e-18 0.00587533 0 0.00587533 -1.54703e-18 0 0 0 0
Plastic strain_rate_mean 0 0 0 0 0 0 0 0 0
Dissipation 0.0300038
End step 19
Begin step 20
Stress 2.67909e-13 91.8061 7.61468e-13 91.8061 5.70945e-13 6.54107e-12 7.61468e-13 6.54107e-12 2.5188e-13
Strain 0 0.00666667 0 0.00666667 0 0 0 0 0
Strain mean 1.67548e-18 0.00666667 3.80734e-18 0.00666667 1.86574e-34 3.27054e-17 3.80734e-18 3.27054e-17 1.87176e-33
Plastic strain_mean 1.59533e-18 0.00620764 0 0.00620764 -1.59533e-18 0 0 0 0
Plastic strain_rate_mean 0 0 0 0 0 0 0 0 0
Dissipation 0.0300567
End step 20
Begin step 21
Stress -3.71283e-13 92.0098 1.57746e-13 92.0098 4.28235e-13 5.86457e-12 1.57746e-13 5.86457e-12 1.71006e-14
Strain 0 0.007 0 0.007 0 0 0 0 0
Strain mean 1.13751e-19 0.007 7.88731e-19 0.007 3.80371e-33 2.93228e-17 7.88731e-19 2.93228e-17 9.14817e-34
Plastic strain_mean 2.05567e-18 0.00653995 0 0.00653995 -2.05567e-18 0 0 0 0
Plastic strain_rate_mean 0 0 0 0 0 0 0 0 0
Dissipation 0.0301094
End step 21
Begin step 22
Stress -4.56053e-13 92.2125 -2.69864e-14 92.2125 3.33133e-13 5.21123e-12 -2.69864e-14 5.21123e-12 -3.69086e-14
Strain 0 0.00733333 0 0.00733333 0 0 0 0 0
Strain mean -2.45512e-19 0.00733333 -1.34932e-19 0.00733333 4.05912e-33 2.60562e-17 -1.34932e-19 2.60562e-17 -6.92131e-34
Plastic strain_mean 1.85021e-18 0.00687227 0 0.00687227 -1.85021e-18 0 0 0 0
Plastic strain_rate_mean 0 0 0 0 0 0 0 0 0
Dissipation 0.0301621
End step 22
Begin step 23
Stress -1.15436e-13 92.4142 1.99189e-13 92.4142 1.15436e-13 4.64681e-12 1.99189e-13 4.64681e-12 2.55591e-28
Strain 0 0.00766667 0 0.00766667 0 0 0 0 0
Strain mean -9.38891e-34 0.00766667 9.95945e-19 0.00766667 -4.83589e-33 2.3234e-17 9.95945e-19 2.3234e-17 2.25695e-34
Plastic strain_mean 5.77181e-19 0.0072046 0 0.0072046 -5.77181e-19 0 0 0 0
Plastic strain_rate_mean 0 0 0 0 0 0 0 0 0
Dissipation 0.0302146
End step 23
Begin step 24
Stress 3.03276e-13 92.615 -1.83454e-13 92.615 6.44711e-13 4.15359e-12 -1.83454e-13 4.15359e-12 2.84649e-13
Strain 0 0.008 0 0.008 0 0 0 0 0
Strain mean 1.89345e-18 0.008 -9.17268e-19 0.008 3.25001e-33 2.0768e-17 -9.17268e-19 2.0768e-17 6.71066e-34
Plastic strain_mean 1.80031e-18 0.00753692 0 0.00753692 -1.80031e-18 0 0 0 0
Plastic strain_rate_mean 0 0 0 0 0 0 0 0 0
Dissipation 0.030267
End step 24
Begin step 25
Stress 3.5521e-13 92.8151 -5.33301e-14 92.8151 2.17154e-13 3.68917e-12 -5.33301e-14 3.68917e-12 1.71862e-13
Strain 0 0.00833333 0 0.00833333 0 0 0 0 0
Strain mean 1.1432e-18 0.00833333 -2.66651e-19 0.00833333 2.56991e-33 1.84459e-17 -2.66651e-19 1.84459e-17 -2.67825e-34
Plastic strain_mean 2.26463e-19 0.00786926 0 0.00786926 -2.26463e-19 0 0 0 0
Plastic strain_rate_mean 0 0 0 0 0 0 0 0 0
Dissipation 0.0303194
End step 25
Begin step 26
Stress -1.40116e-13 93.0143 -1.1322e-13 93.0143 5.86739e-14 3.28639e-12 -1.1322e-13 3.28639e-12 -2.44543e-14
Strain 0 0.00866667 0 0.00866667 0 0 0 0 0
Strain mean -1.62668e-19 0.00866667 -5.66099e-19 0.00866667 2.43751e-33 1.6432e-17 -5.66099e-19 1.6432e-17 8.27548e-34
Plastic strain_mean 4.15641e-19 0.0082016 0 0.0082016 -4.15641e-19 0 0 0 0
Plastic strain_rate_mean 0 0 0 0 0 0 0 0 0
Dissipation 0.0303717
End step 26
Begin step 27
Stress 8.83188e-13 93.2129 -6.49476e-14 93.2129 5.91323e-13 2.92334e-12 -6.49476e-14 2.92334e-12 4.42746e-13
Strain 0 0.009 0 0.009 0 0 0 0 0
Strain mean 2.9451e-18 0.009 -3.24738e-19 0.009 -2.40741e-33 1.46167e-17 -3.24738e-19 1.46167e-17 -4.89006e-34
Plastic strain_mean 7.42886e-19 0.00853394 0 0.00853394 -7.42886e-19 0 0 0 0
Plastic strain_rate_mean 0 0 0 0 0 0 0 0 0
Dissipation 0.0304239
End step 27
Begin step 28
Stress -3.32285e-13 93.4108 -1.56904e-13 93.4108 -7.71367e-14 2.61142e-12 -1.56904e-13 2.61142e-12 -1.22935e-13
Strain 0 0.00933333 0 0.00933333 0 0 0 0 0
Strain mean -8.17753e-19 0.00933333 -7.84521e-19 0.00933333 2.22084e-33 1.30571e-17 -7.84521e-19 1.30571e-17 -5.28126e-34
Plastic strain_mean 2.28994e-19 0.00886628 0 0.00886628 -2.28994e-19 0 0 0 0
Plastic strain_rate_mean 0 0 0 0 0 0 0 0 0
Dissipation 0.0304761
End step 28
Begin step 29
Stress -1.49677e-13 93.6082 3.49862e-13 93.6082 -3.09075e-13 2.32683e-12 3.49862e-13 2.32683e-12 -1.37748e-13
Strain 0 0.00966667 0 0.00966667 0 0 0 0 0
Strain mean -9.16283e-19 0.00966667 1.74931e-18 0.00966667 3.82177e-34 1.16341e-17 1.74931e-18 1.16341e-17 -1.41435e-34
Plastic strain_mean -8.56637e-19 0.00919863 0 0.00919863 8.56637e-19 0 0 0 0
Plastic strain_rate_mean 0 0 0 0 0 0 0 0 0
Dissipation 0.0305282
End step 29
Begin step 30
Stress 4.18016e-13 93.805 4.59459e-13 93.805 2.53533e-13 2.09328e-12 4.59459e-13 2.09328e-12 2.01644e-13
Strain 0 0.01 0 0.01 0 0 0 0 0
Strain mean 1.34131e-18 0.01 2.29729e-18 0.01 -2.0463e-34 1.04664e-17 2.29729e-18 1.04664e-17 7.40279e-34
Plastic strain_mean 2.59448e-19 0.00953098 0 0.00953098 -2.59448e-19 0 0 0 0
Plastic strain_rate_mean 0 0 0 0 0 0 0 0 0
Dissipation 0.0305803
End step 30
