Begin step 0
Stress 0 0 0 0 0 0 0 0 0
Strain 0 0 0 0 0 0 0 0 0
Strain mean 0 0 0 0 0 0 0 0 0
Plastic strain_mean 0 0 0 0 0 0 0 0 0
Plastic strain_rate_mean 0 0 0 0 0 0 0 0 0
Dissipation 0
End step 0
Begin step 1
Stress -2.04896e-13 65.4944 5.18516e-13 65.4944 2.16814e-13 3.50833e-12 5.18516e-13 3.50833e-12 3.57863e-15
Strain 0 0.000333333 0 0.000333333 0 0 0 0 0
Strain mean 2.38046e-20 0.000333333 2.59258e-18 0.000333333 -1.48297e-32 1.75417e-17 2.59258e-18 1.75417e-17 2.84075e-33
Plastic strain_mean 1.06618e-18 5.86133e-06 0 5.86133e-06 -1.06618e-18 0 0 0 0
Plastic strain_rate_mean 0 0 0 0 0 0 0 0 0
Dissipation 0.000383869
End step 1
Begin step 2
Stress 2.45224e-12 103.4 6.12812e-12 103.4 -2.49857e-12 5.50485e-12 6.12812e-12 5.50485e-12 -1.39128e-14
Strain 0 0.000666667 0 0.000666667 0 0 0 0 0
Strain mean -9.25462e-20 0.000666667 3.06406e-17 0.000666667 2.52778e-34 2.75243e-17 3.06406e-17 2.75243e-17 1.26841e-33
Plastic strain_mean -1.24233e-17 0.000149669 0 0.000149669 1.24233e-17 0 0 0 0
Plastic strain_rate_mean 0 0 0 0 0 0 0 0 0
Dissipation 0.0148622
End step 2
Begin step 3
Stress 3.45089e-13 104.8 1.40111e-12 104.8 -3.65915e-13 4.03482e-13 1.40111e-12 4.03482e-13 -6.25333e-15
Strain 0 0.001 0 0.001 0 0 0 0 0
Strain mean -4.15964e-20 0.001 7.00553e-18 0.001 -8.79608e-33 2.01741e-18 7.00553e-18 2.01741e-18 1.32709e-33
Plastic strain_mean -1.79831e-18 0.000476002 0 0.000476002 1.79831e-18 0 0 0 0
Plastic strain_rate_mean 0 0 0 0 0 0 0 0 0
Dissipation 0.034172
End step 3
Begin step 4
Stress -8.28097e-13 105.03 -2.64721e-12 105.03 8.02065e-13 1.65207e-12 -2.64721e-12 1.65207e-12 -7.81666e-15
Strain 0 0.00133333 0 0.00133333 0 0 0 0 0
Strain mean -5.19955e-20 0.00133333 -1.3236e-17 0.00133333 -3.19734e-33 8.26033e-18 -1.3236e-17 8.26033e-18 1.36997e-33
Plastic strain_mean 4.04941e-18 0.000808182 0 0.000808182 -4.04941e-18 0 0 0 0
Plastic strain_rate_mean 0 0 0 0 0 0 0 0 0
Dissipation 0.0348495
End step 4
Begin step 5
Stress 2.1286e-13 105.242 -2.04235e-12 105.242 -1.57698e-13 1.54877e-12 -2.04235e-12 1.54877e-12 1.65635e-14
Strain 0 0.00166667 0 0.00166667 0 0 0 0 0
Strain mean 1.10178e-19 0.00166667 -1.02118e-17 0.00166667 1.14202e-33 7.74387e-18 -1.02118e-17 7.74387e-18 -1.14164e-34
Plastic strain_mean -8.71305e-19 0.00114045 0 0.00114045 8.71305e-19 0 0 0 0
Plastic strain_rate_mean 0 0 0 0 0 0 0 0 0
Dissipation 0.0349193
End step 5
Begin step 6
Stress 4.05067e-12 105.454 -2.79334e-12 105.454 -3.65137e-12 3.48163e-12 -2.79334e-12 3.48163e-12 1.19896e-13
Strain 0 0.002 0 0.002 0 0 0 0 0
Strain mean 7.97536e-19 0.002 -1.39667e-17 0.002 1.04722e-33 1.74081e-17 -1.39667e-17 1.74081e-17 -1.64908e-33
Plastic strain_mean -1.88564e-17 0.00147273 0 0.00147273 1.88564e-17 0 0 0 0
Plastic strain_rate_mean 0 0 0 0 0 0 0 0 0
Dissipation 0.0349801
End step 6
Begin step 7
Stress -8.09118e-13 105.665 -9.40247e-13 105.665 3.65083e-13 -5.7066e-12 -9.40247e-13 -5.7066e-12 -1.33329e-13
Strain 0 0.00233333 0 0.00233333 0 0 0 0 0
Strain mean -8.86886e-19 0.00233333 -4.70123e-18 0.00233333 2.02223e-32 -2.8533e-17 -4.70123e-18 -2.8533e-17 1.31279e-33
Plastic strain_mean 2.49206e-18 0.00180501 0 0.00180501 -2.49206e-18 0 0 0 0
Plastic strain_rate_mean 0 0 0 0 0 0 0 0 0
Dissipation 0.0350407
End step 7
Begin step 8
Stress -6.28171e-13 105.877 -9.20403e-13 105.877 7.68339e-13 -3.08751e-12 -9.20403e-13 -3.08751e-12 4.20877e-14
Strain 0 0.00266667 0 0.00266667 0 0 0 0 0
Strain mean 2.79962e-19 0.00266667 -4.60201e-18 0.00266667 1.10259e-32 -1.54375e-17 -4.60201e-18 -1.54375e-17 1.2354e-33
Plastic strain_mean 3.63126e-18 0.00213728 0 0.00213728 -3.63126e-18 0 0 0 0
Plastic strain_rate_mean 0 0 0 0 0 0 0 0 0
Dissipation 0.0351015
End step 8
Begin step 9
Stress 2.32081e-12 106.089 -4.47028e-12 106.089 -2.05499e-12 -5.69374e-12 -4.47028e-12 -5.69374e-12 7.98172e-14
Strain 0 0.003 0 0.003 0 0 0 0 0
Strain mean 5.30935e-19 0.003 -2.23514e-17 0.003 -1.40593e-32 -2.84687e-17 -2.23514e-17 -2.84687e-17 6.66101e-33
Plastic strain_mean -1.0674e-17 0.00246955 0 0.00246955 1.0674e-17 0 0 0 0
Plastic strain_rate_mean 0 0 0 0 0 0 0 0 0
Dissipation 0.0351624
End step 9
Begin step 10
Stress -1.36254e-12 106.302 3.81281e-12 106.302 1.58406e-12 7.2639e-12 3.81281e-12 7.2639e-12 6.65158e-14
Strain 0 0.00333333 0 0.00333333 0 0 0 0 0
Strain mean 4.42456e-19 0.00333333 1.9064e-17 0.00333333 -1.67074e-32 3.63195e-17 1.9064e-17 3.63195e-17 -1.76813e-33
Plastic strain_mean 7.58772e-18 0.00280182 0 0.00280182 -7.58772e-18 0 0 0 0
Plastic strain_rate_mean 0 0 0 0 0 0 0 0 0
Dissipation 0.0352234
End step 10
Begin step 11
Stress 3.55899e-13 106.515 2.00722e-12 106.515 -4.69773e-13 -2.6203e-13 2.00722e-12 -2.6203e-13 -3.41924e-14
Strain 0 0.00366667 0 0.00366667 0 0 0 0 0
Strain mean -2.27444e-19 0.00366667 1.00361e-17 0.00366667 3.54491e-33 -1.31015e-18 1.00361e-17 -1.31015e-18 7.13196e-34
Plastic strain_mean -2.1779e-18 0.00313409 0 0.00313409 2.1779e-18 0 0 0 0
Plastic strain_rate_mean 0 0 0 0 0 0 0 0 0
Dissipation 0.0352845
End step 11
Begin step 12
Stress 3.28362e-14 106.728 1.0523e-12 106.728 2.42671e-13 9.42169e-14 1.0523e-12 9.42169e-14 8.27256e-14
Strain 0 0.004 0 0.004 0 0 0 0 0
Strain mean 5.50281e-19 0.004 5.26151e-18 0.004 -1.69e-32 4.71085e-19 5.26151e-18 4.71085e-19 -1.50463e-34
Plastic strain_mean 7.99727e-19 0.00346636 0 0.00346636 -7.99727e-19 0 0 0 0
Plastic strain_rate_mean 0 0 0 0 0 0 0 0 0
Dissipation 0.0353456
End step 12
Begin step 13
Stress -7.64014e-13 106.941 3.58406e-12 106.941 6.95108e-13 -2.25691e-12 3.58406e-12 -2.25691e-12 -2.06901e-14
Strain 0 0.00433333 0 0.00433333 0 0 0 0 0
Strain mean -1.37628e-19 0.00433333 1.79203e-17 0.00433333 -1.15571e-32 -1.12846e-17 1.79203e-17 -1.12846e-17 -1.59491e-34
Plastic strain_mean 3.57899e-18 0.00379863 0 0.00379863 -3.57899e-18 0 0 0 0
Plastic strain_rate_mean 0 0 0 0 0 0 0 0 0
Dissipation 0.0354069
End step 13
Begin step 14
Stress -8.40278e-13 107.154 2.28657e-12 107.154 5.69657e-13 -1.426e-12 2.28657e-12 -1.426e-12 -8.12583e-14
Strain 0 0.00466667 0 0.00466667 0 0 0 0 0
Strain mean -5.40521e-19 0.00466667 1.14329e-17 0.00466667 -4.14075e-33 -7.12998e-18 1.14329e-17 -7.12998e-18 -2.67825e-34
Plastic strain_mean 3.25458e-18 0.00413089 0 0.00413089 -3.25458e-18 0 0 0 0
Plastic strain_rate_mean 0 0 0 0 0 0 0 0 0
Dissipation 0.0354681
End step 14
Begin step 15
Stress -1.49526e-12 107.368 4.608e-12 107.368 1.3966e-12 -1.65139e-12 4.608e-12 -1.65139e-12 -2.96247e-14
Strain 0 0.005 0 0.005 0 0 0 0 0
Strain mean -1.9706e-19 0.005 2.304e-17 0.005 1.25185e-32 -8.25693e-18 2.304e-17 -8.25693e-18 1.06227e-33
Plastic strain_mean 7.13112e-18 0.00446316 0 0.00446316 -7.13112e-18 0 0 0 0
Plastic strain_rate_mean 0 0 0 0 0 0 0 0 0
Dissipation 0.0355294
End step 15
Begin step 16
Stress -1.01325e-11 107.582 -1.45825e-12 107.582 1.00612e-11 5.15707e-13 -1.45825e-12 5.15707e-13 -2.14063e-14
Strain 0 0.00533333 0 0.00533333 0 0 0 0 0
Strain mean -1.42392e-19 0.00533333 -7.29123e-18 0.00533333 -2.55186e-33 2.57853e-18 -7.29123e-18 2.57853e-18 4.79677e-33
Plastic strain_mean 5.04131e-17 0.00479543 0 0.00479543 -5.04131e-17 0 0 0 0
Plastic strain_rate_mean 0 0 0 0 0 0 0 0 0
Dissipation 0.0355907
End step 16
Begin step 17
Stress -7.07861e-12 107.795 -1.14132e-12 107.795 7.91502e-12 3.7378e-13 -1.14132e-12 3.7378e-13 2.51146e-13
Strain 0 0.00566667 0 0.00566667 0 0 0 0 0
Strain mean 1.6706e-18 0.00566667 -5.7066e-18 0.00566667 -1.3e-33 1.8689e-18 -5.7066e-18 1.8689e-18 3.49075e-33
Plastic strain_mean 3.83194e-17 0.00512769 0 0.00512769 -3.83194e-17 0 0 0 0
Plastic strain_rate_mean 0 0 0 0 0 0 0 0 0
Dissipation 0.0356521
End step 17
Begin step 18
Stress -6.14478e-12 108.009 -7.23612e-13 108.009 6.51279e-12 2.79666e-13 -7.23612e-13 2.79666e-13 1.10499e-13
Strain 0 0.006 0 0.006 0 0 0 0 0
Strain mean 7.35025e-19 0.006 -3.61806e-18 0.006 -1.20371e-34 1.39833e-18 -3.61806e-18 1.39833e-18 2.5022e-33
Plastic strain_mean 3.20114e-17 0.00545995 0 0.00545995 -3.20114e-17 0 0 0 0
Plastic strain_rate_mean 0 0 0 0 0 0 0 0 0
Dissipation 0.0357134
End step 18
Begin step 19
Stress -4.98217e-12 108.223 -5.72385e-13 108.223 5.1176e-12 1.97851e-13 -5.72385e-13 1.97851e-13 4.06641e-14
Strain 0 0.00633333 0 0.00633333 0 0 0 0 0
Strain mean 2.70493e-19 0.00633333 -2.86192e-18 0.00633333 -5.77779e-34 9.89255e-19 -2.86192e-18 9.89255e-19 1.87477e-33
Plastic strain_mean 2.53847e-17 0.00579222 0 0.00579222 -2.53847e-17 0 0 0 0
Plastic strain_rate_mean 0 0 0 0 0 0 0 0 0
Dissipation 0.0357748
End step 19
Begin step 20
Stress -3.36891e-12 108.437 -2.40644e-13 108.437 4.0258e-12 1.24492e-13 -2.40644e-13 1.24492e-13 1.97242e-13
Strain 0 0.00666667 0 0.00666667 0 0 0 0 0
Strain mean 1.31203e-18 0.00666667 -1.20322e-18 0.00666667 -3.10556e-33 6.22461e-19 -1.20322e-18 6.22461e-19 2.44653e-33
Plastic strain_mean 1.91428e-17 0.00612448 0 0.00612448 -1.91428e-17 0 0 0 0
Plastic strain_rate_mean 0 0 0 0 0 0 0 0 0
Dissipation 0.0358361
End step 20
Begin step 21
Stress -3.54859e-12 108.651 -3.4521e-13 108.651 3.34767e-12 1.16042e-13 -3.4521e-13 1.16042e-13 -6.03324e-14
Strain 0 0.007 0 0.007 0 0 0 0 0
Strain mean -4.01324e-19 0.007 -1.72605e-18 0.007 -1.54074e-33 5.80212e-19 -1.72605e-18 5.80212e-19 1.63554e-33
Plastic strain_mean 1.704e-17 0.00645674 0 0.00645674 -1.704e-17 0 0 0 0
Plastic strain_rate_mean 0 0 0 0 0 0 0 0 0
Dissipation 0.0358975
End step 21
Begin step 22
Stress -3.83325e-12 108.865 -5.84639e-13 108.865 2.22832e-12 8.87307e-14 -5.84639e-13 8.87307e-14 -4.81908e-13
Strain 0 0.00733333 0 0.00733333 0 0 0 0 0
Strain mean -3.2056e-18 0.00733333 -2.92319e-18 0.00733333 -6.86113e-34 4.43654e-19 -2.92319e-18 4.43654e-19 1.47003e-33
Plastic strain_mean 1.35511e-17 0.00678901 0 0.00678901 -1.35511e-17 0 0 0 0
Plastic strain_rate_mean 0 0 0 0 0 0 0 0 0
Dissipation 0.0359588
End step 22
Begin step 23
Stress -4.16752e-12 109.08 2.2794e-12 109.08 3.661e-12 -2.39957e-12 2.2794e-12 -2.39957e-12 -1.52089e-13
Strain 0 0.00766667 0 0.00766667 0 0 0 0 0
Strain mean -1.01168e-18 0.00766667 1.1397e-17 0.00766667 3.7661e-33 -1.19978e-17 1.1397e-17 -1.19978e-17 8.36281e-33
Plastic strain_mean 1.90655e-17 0.00712127 0 0.00712127 -1.90655e-17 0 0 0 0
Plastic strain_rate_mean 0 0 0 0 0 0 0 0 0
Dissipation 0.0360202
End step 23
Begin step 24
Stress -3.00837e-12 109.294 1.92676e-12 109.294 3.50767e-12 -1.9152e-12 1.92676e-12 -1.9152e-12 1.49923e-13
Strain 0 0.008 0 0.008 0 0 0 0 0
Strain mean 9.97268e-19 0.008 9.63378e-18 0.008 -1.20371e-35 -9.57602e-18 9.63378e-18 -9.57602e-18 6.4387e-33
Plastic strain_mean 1.67887e-17 0.00745353 0 0.00745353 -1.67887e-17 0 0 0 0
Plastic strain_rate_mean 0 0 0 0 0 0 0 0 0
Dissipation 0.0360816
End step 24
Begin step 25
Stress -2.10769e-12 109.508 1.30652e-12 109.508 2.62345e-12 -1.5769e-12 1.30652e-12 -1.5769e-12 1.54866e-13
Strain 0 0.00833333 0 0.00833333 0 0 0 0 0
Strain mean 1.03015e-18 0.00833333 6.5326e-18 0.00833333 -6.22316e-33 -7.88452e-18 6.5326e-18 -7.88452e-18 5.95929e-33
Plastic strain_mean 1.23429e-17 0.00778579 0 0.00778579 -1.23429e-17 0 0 0 0
Plastic strain_rate_mean 0 0 0 0 0 0 0 0 0
Dissipation 0.0361429
End step 25
Begin step 26
Stress -2.02671e-12 109.722 1.34729e-12 109.722 2.13898e-12 -1.26439e-12 1.34729e-12 -1.26439e-12 3.37121e-14
Strain 0 0.00866667 0 0.00866667 0 0 0 0 0
Strain mean 2.24249e-19 0.00866667 6.73645e-18 0.00866667 1.26991e-33 -6.32194e-18 6.73645e-18 -6.32194e-18 4.2882e-33
Plastic strain_mean 1.05264e-17 0.00811806 0 0.00811806 -1.05264e-17 0 0 0 0
Plastic strain_rate_mean 0 0 0 0 0 0 0 0 0
Dissipation 0.0362043
End step 26
Begin step 27
Stress -1.92147e-12 109.936 7.98686e-13 109.936 1.56545e-12 -1.02294e-12 7.98686e-13 -1.02294e-12 -1.069e-13
Strain 0 0.009 0 0.009 0 0 0 0 0
Strain mean -7.11089e-19 0.009 3.99343e-18 0.009 1.61297e-33 -5.11472e-18 3.99343e-18 -5.11472e-18 3.39539e-33
Plastic strain_mean 8.36176e-18 0.00845032 0 0.00845032 -8.36176e-18 0 0 0 0
Plastic strain_rate_mean 0 0 0 0 0 0 0 0 0
Dissipation 0.0362656
End step 27
Begin step 28
Stress 3.72331e-12 110.15 1.75028e-12 110.15 -3.49195e-12 -1.86728e-12 1.75028e-12 -1.86728e-12 6.94678e-14
Strain 0 0.00933333 0 0.00933333 0 0 0 0 0
Strain mean 4.62092e-19 0.00933333 8.75139e-18 0.00933333 -4.1889e-33 -9.33639e-18 8.75139e-18 -9.33639e-18 6.98962e-33
Plastic strain_mean -1.78071e-17 0.00878258 0 0.00878258 1.78071e-17 0 0 0 0
Plastic strain_rate_mean 0 0 0 0 0 0 0 0 0
Dissipation 0.0363269
End step 28
Begin step 29
Stress -3.42376e-12 110.365 -9.85453e-13 110.365 2.84471e-12 6.75096e-13 -9.85453e-13 6.75096e-13 -1.7387e-13
Strain 0 0.00966667 0 0.00966667 0 0 0 0 0
Strain mean -1.15657e-18 0.00966667 -4.92727e-18 0.00966667 -2.27019e-32 3.37548e-18 -4.92727e-18 3.37548e-18 -4.53699e-33
Plastic strain_mean 1.50929e-17 0.00911484 0 0.00911484 -1.50929e-17 0 0 0 0
Plastic strain_rate_mean 0 0 0 0 0 0 0 0 0
Dissipation 0.0363883
End step 29
Begin step 30
Stress -1.39308e-12 110.579 -6.17498e-13 110.579 2.56306e-12 5.59046e-13 -6.17498e-13 5.59046e-13 3.51304e-13
Strain 0 0.01 0 0.01 0 0 0 0 0
Strain mean 2.33683e-18 0.01 -3.08749e-18 0.01 9.73046e-33 2.79523e-18 -3.08749e-18 2.79523e-18 -3.58639e-33
Plastic strain_mean 1.10588e-17 0.00944711 0 0.00944711 -1.10588e-17 0 0 0 0
Plastic strain_rate_mean 0 0 0 0 0 0 0 0 0
Dissipation 0.0364496
End step 30
