Begin step 0
Stress 0 0 0 0 0 0 0 0 0
Strain 0 0 0 0 0 0 0 0 0
Strain mean 0 0 0 0 0 0 0 0 0
Plastic strain_mean 0 0 0 0 0 0 0 0 0
Plastic strain_rate_mean 0 0 0 0 0 0 0 0 0
Dissipation 0
End step 0
Begin step 1
Stress -5.47083e-14 6.45885 2.58542e-12 6.45885 5.53737e-14 -2.08053e-12 2.58542e-12 -2.08053e-12 1.99783e-16
Strain 0 3.33333e-05 0 3.33333e-05 0 0 0 0 0
Strain mean 1.32894e-21 3.33333e-05 1.29271e-17 3.33333e-05 4.81482e-33 -1.04027e-17 1.29271e-17 -1.04027e-17 -3.57614e-33
Plastic strain_mean 2.75869e-19 1.03906e-06 0 1.03906e-06 -2.75869e-19 0 0 0 0
Plastic strain_rate_mean 0 0 0 0 0 0 0 0 0
Dissipation 6.71076e-06
End step 1
Begin step 2
Stress -1.06642e-13 12.7147 1.20341e-13 12.7147 1.03319e-13 2.42453e-12 1.20341e-13 2.42453e-12 -9.97825e-16
Strain 0 6.66667e-05 0 6.66667e-05 0 0 0 0 0
Strain mean -6.63742e-21 6.66667e-05 6.01705e-19 6.66667e-05 -6.11483e-33 1.21226e-17 6.01705e-19 1.21226e-17 5.29029e-33
Plastic strain_mean 5.21582e-19 3.09299e-06 0 3.09299e-06 -5.21582e-19 0 0 0 0
Plastic strain_rate_mean 0 0 0 0 0 0 0 0 0
Dissipation 2.61129e-05
End step 2
Begin step 3
Stress -5.17467e-14 18.7709 -2.36368e-12 18.7709 4.78491e-14 3.13711e-12 -2.36368e-12 3.13711e-12 -1.17032e-15
Strain 0 0.0001 0 0.0001 0 0 0 0 0
Strain mean -7.7848e-21 0.0001 -1.18184e-17 0.0001 -8.64261e-33 1.56855e-17 -1.18184e-17 1.56855e-17 4.81482e-34
Plastic strain_mean 2.45097e-19 6.14551e-06 0 6.14551e-06 -2.45097e-19 0 0 0 0
Plastic strain_rate_mean 0 0 0 0 0 0 0 0 0
Dissipation 5.72919e-05
End step 3
Begin step 4
Stress 6.02937e-15 24.6292 -3.39676e-12 24.6292 -2.57209e-14 4.37624e-12 -3.39676e-12 4.37624e-12 -5.91271e-15
Strain 0 0.000133333 0 0.000133333 0 0 0 0 0
Strain mean -3.93307e-20 0.000133333 -1.69838e-17 0.000133333 1.04963e-32 2.18812e-17 -1.69838e-17 2.18812e-17 1.89584e-33
Plastic strain_mean -9.90411e-20 1.01873e-05 0 1.01873e-05 9.90411e-20 0 0 0 0
Plastic strain_rate_mean 0 0 0 0 0 0 0 0 0
Dissipation 9.95306e-05
End step 4
Begin step 5
Stress -1.49722e-13 30.2903 -1.40131e-12 30.2903 1.57605e-13 1.52919e-12 -1.40131e-12 1.52919e-12 2.36683e-15
Strain 0 0.000166667 0 0.000166667 0 0 0 0 0
Strain mean 1.57439e-20 0.000166667 -7.00655e-18 0.000166667 1.00148e-32 7.64595e-18 -7.00655e-18 7.64595e-18 -2.47061e-33
Plastic strain_mean 7.76189e-19 1.52151e-05 0 1.52151e-05 -7.76189e-19 0 0 0 0
Plastic strain_rate_mean 0 0 0 0 0 0 0 0 0
Dissipation 0.000152267
End step 5
Begin step 6
Stress -4.67482e-13 35.7537 -2.42053e-12 35.7537 4.39065e-13 2.65105e-12 -2.42053e-12 2.65105e-12 -8.53282e-15
Strain 0 0.0002 0 0.0002 0 0 0 0 0
Strain mean -5.67593e-20 0.0002 -1.21026e-17 0.0002 4.21297e-35 1.32552e-17 -1.21026e-17 1.32552e-17 -4.62524e-33
Plastic strain_mean 2.23799e-18 2.12316e-05 0 2.12316e-05 -2.23799e-18 0 0 0 0
Plastic strain_rate_mean 0 0 0 0 0 0 0 0 0
Dissipation 0.000215066
End step 6
Begin step 7
Stress -4.48786e-13 41.0177 -1.89283e-12 41.0177 4.59315e-13 1.88992e-12 -1.89283e-12 1.88992e-12 3.1616e-15
Strain 0 0.000233333 0 0.000233333 0 0 0 0 0
Strain mean 2.10306e-20 0.000233333 -9.46415e-18 0.000233333 9.34226e-33 9.44959e-18 -9.46415e-18 9.44959e-18 -1.59491e-34
Plastic strain_mean 2.28077e-18 2.82449e-05 0 2.82449e-05 -2.28077e-18 0 0 0 0
Plastic strain_rate_mean 0 0 0 0 0 0 0 0 0
Dissipation 0.000287594
End step 7
Begin step 8
Stress -5.00273e-13 46.0797 -2.53283e-12 46.0797 5.03094e-13 2.83978e-12 -2.53283e-12 2.83978e-12 8.47168e-16
Strain 0 0.000266667 0 0.000266667 0 0 0 0 0
Strain mean 5.63527e-21 0.000266667 -1.26642e-17 0.000266667 1.36952e-32 1.41989e-17 -1.26642e-17 1.41989e-17 -4.43867e-34
Plastic strain_mean 2.51124e-18 3.62681e-05 0 3.62681e-05 -2.51124e-18 0 0 0 0
Plastic strain_rate_mean 0 0 0 0 0 0 0 0 0
Dissipation 0.000369604
End step 8
Begin step 9
Stress -5.99346e-13 50.936 -3.14732e-12 50.936 6.03404e-13 4.16952e-12 -3.14732e-12 4.16952e-12 1.21835e-15
Strain 0 0.0003 0 0.0003 0 0 0 0 0
Strain mean 8.10433e-21 0.0003 -1.57366e-17 0.0003 -5.21084e-32 2.08476e-17 -1.57366e-17 2.08476e-17 -1.80857e-33
Plastic strain_mean 3.01093e-18 4.53201e-05 0 4.53201e-05 -3.01093e-18 0 0 0 0
Plastic strain_rate_mean 0 0 0 0 0 0 0 0 0
Dissipation 0.00046092
End step 9
Begin step 10
Stress -5.70226e-13 55.5817 -8.07729e-13 55.5817 5.2901e-13 9.12165e-13 -8.07729e-13 9.12165e-13 -1.23756e-14
Strain 0 0.000333333 0 0.000333333 0 0 0 0 0
Strain mean -8.23214e-20 0.000333333 -4.03864e-18 0.000333333 -1.37644e-31 4.56083e-18 -4.03864e-18 4.56083e-18 6.16899e-35
Plastic strain_mean 2.70693e-18 5.54248e-05 0 5.54248e-05 -2.70693e-18 0 0 0 0
Plastic strain_rate_mean 0 0 0 0 0 0 0 0 0
Dissipation 0.000561427
End step 10
Begin step 11
Stress -5.24338e-13 60.011 -8.26597e-13 60.011 5.15786e-13 1.54237e-12 -8.26597e-13 1.54237e-12 -2.56771e-15
Strain 0 0.000366667 0 0.000366667 0 0 0 0 0
Strain mean -1.70801e-20 0.000366667 -4.13299e-18 0.000366667 -1.86249e-31 7.71185e-18 -4.13299e-18 7.71185e-18 -1.22176e-33
Plastic strain_mean 2.59177e-18 6.66116e-05 0 6.66116e-05 -2.59177e-18 0 0 0 0
Plastic strain_rate_mean 0 0 0 0 0 0 0 0 0
Dissipation 0.000671051
End step 11
Begin step 12
Stress -7.94038e-13 64.2169 -3.19371e-12 64.2169 7.70071e-13 -1.81589e-12 -3.19371e-12 -1.81589e-12 -7.19656e-15
Strain 0 0.0004 0 0.0004 0 0 0 0 0
Strain mean -4.78707e-20 0.0004 -1.59686e-17 0.0004 -3.82682e-31 -9.07943e-18 -1.59686e-17 -9.07943e-18 -4.34989e-33
Plastic strain_mean 3.88634e-18 7.89155e-05 0 7.89155e-05 -3.88634e-18 0 0 0 0
Plastic strain_rate_mean 0 0 0 0 0 0 0 0 0
Dissipation 0.000789746
End step 12
Begin step 13
Stress -6.09449e-13 68.1913 1.24441e-12 68.1913 6.18611e-13 1.54377e-12 1.24441e-12 1.54377e-12 2.75111e-15
Strain 0 0.000433333 0 0.000433333 0 0 0 0 0
Strain mean 1.83001e-20 0.000433333 6.22205e-18 0.000433333 -8.39705e-32 7.71885e-18 6.22205e-18 7.71885e-18 9.87039e-34
Plastic strain_mean 3.0793e-18 9.23769e-05 0 9.23769e-05 -3.0793e-18 0 0 0 0
Plastic strain_rate_mean 0 0 0 0 0 0 0 0 0
Dissipation 0.000917471
End step 13
Begin step 14
Stress -4.99177e-13 71.925 -2.02918e-12 71.925 3.9048e-13 3.81156e-13 -2.02918e-12 3.81156e-13 -3.26378e-14
Strain 0 0.000466667 0 0.000466667 0 0 0 0 0
Strain mean -2.17103e-19 0.000466667 -1.01459e-17 0.000466667 -1.73334e-33 1.90578e-18 -1.01459e-17 1.90578e-18 2.01621e-33
Plastic strain_mean 2.11559e-18 0.000107042 0 0.000107042 -2.11559e-18 0 0 0 0
Plastic strain_rate_mean 0 0 0 0 0 0 0 0 0
Dissipation 0.00105415
End step 14
Begin step 15
Stress -6.01307e-13 75.4078 -2.17005e-12 75.4078 5.97874e-13 2.19707e-13 -2.17005e-12 2.19707e-13 -1.03058e-15
Strain 0 0.0005 0 0.0005 0 0 0 0 0
Strain mean -6.85527e-21 0.0005 -1.08503e-17 0.0005 -3.44741e-32 1.09854e-18 -1.08503e-17 1.09854e-18 -1.33912e-34
Plastic strain_mean 2.99453e-18 0.000122961 0 0.000122961 -2.99453e-18 0 0 0 0
Plastic strain_rate_mean 0 0 0 0 0 0 0 0 0
Dissipation 0.00119965
End step 15
Begin step 16
Stress 7.37029e-14 78.6289 3.20631e-12 78.6289 -4.57798e-14 5.05189e-13 3.20631e-12 5.05189e-13 8.38435e-15
Strain 0 0.000533333 0 0.000533333 0 0 0 0 0
Strain mean 5.57717e-20 0.000533333 1.60315e-17 0.000533333 1.07659e-31 2.52595e-18 1.60315e-17 2.52595e-18 -2.17269e-33
Plastic strain_mean -2.70821e-19 0.000140189 0 0.000140189 2.70821e-19 0 0 0 0
Plastic strain_rate_mean 0 0 0 0 0 0 0 0 0
Dissipation 0.00135364
End step 16
Begin step 17
Stress -7.9539e-13 81.577 3.79825e-12 81.577 7.86737e-13 1.10928e-12 3.79825e-12 1.10928e-12 -2.59827e-15
Strain 0 0.000566667 0 0.000566667 0 0 0 0 0
Strain mean -1.72834e-20 0.000566667 1.89912e-17 0.000566667 3.96742e-32 5.54642e-18 1.89912e-17 5.54642e-18 6.56923e-33
Plastic strain_mean 3.94667e-18 0.000158782 0 0.000158782 -3.94667e-18 0 0 0 0
Plastic strain_rate_mean 0 0 0 0 0 0 0 0 0
Dissipation 0.00151556
End step 17
Begin step 18
Stress -8.55761e-13 84.241 7.35338e-14 84.241 8.52111e-13 -7.26304e-13 7.35338e-14 -7.26304e-13 -1.09608e-15
Strain 0 0.0006 0 0.0006 0 0 0 0 0
Strain mean -7.29099e-21 0.0006 3.67669e-19 0.0006 1.95482e-32 -3.63152e-18 3.67669e-19 -3.63152e-18 -5.81465e-33
Plastic strain_mean 4.26603e-18 0.000178795 0 0.000178795 -4.26603e-18 0 0 0 0
Plastic strain_rate_mean 0 0 0 0 0 0 0 0 0
Dissipation 0.00168442
End step 18
Begin step 19
Stress -1.07483e-12 86.6117 5.33186e-13 86.6117 1.08178e-12 -4.62911e-13 5.33186e-13 -4.62911e-13 2.08735e-15
Strain 0 0.000633333 0 0.000633333 0 0 0 0 0
Strain mean 1.38848e-20 0.000633333 2.66593e-18 0.000633333 9.07113e-32 -2.31456e-18 2.66593e-18 -2.31456e-18 -5.35266e-33
Plastic strain_mean 5.39848e-18 0.000200275 0 0.000200275 -5.39848e-18 0 0 0 0
Plastic strain_rate_mean 0 0 0 0 0 0 0 0 0
Dissipation 0.00185859
End step 19
Begin step 20
Stress -1.22793e-12 88.6826 -6.03362e-13 88.6826 1.30181e-12 1.14914e-12 -6.03362e-13 1.14914e-12 2.21836e-14
Strain 0 0.000666667 0 0.000666667 0 0 0 0 0
Strain mean 1.47563e-19 0.000666667 -3.01681e-18 0.000666667 2.88889e-34 5.74569e-18 -3.01681e-18 5.74569e-18 -5.72738e-33
Plastic strain_mean 6.39813e-18 0.000223254 0 0.000223254 -6.39813e-18 0 0 0 0
Plastic strain_rate_mean 0 0 0 0 0 0 0 0 0
Dissipation 0.00203558
End step 20
Begin step 21
Stress -1.29156e-12 90.4528 -1.62843e-12 90.4528 1.21279e-12 2.9336e-12 -1.62843e-12 2.9336e-12 -2.36508e-14
Strain 0 0.0007 0 0.0007 0 0 0 0 0
Strain mean -1.57323e-19 0.0007 -8.14217e-18 0.0007 -1.64763e-31 1.4668e-17 -8.14217e-18 1.4668e-17 -6.58874e-33
Plastic strain_mean 6.18221e-18 0.000247736 0 0.000247736 -6.18221e-18 0 0 0 0
Plastic strain_rate_mean 0 0 0 0 0 0 0 0 0
Dissipation 0.00221184
End step 21
Begin step 22
Stress 2.38099e-13 91.9286 2.42088e-12 91.9286 -2.67927e-13 -2.53215e-12 2.42088e-12 -2.53215e-12 -8.9564e-15
Strain 0 0.000733333 0 0.000733333 0 0 0 0 0
Strain mean -5.9577e-20 0.000733333 1.21044e-17 0.000733333 -7.55446e-32 -1.26608e-17 1.21044e-17 -1.26608e-17 -8.12502e-34
Plastic strain_mean -1.29485e-18 0.00027369 0 0.00027369 1.29485e-18 0 0 0 0
Plastic strain_rate_mean 0 0 0 0 0 0 0 0 0
Dissipation 0.00238273
End step 22
Begin step 23
Stress 4.25016e-13 93.1259 -1.13237e-13 93.1259 -4.34774e-13 4.60831e-12 -1.13237e-13 4.60831e-12 -2.93015e-15
Strain 0 0.000766667 0 0.000766667 0 0 0 0 0
Strain mean -1.94911e-20 0.000766667 -5.66185e-19 0.000766667 5.72001e-32 2.30415e-17 -5.66185e-19 2.30415e-17 -5.41668e-35
Plastic strain_mean -2.15922e-18 0.000301037 0 0.000301037 2.15922e-18 0 0 0 0
Plastic strain_rate_mean 0 0 0 0 0 0 0 0 0
Dissipation 0.00254289
End step 23
Begin step 24
Stress -3.03641e-13 94.0706 -2.1476e-12 94.0706 1.89563e-13 3.79925e-14 -2.1476e-12 3.79925e-14 -3.42536e-14
Strain 0 0.0008 0 0.0008 0 0 0 0 0
Strain mean -2.27851e-19 0.0008 -1.0738e-17 0.0008 -4.33334e-33 1.89963e-19 -1.0738e-17 1.89963e-19 1.90787e-33
Plastic strain_mean 1.11909e-18 0.000329647 0 0.000329647 -1.11909e-18 0 0 0 0
Plastic strain_rate_mean 0 0 0 0 0 0 0 0 0
Dissipation 0.002687
End step 24
Begin step 25
Stress -3.1145e-13 94.7962 1.60946e-12 94.7962 4.13602e-13 7.34556e-13 1.60946e-12 7.34556e-13 3.06727e-14
Strain 0 0.000833333 0 0.000833333 0 0 0 0 0
Strain mean 2.04032e-19 0.000833333 8.0473e-18 0.000833333 -3.0526e-31 3.67278e-18 8.0473e-18 3.67278e-18 1.02315e-34
Plastic strain_mean 1.91465e-18 0.000359352 0 0.000359352 -1.91465e-18 0 0 0 0
Plastic strain_rate_mean 0 0 0 0 0 0 0 0 0
Dissipation 0.00281092
End step 25
Begin step 26
Stress 6.49954e-13 95.341 1.67144e-12 95.341 -6.02092e-13 3.20196e-12 1.67144e-12 3.20196e-12 1.43713e-14
Strain 0 0.000866667 0 0.000866667 0 0 0 0 0
Strain mean 9.55962e-20 0.000866667 8.35719e-18 0.000866667 1.03543e-31 1.60098e-17 8.35719e-18 1.60098e-17 -2.51725e-33
Plastic strain_mean -3.08232e-18 0.000389961 0 0.000389961 3.08232e-18 0 0 0 0
Plastic strain_rate_mean 0 0 0 0 0 0 0 0 0
Dissipation 0.00291267
End step 26
Begin step 27
Stress -1.63319e-12 95.7434 1.77588e-12 95.7434 1.61055e-12 6.24984e-12 1.77588e-12 6.24984e-12 -6.79918e-15
Strain 0 0.0009 0 0.0009 0 0 0 0 0
Strain mean -4.52274e-20 0.0009 8.87938e-18 0.0009 -1.43963e-32 3.12492e-17 8.87938e-18 3.12492e-17 4.10201e-33
Plastic strain_mean 8.08672e-18 0.000421283 0 0.000421283 -8.08672e-18 0 0 0 0
Plastic strain_rate_mean 0 0 0 0 0 0 0 0 0
Dissipation 0.00299262
End step 27
Begin step 28
Stress -2.20635e-12 96.0377 1.15327e-12 96.0377 2.15283e-12 2.19139e-12 1.15327e-12 2.19139e-12 -1.607e-14
Strain 0 0.000933333 0 0.000933333 0 0 0 0 0
Strain mean -1.06896e-19 0.000933333 5.76635e-18 0.000933333 -1.51667e-33 1.0957e-17 5.76635e-18 1.0957e-17 1.63967e-33
Plastic strain_mean 1.08445e-17 0.000453145 0 0.000453145 -1.08445e-17 0 0 0 0
Plastic strain_rate_mean 0 0 0 0 0 0 0 0 0
Dissipation 0.00305312
End step 28
Begin step 29
Stress -2.34775e-12 96.2529 3.8133e-13 96.2529 2.3077e-12 4.0061e-13 3.8133e-13 4.0061e-13 -1.20263e-14
Strain 0 0.000966667 0 0.000966667 0 0 0 0 0
Strain mean -7.99976e-20 0.000966667 1.90665e-18 0.000966667 7.60742e-33 2.00305e-18 1.90665e-18 2.00305e-18 8.40337e-34
Plastic strain_mean 1.15986e-17 0.000485402 0 0.000485402 -1.15986e-17 0 0 0 0
Plastic strain_rate_mean 0 0 0 0 0 0 0 0 0
Dissipation 0.00309756
End step 29
Begin step 30
Stress -1.96881e-12 96.4114 4.98454e-13 96.4114 2.05877e-12 -3.16189e-13 4.98454e-13 -3.16189e-13 2.70133e-14
Strain 0 0.001 0 0.001 0 0 0 0 0
Strain mean 1.79689e-19 0.001 2.49227e-18 0.001 6.1389e-33 -1.58095e-18 2.49227e-18 -1.58095e-18 -1.86198e-34
Plastic strain_mean 1.01588e-17 0.000517943 0 0.000517943 -1.01588e-17 0 0 0 0
Plastic strain_rate_mean 0 0 0 0 0 0 0 0 0
Dissipation 0.00312948
End step 30
