Begin step 0
Stress 0 0 0 0 0 0 0 0 0
Strain 0 0 0 0 0 0 0 0 0
Strain mean 0 0 0 0 0 0 0 0 0
Plastic strain_mean 0 0 0 0 0 0 0 0 0
Plastic strain_rate_mean 0 0 0 0 0 0 0 0 0
Dissipation 0
End step 0
Begin step 1
Stress 3.7492e-14 6.54058 -9.65902e-13 6.54058 -3.78664e-14 -2.225e-12 -9.65902e-13 -2.225e-12 -1.12446e-16
Strain 0 3.33333e-05 0 3.33333e-05 0 0 0 0 0
Strain mean -7.4798e-22 3.33333e-05 -4.82951e-18 3.33333e-05 1.05023e-33 -1.1125e-17 -4.82951e-18 -1.1125e-17 8.67421e-34
Plastic strain_mean -1.8877e-19 6.30435e-07 0 6.30435e-07 1.8877e-19 0 0 0 0
Plastic strain_rate_mean 0 0 0 0 0 0 0 0 0
Dissipation 4.12328e-06
End step 1
Begin step 2
Stress 9.11242e-14 12.9575 5.48307e-13 12.9575 -8.76811e-14 -3.31042e-12 5.48307e-13 -3.31042e-12 1.03385e-15
Strain 0 6.66667e-05 0 6.66667e-05 0 0 0 0 0
Strain mean 6.87706e-21 6.66667e-05 2.74154e-18 6.66667e-05 1.95e-33 -1.65521e-17 2.74154e-18 -1.65521e-17 2.57292e-34
Plastic strain_mean -4.43575e-19 1.87935e-06 0 1.87935e-06 4.43575e-19 0 0 0 0
Plastic strain_rate_mean 0 0 0 0 0 0 0 0 0
Dissipation 1.6182e-05
End step 2
Begin step 3
Stress 1.38823e-13 19.253 5.31843e-13 19.253 -1.34446e-13 -3.24433e-12 5.31843e-13 -3.24433e-12 1.31442e-15
Strain 0 0.0001 0 0.0001 0 0 0 0 0
Strain mean 8.74338e-21 0.0001 2.65922e-18 0.0001 3.25001e-34 -1.62217e-17 2.65922e-18 -1.62217e-17 3.58291e-34
Plastic strain_mean -6.78801e-19 3.73501e-06 0 3.73501e-06 6.78801e-19 0 0 0 0
Plastic strain_rate_mean 0 0 0 0 0 0 0 0 0
Dissipation 3.57247e-05
End step 3
Begin step 4
Stress 1.70685e-13 25.4295 5.1808e-13 25.4295 -1.83134e-13 -3.17885e-12 5.1808e-13 -3.17885e-12 -3.73802e-15
Strain 0 0.000133333 0 0.000133333 0 0 0 0 0
Strain mean -2.48649e-20 0.000133333 2.5904e-18 0.000133333 -1.3963e-33 -1.58943e-17 2.5904e-18 -1.58943e-17 2.16479e-34
Plastic strain_mean -8.96979e-19 6.18591e-06 0 6.18591e-06 8.96979e-19 0 0 0 0
Plastic strain_rate_mean 0 0 0 0 0 0 0 0 0
Dissipation 6.23197e-05
End step 4
Begin step 5
Stress 2.22057e-13 31.4892 4.92885e-13 31.4892 -2.18392e-13 -3.11559e-12 4.92885e-13 -3.11559e-12 1.10045e-15
Strain 0 0.000166667 0 0.000166667 0 0 0 0 0
Strain mean 7.32004e-21 0.000166667 2.46443e-18 0.000166667 3.85186e-34 -1.55779e-17 2.46443e-18 -1.55779e-17 2.00868e-34
Plastic strain_mean -1.09746e-18 9.22075e-06 0 9.22075e-06 1.09746e-18 0 0 0 0
Plastic strain_rate_mean 0 0 0 0 0 0 0 0 0
Dissipation 9.55545e-05
End step 5
Begin step 6
Stress 2.48931e-13 37.4343 4.82134e-13 37.4343 -2.59794e-13 -3.05316e-12 4.82134e-13 -3.05316e-12 -3.26204e-15
Strain 0 0.0002 0 0.0002 0 0 0 0 0
Strain mean -2.16987e-20 0.0002 2.41067e-18 0.0002 -3.32524e-33 -1.52658e-17 2.41067e-18 -1.52658e-17 1.89208e-34
Plastic strain_mean -1.28266e-18 1.28284e-05 0 1.28284e-05 1.28266e-18 0 0 0 0
Plastic strain_rate_mean 0 0 0 0 0 0 0 0 0
Dissipation 0.000135035
End step 6
Begin step 7
Stress 2.93876e-13 43.2669 2.27502e-12 43.2669 -2.74512e-13 -3.78251e-12 2.27502e-12 -3.78251e-12 5.81446e-15
Strain 0 0.000233333 0 0.000233333 0 0 0 0 0
Strain mean 3.86771e-20 0.000233333 1.13751e-17 0.000233333 -4.86297e-33 -1.89125e-17 1.13751e-17 -1.89125e-17 -1.48789e-33
Plastic strain_mean -1.40163e-18 1.69988e-05 0 1.69988e-05 1.40163e-18 0 0 0 0
Plastic strain_rate_mean 0 0 0 0 0 0 0 0 0
Dissipation 0.000180415
End step 7
Begin step 8
Stress 3.54345e-13 48.9869 8.11331e-13 48.9869 -3.57021e-13 -2.14479e-12 8.11331e-13 -2.14479e-12 -8.035e-16
Strain 0 0.000266667 0 0.000266667 0 0 0 0 0
Strain mean -5.34479e-21 0.000266667 4.05666e-18 0.000266667 2.59038e-31 -1.07239e-17 4.05666e-18 -1.07239e-17 -2.29908e-33
Plastic strain_mean -1.78109e-18 2.1732e-05 0 2.1732e-05 1.78109e-18 0 0 0 0
Plastic strain_rate_mean 0 0 0 0 0 0 0 0 0
Dissipation 0.000231826
End step 8
Begin step 9
Stress 2.95046e-13 54.5851 -2.44871e-12 54.5851 -2.92384e-13 2.71021e-12 -2.44871e-12 2.71021e-12 7.99133e-16
Strain 0 0.0003 0 0.0003 0 0 0 0 0
Strain mean 5.31574e-21 0.0003 -1.22435e-17 0.0003 2.13393e-31 1.3551e-17 -1.22435e-17 1.3551e-17 3.61112e-34
Plastic strain_mean -1.46592e-18 2.70747e-05 0 2.70747e-05 1.46592e-18 0 0 0 0
Plastic strain_rate_mean 0 0 0 0 0 0 0 0 0
Dissipation 0.000291578
End step 9
Begin step 10
Stress 1.78747e-13 60.0352 5.66287e-13 60.0352 -1.51805e-13 1.70465e-12 5.66287e-13 1.70465e-12 8.08959e-15
Strain 0 0.000333333 0 0.000333333 0 0 0 0 0
Strain mean 5.3811e-20 0.000333333 2.83143e-18 0.000333333 4.23705e-33 8.52324e-18 2.83143e-18 8.52324e-18 8.95256e-34
Plastic strain_mean -7.99475e-19 3.31572e-05 0 3.31572e-05 7.99475e-19 0 0 0 0
Plastic strain_rate_mean 0 0 0 0 0 0 0 0 0
Dissipation 0.00036508
End step 10
Begin step 11
Stress 3.99396e-13 65.3037 -5.498e-14 65.3037 -4.04631e-13 1.88141e-12 -5.498e-14 1.88141e-12 -1.57207e-15
Strain 0 0.000366667 0 0.000366667 0 0 0 0 0
Strain mean -1.04572e-20 0.000366667 -2.749e-19 0.000366667 1.11993e-31 9.40707e-18 -2.749e-19 9.40707e-18 9.26854e-34
Plastic strain_mean -2.0153e-18 4.01481e-05 0 4.01481e-05 2.0153e-18 0 0 0 0
Plastic strain_rate_mean 0 0 0 0 0 0 0 0 0
Dissipation 0.000456421
End step 11
Begin step 12
Stress 5.21768e-13 70.3455 -1.71442e-12 70.3455 -4.86399e-13 2.25346e-12 -1.71442e-12 2.25346e-12 1.06202e-14
Strain 0 0.0004 0 0.0004 0 0 0 0 0
Strain mean 7.06442e-20 0.0004 -8.57212e-18 0.0004 1.92593e-34 1.12673e-17 -8.57212e-18 1.12673e-17 7.90835e-33
Plastic strain_mean -2.4851e-18 4.82723e-05 0 4.82723e-05 2.4851e-18 0 0 0 0
Plastic strain_rate_mean 0 0 0 0 0 0 0 0 0
Dissipation 0.000571336
End step 12
Begin step 13
Stress 3.52251e-13 75.0999 -1.15868e-12 75.0999 -3.59232e-13 -7.13052e-13 -1.15868e-12 -7.13052e-13 -2.09609e-15
Strain 0 0.000433333 0 0.000433333 0 0 0 0 0
Strain mean -1.39429e-20 0.000433333 -5.79341e-18 0.000433333 2.6626e-32 -3.56526e-18 -5.79341e-18 -3.56526e-18 -2.04028e-33
Plastic strain_mean -1.78568e-18 5.78338e-05 0 5.78338e-05 1.78568e-18 0 0 0 0
Plastic strain_rate_mean 0 0 0 0 0 0 0 0 0
Dissipation 0.000717829
End step 13
Begin step 14
Stress -5.08951e-13 79.4891 1.15247e-12 79.4891 5.10638e-13 -6.1669e-13 1.15247e-12 -6.1669e-13 5.06554e-16
Strain 0 0.000466667 0 0.000466667 0 0 0 0 0
Strain mean 3.36954e-21 0.000466667 5.76233e-18 0.000466667 2.14982e-32 -3.08345e-18 5.76233e-18 -3.08345e-18 -1.82512e-33
Plastic strain_mean 2.55066e-18 6.92211e-05 0 6.92211e-05 -2.55066e-18 0 0 0 0
Plastic strain_rate_mean 0 0 0 0 0 0 0 0 0
Dissipation 0.000904808
End step 14
Begin step 15
Stress 1.02216e-12 83.42 -6.45357e-13 83.42 -1.01268e-12 7.3288e-12 -6.45357e-13 7.3288e-12 2.84718e-15
Strain 0 0.0005 0 0.0005 0 0 0 0 0
Strain mean 1.89391e-20 0.0005 -3.22678e-18 0.0005 -2.42667e-32 3.6644e-17 -3.22678e-18 3.6644e-17 4.98936e-33
Plastic strain_mean -5.07763e-18 8.28998e-05 0 8.28998e-05 5.07763e-18 0 0 0 0
Plastic strain_rate_mean 0 0 0 0 0 0 0 0 0
Dissipation 0.00114056
End step 15
Begin step 16
Stress 1.83437e-12 86.7949 1.34635e-12 86.7949 -1.86495e-12 -2.21948e-12 1.34635e-12 -2.21948e-12 -9.18348e-15
Strain 0 0.000533333 0 0.000533333 0 0 0 0 0
Strain mean -6.10875e-20 0.000533333 6.73173e-18 0.000533333 -7.36668e-33 -1.10974e-17 6.73173e-18 -1.10974e-17 4.28331e-33
Plastic strain_mean -9.27885e-18 9.93588e-05 0 9.93588e-05 9.27885e-18 0 0 0 0
Plastic strain_rate_mean 0 0 0 0 0 0 0 0 0
Dissipation 0.00142779
End step 16
Begin step 17
Stress 2.95514e-13 89.5372 1.2423e-12 89.5372 -2.55142e-13 -2.30375e-12 1.2423e-12 -2.30375e-12 1.21224e-14
Strain 0 0.000566667 0 0.000566667 0 0 0 0 0
Strain mean 8.06366e-20 0.000566667 6.21149e-18 0.000566667 -1.25185e-33 -1.15187e-17 6.21149e-18 -1.15187e-17 -2.40892e-33
Plastic strain_mean -1.33632e-18 0.000118981 0 0.000118981 1.33632e-18 0 0 0 0
Plastic strain_rate_mean 0 0 0 0 0 0 0 0 0
Dissipation 0.00175578
End step 17
Begin step 18
Stress 3.09273e-13 91.6259 8.17483e-14 91.6259 -3.81815e-13 -4.51326e-12 8.17483e-14 -4.51326e-12 -2.17818e-14
Strain 0 0.0006 0 0.0006 0 0 0 0 0
Strain mean -1.4489e-19 0.0006 4.08741e-19 0.0006 2.97917e-33 -2.25663e-17 4.08741e-19 -2.25663e-17 -4.67038e-33
Plastic strain_mean -1.80017e-18 0.00014187 0 0.00014187 1.80017e-18 0 0 0 0
Plastic strain_rate_mean 0 0 0 0 0 0 0 0 0
Dissipation 0.00209573
End step 18
Begin step 19
Stress -1.55116e-13 93.115 -3.53528e-13 93.115 1.36762e-13 4.66593e-12 -3.53528e-13 4.66593e-12 -5.51096e-15
Strain 0 0.000633333 0 0.000633333 0 0 0 0 0
Strain mean -3.66583e-20 0.000633333 -1.76764e-18 0.000633333 -1.3325e-32 2.33297e-17 -1.76764e-18 2.33297e-17 -2.13658e-33
Plastic strain_mean 7.11365e-19 0.000167758 0 0.000167758 -7.11365e-19 0 0 0 0
Plastic strain_rate_mean 0 0 0 0 0 0 0 0 0
Dissipation 0.00240848
End step 19
Begin step 20
Stress -6.09722e-13 94.117 5.71792e-13 94.117 6.6455e-13 6.08202e-13 5.71792e-13 6.08202e-13 1.6463e-14
Strain 0 0.000666667 0 0.000666667 0 0 0 0 0
Strain mean 1.0951e-19 0.000666667 2.85896e-18 0.000666667 -2.48565e-33 3.04101e-18 2.85896e-18 3.04101e-18 -1.48658e-33
Plastic strain_mean 3.24044e-18 0.000196082 0 0.000196082 -3.24044e-18 0 0 0 0
Plastic strain_rate_mean 0 0 0 0 0 0 0 0 0
Dissipation 0.00266311
End step 20
Begin step 21
Stress -3.10507e-12 94.7632 1.21301e-12 94.7632 3.17815e-12 -1.11259e-12 1.21301e-12 -1.11259e-12 2.19434e-14
Strain 0 0.0007 0 0.0007 0 0 0 0 0
Strain mean 1.45965e-19 0.0007 6.06507e-18 0.0007 -9.24446e-33 -5.56297e-18 6.06507e-18 -5.56297e-18 -1.85973e-33
Plastic strain_mean 1.5781e-17 0.000226184 0 0.000226184 -1.5781e-17 0 0 0 0
Plastic strain_rate_mean 0 0 0 0 0 0 0 0 0
Dissipation 0.00284944
End step 21
Begin step 22
Stress -3.42757e-12 95.17 -7.08543e-13 95.17 3.421e-12 1.47622e-12 -7.08543e-13 1.47622e-12 -1.97382e-15
Strain 0 0.000733333 0 0.000733333 0 0 0 0 0
Strain mean -1.31296e-20 0.000733333 -3.54271e-18 0.000733333 -1.25667e-32 7.38108e-18 -3.54271e-18 7.38108e-18 4.21297e-35
Plastic strain_mean 1.71149e-17 0.000257483 0 0.000257483 -1.71149e-17 0 0 0 0
Plastic strain_rate_mean 0 0 0 0 0 0 0 0 0
Dissipation 0.0029751
End step 22
Begin step 23
Stress -1.7157e-12 95.4246 9.13142e-13 95.4246 1.7706e-12 -7.33154e-13 9.13142e-13 -7.33154e-13 1.64848e-14
Strain 0 0.000766667 0 0.000766667 0 0 0 0 0
Strain mean 1.09655e-19 0.000766667 4.56571e-18 0.000766667 -1.73334e-33 -3.66577e-18 4.56571e-18 -3.66577e-18 -2.52778e-34
Plastic strain_mean 8.77056e-18 0.000289544 0 0.000289544 -8.77056e-18 0 0 0 0
Plastic strain_rate_mean 0 0 0 0 0 0 0 0 0
Dissipation 0.00305523
End step 23
Begin step 24
Stress 1.99963e-12 95.586 1.50692e-12 95.586 -1.99867e-12 -1.02473e-12 1.50692e-12 -1.02473e-12 2.88212e-16
Strain 0 0.0008 0 0.0008 0 0 0 0 0
Strain mean 1.91715e-21 0.0008 7.53462e-18 0.0008 -1.73334e-33 -5.12366e-18 7.53462e-18 -5.12366e-18 2.69329e-34
Plastic strain_mean -9.9948e-18 0.00032207 0 0.00032207 9.9948e-18 0 0 0 0
Plastic strain_rate_mean 0 0 0 0 0 0 0 0 0
Dissipation 0.00310453
End step 24
Begin step 25
Stress 6.6745e-14 95.6916 7.49886e-13 95.6916 -8.5244e-14 -1.3645e-13 7.49886e-13 -1.3645e-13 -5.55463e-15
Strain 0 0.000833333 0 0.000833333 0 0 0 0 0
Strain mean -3.69488e-20 0.000833333 3.74943e-18 0.000833333 2.3051e-33 -6.82248e-19 3.74943e-18 -6.82248e-19 -4.86373e-34
Plastic strain_mean -3.98447e-19 0.000354875 0 0.000354875 3.98447e-19 0 0 0 0
Plastic strain_rate_mean 0 0 0 0 0 0 0 0 0
Dissipation 0.00313427
End step 25
Begin step 26
Stress 8.02263e-13 95.7642 2.9163e-12 95.7642 -8.76521e-13 -6.72997e-13 2.9163e-12 -6.72997e-13 -2.22971e-14
Strain 0 0.000866667 0 0.000866667 0 0 0 0 0
Strain mean -1.48318e-19 0.000866667 1.45815e-17 0.000866667 1.07852e-32 -3.36498e-18 1.45815e-17 -3.36498e-18 -4.78473e-34
Plastic strain_mean -4.27112e-18 0.000387846 0 0.000387846 4.27112e-18 0 0 0 0
Plastic strain_rate_mean 0 0 0 0 0 0 0 0 0
Dissipation 0.00315209
End step 26
Begin step 27
Stress -7.53012e-13 95.8173 6.41244e-13 95.8173 7.86854e-13 1.3779e-12 6.41244e-13 1.3779e-12 1.01617e-14
Strain 0 0.0009 0 0.0009 0 0 0 0 0
Strain mean 6.75942e-20 0.0009 3.20622e-18 0.0009 3.86149e-32 6.88949e-18 3.20622e-18 6.88949e-18 -4.03242e-34
Plastic strain_mean 3.88346e-18 0.000420913 0 0.000420913 -3.88346e-18 0 0 0 0
Plastic strain_rate_mean 0 0 0 0 0 0 0 0 0
Dissipation 0.00316279
End step 27
Begin step 28
Stress -4.45747e-13 95.859 1.79359e-13 95.859 4.18377e-13 1.874e-13 1.79359e-13 1.874e-13 -8.21841e-15
Strain 0 0.000933333 0 0.000933333 0 0 0 0 0
Strain mean -5.46679e-20 0.000933333 8.96797e-19 0.000933333 1.43241e-33 9.37e-19 8.96797e-19 9.37e-19 -8.89238e-34
Plastic strain_mean 2.13297e-18 0.000454038 0 0.000454038 -2.13297e-18 0 0 0 0
Plastic strain_rate_mean 0 0 0 0 0 0 0 0 0
Dissipation 0.00316931
End step 28
Begin step 29
Stress -2.58967e-13 95.894 5.63025e-13 95.894 2.61745e-13 8.57634e-13 5.63025e-13 8.57634e-13 8.34068e-16
Strain 0 0.000966667 0 0.000966667 0 0 0 0 0
Strain mean 5.54812e-21 0.000966667 2.81512e-18 0.000966667 1.82482e-32 4.28817e-18 2.81512e-18 4.28817e-18 -2.31262e-33
Plastic strain_mean 1.30456e-18 0.000487197 0 0.000487197 -1.30456e-18 0 0 0 0
Plastic strain_rate_mean 0 0 0 0 0 0 0 0 0
Dissipation 0.00317338
End step 29
Begin step 30
Stress -6.21524e-13 95.9249 5.52276e-13 95.9249 4.7935e-13 5.91224e-13 5.52276e-13 5.91224e-13 -4.26903e-14
Strain 0 0.001 0 0.001 0 0 0 0 0
Strain mean -2.83971e-19 0.001 2.76138e-18 0.001 1.37704e-32 2.95612e-18 2.76138e-18 2.95612e-18 -3.03334e-33
Plastic strain_mean 2.6102e-18 0.000520376 0 0.000520376 -2.6102e-18 0 0 0 0
Plastic strain_rate_mean 0 0 0 0 0 0 0 0 0
Dissipation 0.00317603
End step 30
