Begin step 0
Stress 0 0 0 0 0 0 0 0 0
Strain 0 0 0 0 0 0 0 0 0
Strain mean 0 0 0 0 0 0 0 0 0
Plastic strain_mean 0 0 0 0 0 0 0 0 0
Plastic strain_rate_mean 0 0 0 0 0 0 0 0 0
Dissipation 0
End step 0
Begin step 1
Stress -6.2396e-13 48.1057 1.30487e-13 48.1057 6.13853e-13 -2.60509e-13 1.30487e-13 -2.60509e-13 -3.03496e-15
Strain 0 0.000333333 0 0.000333333 0 0 0 0 0
Strain mean -2.01882e-20 0.000333333 6.52437e-19 0.000333333 9.62965e-34 -1.30254e-18 6.52437e-19 -1.30254e-18 -2.51424e-33
Plastic strain_mean 3.08444e-18 9.28048e-05 0 9.28048e-05 -3.08444e-18 0 0 0 0
Plastic strain_rate_mean 0 0 0 0 0 0 0 0 0
Dissipation 0.00446133
End step 1
Begin step 2
Stress 4.15324e-13 75.553 1.71929e-12 75.553 -3.25985e-13 5.1469e-12 1.71929e-12 5.1469e-12 2.68255e-14
Strain 0 0.000666667 0 0.000666667 0 0 0 0 0
Strain mean 1.7844e-19 0.000666667 8.59646e-18 0.000666667 -7.59539e-33 2.57345e-17 8.59646e-18 2.57345e-17 1.56482e-33
Plastic strain_mean -1.76405e-18 0.000288902 0 0.000288902 1.76405e-18 0 0 0 0
Plastic strain_rate_mean 0 0 0 0 0 0 0 0 0
Dissipation 0.014792
End step 2
Begin step 3
Stress -1.11227e-12 84.1848 -7.49609e-13 84.1848 1.20634e-12 -2.32401e-13 -7.49609e-13 -2.32401e-13 2.82448e-14
Strain 0 0.001 0 0.001 0 0 0 0 0
Strain mean 1.87881e-19 0.001 -3.74805e-18 0.001 8.66668e-34 -1.162e-18 -3.74805e-18 -1.162e-18 -6.59029e-34
Plastic strain_mean 5.89047e-18 0.000579076 0 0.000579076 -5.89047e-18 0 0 0 0
Plastic strain_rate_mean 0 0 0 0 0 0 0 0 0
Dissipation 0.0243617
End step 3
Begin step 4
Stress 5.04179e-13 86.2423 -1.80364e-12 86.2423 -7.06912e-13 5.2236e-12 -1.80364e-12 5.2236e-12 -6.08739e-14
Strain 0 0.00133333 0 0.00133333 0 0 0 0 0
Strain mean -4.04926e-19 0.00133333 -9.01818e-18 0.00133333 -4.63427e-34 2.6118e-17 -9.01818e-18 2.6118e-17 7.95951e-34
Plastic strain_mean -3.23019e-18 0.000902122 0 0.000902122 3.23019e-18 0 0 0 0
Plastic strain_rate_mean 0 0 0 0 0 0 0 0 0
Dissipation 0.0277559
End step 4
Begin step 5
Stress 8.13935e-13 86.8338 5.24177e-13 86.8338 -6.93779e-13 3.73952e-13 5.24177e-13 3.73952e-13 3.60789e-14
Strain 0 0.00166667 0 0.00166667 0 0 0 0 0
Strain mean 2.39993e-19 0.00166667 2.62088e-18 0.00166667 -1.37223e-33 1.86976e-18 2.62088e-18 1.86976e-18 -1.51817e-33
Plastic strain_mean -3.64929e-18 0.0012325 0 0.0012325 3.64929e-18 0 0 0 0
Plastic strain_rate_mean 0 0 0 0 0 0 0 0 0
Dissipation 0.0285548
End step 5
Begin step 6
Stress -5.60218e-13 87.1287 -6.20102e-13 87.1287 6.73365e-13 -1.02777e-12 -6.20102e-13 -1.02777e-12 3.39741e-14
Strain 0 0.002 0 0.002 0 0 0 0 0
Strain mean 2.25992e-19 0.002 -3.10051e-18 0.002 -2.4676e-34 -5.13886e-18 -3.10051e-18 -5.13886e-18 -7.76391e-34
Plastic strain_mean 3.19695e-18 0.00156436 0 0.00156436 -3.19695e-18 0 0 0 0
Plastic strain_rate_mean 0 0 0 0 0 0 0 0 0
Dissipation 0.0287577
End step 6
Begin step 7
Stress -9.91961e-13 87.3604 -4.7151e-13 87.3604 9.07697e-13 -6.46924e-13 -4.7151e-13 -6.46924e-13 -2.53015e-14
Strain 0 0.00233333 0 0.00233333 0 0 0 0 0
Strain mean -1.68303e-19 0.00233333 -2.35755e-18 0.00233333 -3.00927e-35 -3.23462e-18 -2.35755e-18 -3.23462e-18 -1.35266e-33
Plastic strain_mean 4.665e-18 0.00189653 0 0.00189653 -4.665e-18 0 0 0 0
Plastic strain_rate_mean 0 0 0 0 0 0 0 0 0
Dissipation 0.0288412
End step 7
Begin step 8
Stress -1.2828e-12 87.5754 -8.7697e-12 87.5754 1.15375e-12 -1.43175e-13 -8.7697e-12 -1.43175e-13 -3.87514e-14
Strain 0 0.00266667 0 0.00266667 0 0 0 0 0
Strain mean -2.5777e-19 0.00266667 -4.38485e-17 0.00266667 -3.47871e-33 -7.15876e-19 -4.38485e-17 -7.15876e-19 6.04411e-33
Plastic strain_mean 5.96249e-18 0.00222879 0 0.00222879 -5.96249e-18 0 0 0 0
Plastic strain_rate_mean 0 0 0 0 0 0 0 0 0
Dissipation 0.0289006
End step 8
Begin step 9
Stress -1.40602e-12 87.7836 -7.1271e-12 87.7836 9.17049e-13 5.6934e-14 -7.1271e-12 5.6934e-14 -1.46822e-13
Strain 0 0.003 0 0.003 0 0 0 0 0
Strain mean -9.76644e-19 0.003 -3.56355e-17 0.003 -2.22686e-33 2.8467e-19 -3.56355e-17 2.8467e-19 4.73207e-33
Plastic strain_mean 5.31936e-18 0.00256108 0 0.00256108 -5.31936e-18 0 0 0 0
Plastic strain_rate_mean 0 0 0 0 0 0 0 0 0
Dissipation 0.0289546
End step 9
Begin step 10
Stress -8.18203e-13 87.9877 -6.06358e-12 87.9877 8.79634e-13 1.9112e-13 -6.06358e-12 1.9112e-13 1.84456e-14
Strain 0 0.00333333 0 0.00333333 0 0 0 0 0
Strain mean 1.22698e-19 0.00333333 -3.03179e-17 0.00333333 9.38891e-34 9.556e-19 -3.03179e-17 9.556e-19 3.55695e-33
Plastic strain_mean 4.30594e-18 0.00289339 0 0.00289339 -4.30594e-18 0 0 0 0
Plastic strain_rate_mean 0 0 0 0 0 0 0 0 0
Dissipation 0.0290071
End step 10
Begin step 11
Stress -6.41777e-13 88.1889 -5.03003e-12 88.1889 7.52655e-13 2.77326e-13 -5.03003e-12 2.77326e-13 3.32928e-14
Strain 0 0.00366667 0 0.00366667 0 0 0 0 0
Strain mean 2.2146e-19 0.00366667 -2.51501e-17 0.00366667 -9.75002e-34 1.38663e-18 -2.51501e-17 1.38663e-18 3.11459e-33
Plastic strain_mean 3.59681e-18 0.00322572 0 0.00322572 -3.59681e-18 0 0 0 0
Plastic strain_rate_mean 0 0 0 0 0 0 0 0 0
Dissipation 0.029059
End step 11
Begin step 12
Stress -7.37495e-13 88.3877 -3.92919e-12 88.3877 5.30312e-13 3.24571e-13 -3.92919e-12 3.24571e-13 -6.22101e-14
Strain 0 0.004 0 0.004 0 0 0 0 0
Strain mean -4.13815e-19 0.004 -1.9646e-17 0.004 -9.0278e-34 1.62285e-18 -1.9646e-17 1.62285e-18 2.45518e-33
Plastic strain_mean 2.96261e-18 0.00355806 0 0.00355806 -2.96261e-18 0 0 0 0
Plastic strain_rate_mean 0 0 0 0 0 0 0 0 0
Dissipation 0.0291104
End step 12
Begin step 13
Stress -6.80051e-13 88.5845 -3.51814e-12 88.5845 5.99889e-13 3.40178e-13 -3.51814e-12 3.40178e-13 -2.40701e-14
Strain 0 0.00433333 0 0.00433333 0 0 0 0 0
Strain mean -1.60111e-19 0.00433333 -1.75907e-17 0.00433333 1.03519e-33 1.70089e-18 -1.75907e-17 1.70089e-18 1.93007e-33
Plastic strain_mean 3.1198e-18 0.00389041 0 0.00389041 -3.1198e-18 0 0 0 0
Plastic strain_rate_mean 0 0 0 0 0 0 0 0 0
Dissipation 0.0291615
End step 13
Begin step 14
Stress -1.60811e-13 88.7796 -2.97353e-12 88.7796 8.30324e-13 3.52423e-13 -2.97353e-12 3.52423e-13 2.01032e-13
Strain 0 0.00466667 0 0.00466667 0 0 0 0 0
Strain mean 1.33724e-18 0.00466667 -1.48677e-17 0.00466667 8.96761e-34 1.76212e-18 -1.48677e-17 1.76212e-18 1.82098e-33
Plastic strain_mean 3.14646e-18 0.00422277 0 0.00422277 -3.14646e-18 0 0 0 0
Plastic strain_rate_mean 0 0 0 0 0 0 0 0 0
Dissipation 0.0292124
End step 14
Begin step 15
Stress -4.47342e-13 88.9734 -2.24792e-12 88.9734 4.94346e-13 3.48587e-13 -2.24792e-12 3.48587e-13 1.41137e-14
Strain 0 0.005 0 0.005 0 0 0 0 0
Strain mean 9.38824e-20 0.005 -1.12396e-17 0.005 4.36344e-34 1.74294e-18 -1.12396e-17 1.74294e-18 1.66111e-33
Plastic strain_mean 2.40116e-18 0.00455513 0 0.00455513 -2.40116e-18 0 0 0 0
Plastic strain_rate_mean 0 0 0 0 0 0 0 0 0
Dissipation 0.0292631
End step 15
Begin step 16
Stress -3.00111e-14 89.1659 -5.20345e-12 89.1659 -3.59283e-13 4.67948e-13 -5.20345e-12 4.67948e-13 -1.16892e-13
Strain 0 0.00533333 0 0.00533333 0 0 0 0 0
Strain mean -7.77551e-19 0.00533333 -2.60173e-17 0.00533333 -7.31252e-34 2.33974e-18 -2.60173e-17 2.33974e-18 3.76158e-34
Plastic strain_mean -1.21195e-18 0.0048875 0 0.0048875 1.21195e-18 0 0 0 0
Plastic strain_rate_mean 0 0 0 0 0 0 0 0 0
Dissipation 0.0293136
End step 16
Begin step 17
Stress 6.92525e-13 89.3573 -4.95613e-12 89.3573 -8.47339e-14 5.12898e-13 -4.95613e-12 5.12898e-13 1.82499e-13
Strain 0 0.00566667 0 0.00566667 0 0 0 0 0
Strain mean 1.21396e-18 0.00566667 -2.47806e-17 0.00566667 -7.52316e-36 2.56449e-18 -2.47806e-17 2.56449e-18 -1.80105e-33
Plastic strain_mean -1.33617e-18 0.00521988 0 0.00521988 1.33617e-18 0 0 0 0
Plastic strain_rate_mean 0 0 0 0 0 0 0 0 0
Dissipation 0.0293641
End step 17
Begin step 18
Stress 6.83953e-14 89.5478 -4.07625e-12 89.5478 5.13533e-15 5.02692e-13 -4.07625e-12 5.02692e-13 2.20788e-14
Strain 0 0.006 0 0.006 0 0 0 0 0
Strain mean 1.46866e-19 0.006 -2.03812e-17 0.006 -2.30209e-34 2.51346e-18 -2.03812e-17 2.51346e-18 -6.28936e-34
Plastic strain_mean -8.47172e-20 0.00555226 0 0.00555226 8.47172e-20 0 0 0 0
Plastic strain_rate_mean 0 0 0 0 0 0 0 0 0
Dissipation 0.0294145
End step 18
Begin step 19
Stress 4.45005e-13 89.7375 -3.25033e-12 89.7375 -2.91846e-14 4.5358e-13 -3.25033e-12 4.5358e-13 1.24857e-13
Strain 0 0.00633333 0 0.00633333 0 0 0 0 0
Strain mean 8.30534e-19 0.00633333 -1.62517e-17 0.00633333 -2.02279e-33 2.2679e-18 -1.62517e-17 2.2679e-18 -2.272e-34
Plastic strain_mean -7.70207e-19 0.00588465 0 0.00588465 7.70207e-19 0 0 0 0
Plastic strain_rate_mean 0 0 0 0 0 0 0 0 0
Dissipation 0.0294648
End step 19
Begin step 20
Stress -2.08545e-13 89.9264 -3.04451e-12 89.9264 1.11047e-13 4.25796e-13 -3.04451e-12 4.25796e-13 -2.92753e-14
Strain 0 0.00666667 0 0.00666667 0 0 0 0 0
Strain mean -1.94736e-19 0.00666667 -1.52225e-17 0.00666667 -3.73901e-34 2.12898e-18 -1.52225e-17 2.12898e-18 1.92593e-34
Plastic strain_mean 7.01614e-19 0.00621703 0 0.00621703 -7.01614e-19 0 0 0 0
Plastic strain_rate_mean 0 0 0 0 0 0 0 0 0
Dissipation 0.0295151
End step 20
Begin step 21
Stress -3.5131e-14 90.1147 -2.44607e-12 90.1147 7.18382e-14 3.73684e-13 -2.44607e-12 3.73684e-13 1.10219e-14
Strain 0 0.007 0 0.007 0 0 0 0 0
Strain mean 7.33166e-20 0.007 -1.22303e-17 0.007 1.16985e-33 1.86842e-18 -1.22303e-17 1.86842e-18 1.0382e-34
Plastic strain_mean 3.04081e-19 0.00654943 0 0.00654943 -3.04081e-19 0 0 0 0
Plastic strain_rate_mean 0 0 0 0 0 0 0 0 0
Dissipation 0.0295653
End step 21
Begin step 22
Stress 2.82239e-13 90.3023 -2.14656e-12 90.3023 2.33406e-13 3.18562e-13 -2.14656e-12 3.18562e-13 1.54831e-13
Strain 0 0.00733333 0 0.00733333 0 0 0 0 0
Strain mean 1.02992e-18 0.00733333 -1.07328e-17 0.00733333 1.704e-34 1.59281e-18 -1.07328e-17 1.59281e-18 -1.88079e-34
Plastic strain_mean 3.92876e-19 0.00688182 0 0.00688182 -3.92876e-19 0 0 0 0
Plastic strain_rate_mean 0 0 0 0 0 0 0 0 0
Dissipation 0.0296155
End step 22
Begin step 23
Stress -6.99715e-13 90.4895 -2.0122e-12 90.4895 -3.70552e-13 2.81686e-13 -2.0122e-12 2.81686e-13 -3.21365e-13
Strain 0 0.00766667 0 0.00766667 0 0 0 0 0
Strain mean -2.13768e-18 0.00766667 -1.0061e-17 0.00766667 -3.50579e-34 1.40843e-18 -1.0061e-17 1.40843e-18 1.12847e-34
Plastic strain_mean -2.45935e-19 0.00721422 0 0.00721422 2.45935e-19 0 0 0 0
Plastic strain_rate_mean 0 0 0 0 0 0 0 0 0
Dissipation 0.0296656
End step 23
Begin step 24
Stress -6.8686e-13 90.6761 -1.96758e-12 90.6761 1.13739e-13 2.36301e-13 -1.96758e-12 2.36301e-13 -1.72089e-13
Strain 0 0.008 0 0.008 0 0 0 0 0
Strain mean -1.14471e-18 0.008 -9.83791e-18 0.008 -1.52269e-33 1.1815e-18 -9.83791e-18 1.1815e-18 -2.00868e-34
Plastic strain_mean 1.42914e-18 0.00754662 0 0.00754662 -1.42914e-18 0 0 0 0
Plastic strain_rate_mean 0 0 0 0 0 0 0 0 0
Dissipation 0.0297157
End step 24
Begin step 25
Stress -6.48974e-13 90.8624 -1.47957e-12 90.8624 -2.22865e-13 2.21468e-13 -1.47957e-12 2.21468e-13 -2.61784e-13
Strain 0 0.00833333 0 0.00833333 0 0 0 0 0
Strain mean -1.74136e-18 0.00833333 -7.39784e-18 0.00833333 -1.41736e-33 1.10734e-18 -7.39784e-18 1.10734e-18 1.49711e-34
Plastic strain_mean 1.94594e-19 0.00787902 0 0.00787902 -1.94594e-19 0 0 0 0
Plastic strain_rate_mean 0 0 0 0 0 0 0 0 0
Dissipation 0.0297659
End step 25
Begin step 26
Stress 4.1141e-13 91.0482 -1.48089e-12 91.0482 1.53974e-13 1.64153e-13 -1.48089e-12 1.64153e-13 1.69766e-13
Strain 0 0.00866667 0 0.00866667 0 0 0 0 0
Strain mean 1.12926e-18 0.00866667 -7.40444e-18 0.00866667 -6.02605e-34 8.20766e-19 -7.40444e-18 8.20766e-19 8.12502e-35
Plastic strain_mean -7.896e-20 0.00821143 0 0.00821143 7.896e-20 0 0 0 0
Plastic strain_rate_mean 0 0 0 0 0 0 0 0 0
Dissipation 0.029816
End step 26
Begin step 27
Stress -1.17301e-13 91.2337 -1.26993e-12 91.2337 2.28993e-13 1.50111e-13 -1.26993e-12 1.50111e-13 3.35374e-14
Strain 0 0.009 0 0.009 0 0 0 0 0
Strain mean 2.23087e-19 0.009 -6.34966e-18 0.009 -1.43128e-33 7.50555e-19 -6.34966e-18 7.50555e-19 3.03184e-34
Plastic strain_mean 9.7728e-19 0.00854383 0 0.00854383 -9.7728e-19 0 0 0 0
Plastic strain_rate_mean 0 0 0 0 0 0 0 0 0
Dissipation 0.0298661
End step 27
Begin step 28
Stress -1.59119e-12 91.4188 -6.09884e-13 91.4188 6.20629e-13 -9.11777e-13 -6.09884e-13 -9.11777e-13 -2.91426e-13
Strain 0 0.00933333 0 0.00933333 0 0 0 0 0
Strain mean -1.93853e-18 0.00933333 -3.04942e-18 0.00933333 -3.10857e-33 -4.55888e-18 -3.04942e-18 -4.55888e-18 1.90787e-33
Plastic strain_mean 4.56028e-18 0.00887624 0 0.00887624 -4.56028e-18 0 0 0 0
Plastic strain_rate_mean 0 0 0 0 0 0 0 0 0
Dissipation 0.0299162
End step 28
Begin step 29
Stress -6.62522e-13 91.6037 -3.14889e-13 91.6037 1.1357e-12 -9.04806e-13 -3.14889e-13 -9.04806e-13 1.4208e-13
Strain 0 0.00966667 0 0.00966667 0 0 0 0 0
Strain mean 9.45098e-19 0.00966667 -1.57445e-18 0.00966667 -1.15255e-33 -4.52403e-18 -1.57445e-18 -4.52403e-18 1.29398e-33
Plastic strain_mean 4.96811e-18 0.00920865 0 0.00920865 -4.96811e-18 0 0 0 0
Plastic strain_rate_mean 0 0 0 0 0 0 0 0 0
Dissipation 0.0299663
End step 29
Begin step 30
Stress -1.64147e-12 91.7883 -5.78404e-13 91.7883 6.08436e-13 -8.50218e-13 -5.78404e-13 -8.50218e-13 -3.10186e-13
Strain 0 0.01 0 0.01 0 0 0 0 0
Strain mean -2.06332e-18 0.01 -2.89202e-18 0.01 5.56714e-34 -4.25109e-18 -2.89202e-18 -4.25109e-18 1.81158e-33
Plastic strain_mean 4.59311e-18 0.00954106 0 0.00954106 -4.59311e-18 0 0 0 0
Plastic strain_rate_mean 0 0 0 0 0 0 0 0 0
Dissipation 0.0300164
End step 30
