Begin step 0
Stress 0 0 0 0 0 0 0 0 0
Strain 0 0 0 0 0 0 0 0 0
Strain mean 0 0 0 0 0 0 0 0 0
Plastic strain_mean 0 0 0 0 0 0 0 0 0
Plastic strain_rate_mean 0 0 0 0 0 0 0 0 0
Dissipation 0
End step 0
Begin step 1
Stress -7.64864e-15 6.66645 -4.40184e-12 6.66645 2.63849e-15 -2.66688e-12 -4.40184e-12 -2.66688e-12 -1.50438e-15
Strain 0 3.33333e-05 0 3.33333e-05 0 0 0 0 0
Strain mean -1.0007e-20 3.33333e-05 -2.20092e-17 3.33333e-05 1.40834e-33 -1.33344e-17 -2.20092e-17 -1.33344e-17 2.94306e-33
Plastic strain_mean 2.07143e-20 1.07263e-09 0 1.07263e-09 -2.07143e-20 0 0 0 0
Plastic strain_rate_mean 0 0 0 0 0 0 0 0 0
Dissipation 7.15061e-09
End step 1
Begin step 2
Stress -5.03224e-15 13.3327 1.96618e-12 13.3327 4.85773e-15 6.11531e-15 1.96618e-12 6.11531e-15 -5.24022e-17
Strain 0 6.66667e-05 0 6.66667e-05 0 0 0 0 0
Strain mean -3.48573e-22 6.66667e-05 9.83089e-18 6.66667e-05 -5.35649e-34 3.05766e-20 9.83089e-18 3.05766e-20 -3.94214e-34
Plastic strain_mean 2.45506e-20 3.22781e-09 0 3.22781e-09 -2.45506e-20 0 0 0 0
Plastic strain_rate_mean 0 0 0 0 0 0 0 0 0
Dissipation 2.87344e-08
End step 2
Begin step 3
Stress -5.23083e-15 19.9987 3.57721e-12 19.9987 6.8015e-15 1.1315e-13 3.57721e-12 1.1315e-13 4.7162e-16
Strain 0 0.0001 0 0.0001 0 0 0 0 0
Strain mean 3.13716e-21 0.0001 1.7886e-17 0.0001 1.32408e-34 5.65752e-19 1.7886e-17 5.65752e-19 -5.77779e-34
Plastic strain_mean 3.16494e-20 6.48602e-09 0 6.48602e-09 -3.16494e-20 0 0 0 0
Plastic strain_rate_mean 0 0 0 0 0 0 0 0 0
Dissipation 6.51599e-08
End step 3
Begin step 4
Stress 9.52691e-15 26.6645 1.943e-13 26.6645 2.48945e-15 -1.61307e-14 1.943e-13 -1.61307e-14 3.60811e-15
Strain 0 0.000133333 0 0.000133333 0 0 0 0 0
Strain mean 2.40007e-20 0.000133333 9.71502e-19 0.000133333 6.77085e-36 -8.06535e-20 9.71502e-19 -8.06535e-20 2.1441e-34
Plastic strain_mean -5.59327e-21 1.08795e-08 0 1.08795e-08 5.59327e-21 0 0 0 0
Plastic strain_rate_mean 0 0 0 0 0 0 0 0 0
Dissipation 1.17149e-07
End step 4
Begin step 5
Stress 7.89213e-15 33.33 4.99678e-14 33.33 6.73841e-16 7.52486e-14 4.99678e-14 7.52486e-14 2.57207e-15
Strain 0 0.000166667 0 0.000166667 0 0 0 0 0
Strain mean 1.71091e-20 0.000166667 2.49839e-19 0.000166667 -1.95602e-34 3.76243e-19 2.49839e-19 3.76243e-19 -9.19331e-34
Plastic strain_mean -9.49116e-21 1.64541e-08 0 1.64541e-08 9.49116e-21 0 0 0 0
Plastic strain_rate_mean 0 0 0 0 0 0 0 0 0
Dissipation 1.85802e-07
End step 5
Begin step 6
Stress -5.48846e-15 39.9953 -1.28925e-13 39.9953 -1.04e-14 -1.37547e-13 -1.28925e-13 -1.37547e-13 -4.77078e-15
Strain 0 0.0002 0 0.0002 0 0 0 0 0
Strain mean -3.17347e-20 0.0002 -6.44624e-19 0.0002 -1.57986e-34 -6.87736e-19 -6.44624e-19 -6.87736e-19 6.99654e-34
Plastic strain_mean -2.81463e-20 2.32728e-08 0 2.32728e-08 2.81463e-20 0 0 0 0
Plastic strain_rate_mean 0 0 0 0 0 0 0 0 0
Dissipation 2.72717e-07
End step 6
Begin step 7
Stress 8.28782e-15 46.6604 2.3088e-12 46.6604 1.87064e-15 3.77544e-13 2.3088e-12 3.77544e-13 3.05024e-15
Strain 0 0.000233333 0 0.000233333 0 0 0 0 0
Strain mean 2.02899e-20 0.000233333 1.1544e-17 0.000233333 -5.41668e-34 1.88772e-18 1.1544e-17 1.88772e-18 -2.597e-33
Plastic strain_mean -5.89801e-21 3.14205e-08 0 3.14205e-08 5.89801e-21 0 0 0 0
Plastic strain_rate_mean 0 0 0 0 0 0 0 0 0
Dissipation 3.80176e-07
End step 7
Begin step 8
Stress 3.68896e-15 53.3251 -2.27223e-12 53.3251 -8.45914e-15 -6.32881e-13 -2.27223e-12 -6.32881e-13 -1.43233e-15
Strain 0 0.000266667 0 0.000266667 0 0 0 0 0
Strain mean -9.52767e-21 0.000266667 -1.13612e-17 0.000266667 9.47919e-35 -3.16441e-18 -1.13612e-17 -3.16441e-18 6.39469e-34
Plastic strain_mean -3.51341e-20 4.10121e-08 0 4.10121e-08 3.51341e-20 0 0 0 0
Plastic strain_rate_mean 0 0 0 0 0 0 0 0 0
Dissipation 5.11472e-07
End step 8
Begin step 9
Stress 1.74402e-14 59.9896 -4.31405e-12 59.9896 7.54507e-15 -1.19521e-12 -4.31405e-12 -1.19521e-12 7.50224e-15
Strain 0 0.0003 0 0.0003 0 0 0 0 0
Strain mean 4.99041e-20 0.0003 -2.15702e-17 0.0003 5.77779e-34 -5.97604e-18 -2.15702e-17 -5.97604e-18 1.54751e-33
Plastic strain_mean 2.14111e-22 5.22055e-08 0 5.22055e-08 -2.14111e-22 0 0 0 0
Plastic strain_rate_mean 0 0 0 0 0 0 0 0 0
Dissipation 6.71487e-07
End step 9
Begin step 10
Stress 8.06488e-15 66.6536 -1.7817e-13 66.6536 9.22843e-16 -1.60392e-12 -1.7817e-13 -1.60392e-12 2.69871e-15
Strain 0 0.000333333 0 0.000333333 0 0 0 0 0
Strain mean 1.79515e-20 0.000333333 -8.90851e-19 0.000333333 5.17594e-34 -8.01958e-18 -8.90851e-19 -8.01958e-18 1.92292e-33
Plastic strain_mean -8.87934e-21 6.52252e-08 0 6.52252e-08 8.87934e-21 0 0 0 0
Plastic strain_rate_mean 0 0 0 0 0 0 0 0 0
Dissipation 8.6781e-07
End step 10
Begin step 11
Stress 1.73862e-14 73.3173 7.22061e-13 73.3173 3.84693e-15 -4.05758e-12 7.22061e-13 -4.05758e-12 6.3756e-15
Strain 0 0.000366667 0 0.000366667 0 0 0 0 0
Strain mean 4.24097e-20 0.000366667 3.6103e-18 0.000366667 -3.85186e-34 -2.02879e-17 3.6103e-18 -2.02879e-17 3.68334e-33
Plastic strain_mean -1.26434e-20 8.04073e-08 0 8.04073e-08 1.26434e-20 0 0 0 0
Plastic strain_rate_mean 0 0 0 0 0 0 0 0 0
Dissipation 1.11311e-06
End step 11
Begin step 12
Stress -4.08258e-14 79.9803 -1.23036e-12 79.9803 -1.33333e-14 1.69789e-12 -1.23036e-12 1.69789e-12 -1.62621e-14
Strain 0 0.0004 0 0.0004 0 0 0 0 0
Strain mean -1.08174e-19 0.0004 -6.1518e-18 0.0004 2.88889e-34 8.48947e-18 -6.1518e-18 8.48947e-18 -1.32558e-33
Plastic strain_mean 1.46442e-20 9.82993e-08 0 9.82993e-08 -1.46442e-20 0 0 0 0
Plastic strain_rate_mean 0 0 0 0 0 0 0 0 0
Dissipation 1.43101e-06
End step 12
Begin step 13
Stress 9.42414e-15 86.6427 9.51567e-13 86.6427 7.12607e-15 1.41967e-13 9.51567e-13 1.41967e-13 4.96947e-15
Strain 0 0.000433333 0 0.000433333 0 0 0 0 0
Strain mean 3.30564e-20 0.000433333 4.75783e-18 0.000433333 1.20371e-34 7.09836e-19 4.75783e-18 7.09836e-19 -1.41812e-34
Plastic strain_mean 1.0783e-20 1.19934e-07 0 1.19934e-07 -1.0783e-20 0 0 0 0
Plastic strain_rate_mean 0 0 0 0 0 0 0 0 0
Dissipation 1.87453e-06
End step 13
Begin step 14
Stress 2.32868e-14 93.3037 5.70456e-13 93.3037 -1.1914e-14 1.98623e-12 5.70456e-13 1.98623e-12 3.41487e-15
Strain 0 0.000466667 0 0.000466667 0 0 0 0 0
Strain mean 2.27154e-20 0.000466667 2.85228e-18 0.000466667 1.25185e-33 9.93116e-18 2.85228e-18 9.93116e-18 -4.66436e-33
Plastic strain_mean -7.66443e-20 1.47981e-07 0 1.47981e-07 7.66443e-20 0 0 0 0
Plastic strain_rate_mean 0 0 0 0 0 0 0 0 0
Dissipation 2.61685e-06
End step 14
Begin step 15
Stress -3.18082e-13 99.9505 -2.05449e-12 99.9505 2.74685e-13 7.45123e-13 -2.05449e-12 7.45123e-13 -1.30307e-14
Strain 0 0.0005 0 0.0005 0 0 0 0 0
Strain mean -8.66785e-20 0.0005 -1.02724e-17 0.0005 -2.6963e-33 3.72562e-18 -1.02724e-17 3.72562e-18 5.80186e-33
Plastic strain_mean 1.43858e-18 2.47719e-07 0 2.47719e-07 -1.43858e-18 0 0 0 0
Plastic strain_rate_mean 0 0 0 0 0 0 0 0 0
Dissipation 9.96875e-06
End step 15
Begin step 16
Stress 9.04566e-13 100.021 -8.54349e-13 100.021 -8.71698e-13 -7.78082e-13 -8.54349e-13 -7.78082e-13 9.86908e-15
Strain 0 0.000533333 0 0.000533333 0 0 0 0 0
Strain mean 6.5648e-20 0.000533333 -4.27174e-18 0.000533333 6.78409e-32 -3.89041e-18 -4.27174e-18 -3.89041e-18 6.82727e-34
Plastic strain_mean -4.40784e-18 3.32302e-05 0 3.32302e-05 4.40784e-18 0 0 0 0
Plastic strain_rate_mean 0 0 0 0 0 0 0 0 0
Dissipation 0.00329884
End step 16
Begin step 17
Stress -2.21306e-12 100.041 7.97308e-14 100.041 2.20668e-12 -2.68039e-12 7.97308e-14 -2.68039e-12 -1.91705e-15
Strain 0 0.000566667 0 0.000566667 0 0 0 0 0
Strain mean -1.2752e-20 0.000566667 3.98654e-19 0.000566667 -6.42779e-33 -1.34019e-17 3.98654e-19 -1.34019e-17 -3.55394e-33
Plastic strain_mean 1.1043e-17 6.64605e-05 0 6.64605e-05 -1.1043e-17 0 0 0 0
Plastic strain_rate_mean 0 0 0 0 0 0 0 0 0
Dissipation 0.0033242
End step 17
Begin step 18
Stress -5.27862e-12 100.062 1.05839e-12 100.062 5.30739e-12 -4.58269e-12 1.05839e-12 -4.58269e-12 8.63762e-15
Strain 0 0.0006 0 0.0006 0 0 0 0 0
Strain mean 5.74565e-20 0.0006 5.29193e-18 0.0006 1.57084e-32 -2.29135e-17 5.29193e-18 -2.29135e-17 -6.96344e-33
Plastic strain_mean 2.64937e-17 9.96907e-05 0 9.96907e-05 -2.64937e-17 0 0 0 0
Plastic strain_rate_mean 0 0 0 0 0 0 0 0 0
Dissipation 0.00332479
End step 18
Begin step 19
Stress -8.42031e-12 100.082 2.0359e-12 100.082 8.37649e-12 -6.485e-12 2.0359e-12 -6.485e-12 -1.31573e-14
Strain 0 0.000633333 0 0.000633333 0 0 0 0 0
Strain mean -8.75209e-20 0.000633333 1.01795e-17 0.000633333 -2.9563e-32 -3.2425e-17 1.01795e-17 -3.2425e-17 -6.8852e-33
Plastic strain_mean 4.19482e-17 0.000132921 0 0.000132921 -4.19482e-17 0 0 0 0
Plastic strain_rate_mean 0 0 0 0 0 0 0 0 0
Dissipation 0.00332537
End step 19
Begin step 20
Stress -1.14354e-11 100.103 3.0124e-12 100.103 1.14968e-11 -8.3873e-12 3.0124e-12 -8.3873e-12 1.84281e-14
Strain 0 0.000666667 0 0.000666667 0 0 0 0 0
Strain mean 1.22582e-19 0.000666667 1.5062e-17 0.000666667 5.77779e-34 -4.19365e-17 1.5062e-17 -4.19365e-17 -1.63343e-32
Plastic strain_mean 5.73918e-17 0.000166151 0 0.000166151 -5.73918e-17 0 0 0 0
Plastic strain_rate_mean 0 0 0 0 0 0 0 0 0
Dissipation 0.00332596
End step 20
Begin step 21
Stress -1.45613e-11 100.124 3.92294e-12 100.124 1.45746e-11 -1.02896e-11 3.92294e-12 -1.02896e-11 3.9782e-15
Strain 0 0.0007 0 0.0007 0 0 0 0 0
Strain mean 2.64625e-20 0.0007 1.96147e-17 0.0007 -5.49853e-32 -5.1448e-17 1.96147e-17 -5.1448e-17 -1.93315e-32
Plastic strain_mean 7.2853e-17 0.000199381 0 0.000199381 -7.2853e-17 0 0 0 0
Plastic strain_rate_mean 0 0 0 0 0 0 0 0 0
Dissipation 0.00332655
End step 21
Begin step 22
Stress -1.76983e-11 100.144 4.88307e-12 100.144 1.76431e-11 -1.21919e-11 4.88307e-12 -1.21919e-11 -1.65504e-14
Strain 0 0.000733333 0 0.000733333 0 0 0 0 0
Strain mean -1.10091e-19 0.000733333 2.44153e-17 0.000733333 4.9689e-32 -6.09596e-17 2.44153e-17 -6.09596e-17 -1.94278e-32
Plastic strain_mean 8.82985e-17 0.000232612 0 0.000232612 -8.82985e-17 0 0 0 0
Plastic strain_rate_mean 0 0 0 0 0 0 0 0 0
Dissipation 0.00332714
End step 22
Begin step 23
Stress -2.07225e-11 100.165 5.82615e-12 100.165 2.07585e-11 -1.40942e-11 5.82615e-12 -1.40942e-11 1.08123e-14
Strain 0 0.000766667 0 0.000766667 0 0 0 0 0
Strain mean 7.19223e-20 0.000766667 2.91307e-17 0.000766667 -1.50415e-31 -7.04711e-17 2.91307e-17 -7.04711e-17 -2.8913e-32
Plastic strain_mean 1.03738e-16 0.000265842 0 0.000265842 -1.03738e-16 0 0 0 0
Plastic strain_rate_mean 0 0 0 0 0 0 0 0 0
Dissipation 0.00332772
End step 23
Begin step 24
Stress -2.37621e-11 100.186 6.7605e-12 100.186 2.38707e-11 -1.59965e-11 6.7605e-12 -1.59965e-11 3.26291e-14
Strain 0 0.0008 0 0.0008 0 0 0 0 0
Strain mean 2.17045e-19 0.0008 3.38025e-17 0.0008 7.53039e-32 -7.99826e-17 3.38025e-17 -7.99826e-17 -2.96112e-32
Plastic strain_mean 1.19191e-16 0.000299072 0 0.000299072 -1.19191e-16 0 0 0 0
Plastic strain_rate_mean 0 0 0 0 0 0 0 0 0
Dissipation 0.00332831
End step 24
Begin step 25
Stress -2.69041e-11 100.206 7.6832e-12 100.206 2.69391e-11 -1.78988e-11 7.6832e-12 -1.78988e-11 1.05241e-14
Strain 0 0.000833333 0 0.000833333 0 0 0 0 0
Strain mean 7.00051e-20 0.000833333 3.8416e-17 0.000833333 -2.95438e-31 -8.94941e-17 3.8416e-17 -8.94941e-17 -4.40556e-32
Plastic strain_mean 1.34643e-16 0.000332302 0 0.000332302 -1.34643e-16 0 0 0 0
Plastic strain_rate_mean 0 0 0 0 0 0 0 0 0
Dissipation 0.0033289
End step 25
Begin step 26
Stress -2.99987e-11 100.227 8.60588e-12 100.227 3.00277e-11 -1.98011e-11 8.60588e-12 -1.98011e-11 8.69003e-15
Strain 0 0.000866667 0 0.000866667 0 0 0 0 0
Strain mean 5.78051e-20 0.000866667 4.30294e-17 0.000866667 -1.61971e-31 -9.90057e-17 4.30294e-17 -9.90057e-17 -4.1263e-32
Plastic strain_mean 1.50095e-16 0.000365533 0 0.000365533 -1.50095e-16 0 0 0 0
Plastic strain_rate_mean 0 0 0 0 0 0 0 0 0
Dissipation 0.00332949
End step 26
Begin step 27
Stress -3.31271e-11 100.247 9.57454e-12 100.247 3.30998e-11 -2.17034e-11 9.57454e-12 -2.17034e-11 -8.20967e-15
Strain 0 0.0009 0 0.0009 0 0 0 0 0
Strain mean -5.46098e-20 0.0009 4.78727e-17 0.0009 4.16001e-31 -1.08517e-16 4.78727e-17 -1.08517e-16 -3.10075e-32
Plastic strain_mean 1.6554e-16 0.000398763 0 0.000398763 -1.6554e-16 0 0 0 0
Plastic strain_rate_mean 0 0 0 0 0 0 0 0 0
Dissipation 0.00333008
End step 27
Begin step 28
Stress -3.61807e-11 100.268 1.04514e-11 100.268 3.62077e-11 -2.36057e-11 1.04514e-11 -2.36057e-11 8.1005e-15
Strain 0 0.000933333 0 0.000933333 0 0 0 0 0
Strain mean 5.38836e-20 0.000933333 5.22571e-17 0.000933333 -7.0489e-32 -1.18029e-16 5.22571e-17 -1.18029e-16 -4.71853e-32
Plastic strain_mean 1.80998e-16 0.000431993 0 0.000431993 -1.80998e-16 0 0 0 0
Plastic strain_rate_mean 0 0 0 0 0 0 0 0 0
Dissipation 0.00333066
End step 28
Begin step 29
Stress -3.92879e-11 100.289 1.14308e-11 100.289 3.92904e-11 -2.5508e-11 1.14308e-11 -2.5508e-11 7.68565e-16
Strain 0 0.000966667 0 0.000966667 0 0 0 0 0
Strain mean 5.11241e-21 0.000966667 5.71539e-17 0.000966667 2.70401e-31 -1.2754e-16 5.71539e-17 -1.2754e-16 -4.84853e-32
Plastic strain_mean 1.96448e-16 0.000465223 0 0.000465223 -1.96448e-16 0 0 0 0
Plastic strain_rate_mean 0 0 0 0 0 0 0 0 0
Dissipation 0.00333125
End step 29
Begin step 30
Stress -4.24248e-11 100.309 1.23561e-11 100.309 4.23632e-11 -2.74104e-11 1.23561e-11 -2.74104e-11 -1.85023e-14
Strain 0 0.001 0 0.001 0 0 0 0 0
Strain mean -1.23075e-19 0.001 6.17804e-17 0.001 -1.4406e-31 -1.37052e-16 6.17804e-17 -1.37052e-16 -5.60446e-32
Plastic strain_mean 2.11908e-16 0.000498454 0 0.000498454 -2.11908e-16 0 0 0 0
Plastic strain_rate_mean 0 0 0 0 0 0 0 0 0
Dissipation 0.00333184
End step 30
