Begin step 0
Stress 0 0 0 0 0 0 0 0 0
Strain 0 0 0 0 0 0 0 0 0
Strain mean 0 0 0 0 0 0 0 0 0
Plastic strain_mean 0 0 0 0 0 0 0 0 0
Plastic strain_rate_mean 0 0 0 0 0 0 0 0 0
Dissipation 0
End step 0
Begin step 1
Stress 1.34006e-15 6.66667 5.78409e-16 6.66667 5.75106e-16 5.90059e-17 5.78409e-16 5.90059e-17 5.75059e-16
Strain 0 3.33333e-05 0 3.33333e-05 0 0 0 0 0
Strain mean 3.82523e-21 3.33333e-05 2.89204e-21 3.33333e-05 8.46356e-37 2.95029e-22 2.89204e-21 2.95029e-22 -6.53869e-37
Plastic strain_mean 2.34291e-25 1.29129e-19 0 1.29129e-19 -2.34291e-25 0 0 0 0
Plastic strain_rate_mean 0 0 0 0 0 0 0 0 0
Dissipation 8.60859e-19
End step 1
Begin step 2
Stress -4.758e-16 13.3333 1.44025e-15 13.3333 -2.04097e-16 -7.90893e-17 1.44025e-15 -7.90893e-17 -2.0415e-16
Strain 0 6.66667e-05 0 6.66667e-05 0 0 0 0 0
Strain mean -1.35798e-21 6.66667e-05 7.20126e-21 6.66667e-05 2.1394e-36 -3.95446e-22 7.20126e-21 -3.95446e-22 -1.06309e-36
Plastic strain_mean 2.64022e-25 7.48126e-16 0 7.48126e-16 -2.64022e-25 0 0 0 0
Plastic strain_rate_mean 0 0 0 0 0 0 0 0 0
Dissipation 9.97329e-15
End step 2
Begin step 3
Stress -4.55138e-15 20 4.2285e-15 20 -1.94945e-15 -8.94748e-17 4.2285e-15 -8.94748e-17 -1.95198e-15
Strain 0 0.0001 0 0.0001 0 0 0 0 0
Strain mean -1.29844e-20 0.0001 2.11425e-20 0.0001 3.16208e-36 -4.47374e-22 2.11425e-20 -4.47374e-22 -3.27669e-37
Plastic strain_mean 1.26553e-23 1.19609e-13 0 1.19609e-13 -1.26553e-23 0 0 0 0
Plastic strain_rate_mean 0 0 0 0 0 0 0 0 0
Dissipation 2.37723e-12
End step 3
Begin step 4
Stress 9.19748e-15 26.6667 2.78807e-14 26.6667 3.95325e-15 -1.98204e-16 2.78807e-14 -1.98204e-16 3.94872e-15
Strain 0 0.000133333 0 0.000133333 0 0 0 0 0
Strain mean 2.62664e-20 0.000133333 1.39404e-19 0.000133333 2.82119e-37 -9.91021e-22 1.39404e-19 -9.91021e-22 -9.30477e-37
Plastic strain_mean 2.26485e-23 4.45247e-12 0 4.45247e-12 -2.26485e-23 0 0 0 0
Plastic strain_rate_mean 0 0 0 0 0 0 0 0 0
Dissipation 1.15543e-10
End step 4
Begin step 5
Stress 1.55253e-15 33.3333 -1.39655e-12 33.3333 1.85059e-15 3.02148e-13 -1.39655e-12 3.02148e-13 1.02184e-15
Strain 0 0.000166667 0 0.000166667 0 0 0 0 0
Strain mean 6.79718e-21 0.000166667 -6.98273e-18 0.000166667 -7.82409e-35 1.51074e-18 -6.98273e-18 1.51074e-18 -2.24943e-34
Plastic strain_mean 4.14374e-21 7.49455e-11 0 7.49455e-11 -4.14374e-21 0 0 0 0
Plastic strain_rate_mean 0 0 0 0 0 0 0 0 0
Dissipation 2.34976e-09
End step 5
Begin step 6
Stress 1.18307e-15 39.9998 -3.89473e-12 39.9998 1.58015e-15 -3.24773e-13 -3.89473e-12 -3.24773e-13 8.29701e-16
Strain 0 0.0002 0 0.0002 0 0 0 0 0
Strain mean 5.51908e-21 0.0002 -1.94737e-17 0.0002 1.80556e-34 -1.62387e-18 -1.94737e-17 -1.62387e-18 1.95602e-34
Plastic strain_mean 3.75223e-21 7.63431e-10 0 7.63431e-10 -3.75223e-21 0 0 0 0
Plastic strain_rate_mean 0 0 0 0 0 0 0 0 0
Dissipation 2.75393e-08
End step 6
Begin step 7
Stress 2.18837e-14 46.6656 -6.29056e-12 46.6656 -2.66103e-14 2.5927e-12 -6.29056e-12 2.5927e-12 -1.41923e-15
Strain 0 0.000233333 0 0.000233333 0 0 0 0 0
Strain mean -9.44052e-21 0.000233333 -3.14528e-17 0.000233333 7.82409e-35 1.29635e-17 -3.14528e-17 1.29635e-17 -2.51575e-33
Plastic strain_mean -1.25955e-19 5.49083e-09 0 5.49083e-09 1.25955e-19 0 0 0 0
Plastic strain_rate_mean 0 0 0 0 0 0 0 0 0
Dissipation 2.20607e-07
End step 7
Begin step 8
Stress 6.33293e-14 53.3272 -4.78176e-13 53.3272 -5.6174e-14 -2.1558e-12 -4.78176e-13 -2.1558e-12 2.14849e-15
Strain 0 0.000266667 0 0.000266667 0 0 0 0 0
Strain mean 1.42915e-20 0.000266667 -2.39088e-18 0.000266667 8.39585e-34 -1.0779e-17 -2.39088e-18 -1.0779e-17 4.24006e-33
Plastic strain_mean -2.91612e-19 3.05534e-08 0 3.05534e-08 2.91612e-19 0 0 0 0
Plastic strain_rate_mean 0 0 0 0 0 0 0 0 0
Dissipation 1.33652e-06
End step 8
Begin step 9
Stress 1.15774e-13 59.9721 5.29451e-13 59.9721 -1.13295e-13 -2.42662e-12 5.29451e-13 -2.42662e-12 7.44548e-16
Strain 0 0.0003 0 0.0003 0 0 0 0 0
Strain mean 4.95264e-21 0.0003 2.64725e-18 0.0003 4.2551e-33 -1.21331e-17 2.64725e-18 -1.21331e-17 3.94364e-33
Plastic strain_mean -5.70195e-19 1.39327e-07 0 1.39327e-07 5.70195e-19 0 0 0 0
Plastic strain_rate_mean 0 0 0 0 0 0 0 0 0
Dissipation 6.52341e-06
End step 9
Begin step 10
Stress 1.44504e-13 66.5588 1.8324e-12 66.5588 -1.56873e-13 4.05062e-12 1.8324e-12 4.05062e-12 -3.714e-15
Strain 0 0.000333333 0 0.000333333 0 0 0 0 0
Strain mean -2.47051e-20 0.000333333 9.162e-18 0.000333333 1.06889e-31 2.02531e-17 9.162e-18 2.02531e-17 -3.71118e-33
Plastic strain_mean -7.65793e-19 5.39455e-07 0 5.39455e-07 7.65793e-19 0 0 0 0
Plastic strain_rate_mean 0 0 0 0 0 0 0 0 0
Dissipation 2.66319e-05
End step 10
Begin step 11
Stress 1.81436e-13 72.9727 2.24983e-12 72.9727 -1.21954e-13 -2.92979e-13 2.24983e-12 -2.92979e-13 1.78604e-14
Strain 0 0.000366667 0 0.000366667 0 0 0 0 0
Strain mean 1.18805e-19 0.000366667 1.12491e-17 0.000366667 -2.79741e-32 -1.4649e-18 1.12491e-17 -1.4649e-18 -5.65516e-33
Plastic strain_mean -6.99073e-19 1.80294e-06 0 1.80294e-06 6.99073e-19 0 0 0 0
Plastic strain_rate_mean 0 0 0 0 0 0 0 0 0
Dissipation 9.21989e-05
End step 11
Begin step 12
Stress 5.53668e-13 78.9623 -2.92386e-13 78.9623 -5.33075e-13 -2.3404e-12 -2.92386e-13 -2.3404e-12 6.18346e-15
Strain 0 0.0004 0 0.0004 0 0 0 0 0
Strain mean 4.11316e-20 0.0004 -1.46193e-18 0.0004 -4.76668e-33 -1.1702e-17 -1.46193e-18 -1.1702e-17 -1.63554e-33
Plastic strain_mean -2.69629e-18 5.18846e-06 0 5.18846e-06 2.69629e-18 0 0 0 0
Plastic strain_rate_mean 0 0 0 0 0 0 0 0 0
Dissipation 0.000267321
End step 12
Begin step 13
Stress -3.77293e-13 84.1339 -5.65931e-13 84.1339 4.22057e-13 3.94125e-12 -5.65931e-13 3.94125e-12 1.34412e-14
Strain 0 0.000433333 0 0.000433333 0 0 0 0 0
Strain mean 8.9409e-20 0.000433333 -2.82966e-18 0.000433333 3.53601e-31 1.97063e-17 -2.82966e-18 1.97063e-17 -1.84656e-33
Plastic strain_mean 2.04308e-18 1.26637e-05 0 1.26637e-05 -2.04308e-18 0 0 0 0
Plastic strain_rate_mean 0 0 0 0 0 0 0 0 0
Dissipation 0.000628883
End step 13
Begin step 14
Stress 7.00158e-13 88.1332 -1.18578e-12 88.1332 -7.1332e-13 -4.45975e-13 -1.18578e-12 -4.45975e-13 -3.952e-15
Strain 0 0.000466667 0 0.000466667 0 0 0 0 0
Strain mean -2.62882e-20 0.000466667 -5.9289e-18 0.000466667 2.89371e-32 -2.22987e-18 -5.9289e-18 -2.22987e-18 -1.70024e-33
Plastic strain_mean -3.54684e-18 2.60006e-05 0 2.60006e-05 3.54684e-18 0 0 0 0
Plastic strain_rate_mean 0 0 0 0 0 0 0 0 0
Dissipation 0.00117528
End step 14
Begin step 15
Stress 6.0229e-13 90.8891 -1.20877e-12 90.8891 -6.02349e-13 5.07746e-14 -1.20877e-12 5.07746e-14 -1.74674e-17
Strain 0 0.0005 0 0.0005 0 0 0 0 0
Strain mean -1.16191e-22 0.0005 -6.04385e-18 0.0005 1.22297e-32 2.53873e-19 -6.04385e-18 2.53873e-19 2.436e-33
Plastic strain_mean -3.01166e-18 4.55545e-05 0 4.55545e-05 3.01166e-18 0 0 0 0
Plastic strain_rate_mean 0 0 0 0 0 0 0 0 0
Dissipation 0.00177689
End step 15
Begin step 16
Stress 1.38682e-12 92.6192 4.37239e-13 92.6192 -1.3614e-12 -1.98865e-12 4.37239e-13 -1.98865e-12 7.63325e-15
Strain 0 0.000533333 0 0.000533333 0 0 0 0 0
Strain mean 5.07755e-20 0.000533333 2.1862e-18 0.000533333 3.45464e-33 -9.94325e-18 2.1862e-18 -9.94325e-18 -1.87703e-33
Plastic strain_mean -6.84516e-18 7.02373e-05 0 7.02373e-05 6.84516e-18 0 0 0 0
Plastic strain_rate_mean 0 0 0 0 0 0 0 0 0
Dissipation 0.00228543
End step 16
Begin step 17
Stress 5.01661e-13 93.6412 -1.34792e-12 93.6412 -4.8594e-13 -4.43917e-13 -1.34792e-12 -4.43917e-13 4.72056e-15
Strain 0 0.000566667 0 0.000566667 0 0 0 0 0
Strain mean 3.14006e-20 0.000566667 -6.7396e-18 0.000566667 -2.63612e-32 -2.21959e-18 -6.7396e-18 -2.21959e-18 -8.09492e-34
Plastic strain_mean -2.4533e-18 9.84607e-05 0 9.84607e-05 2.4533e-18 0 0 0 0
Plastic strain_rate_mean 0 0 0 0 0 0 0 0 0
Dissipation 0.00264182
End step 17
Begin step 18
Stress -1.07525e-12 94.2264 -3.08956e-13 94.2264 1.11487e-12 -2.83279e-13 -3.08956e-13 -2.83279e-13 1.18953e-14
Strain 0 0.0006 0 0.0006 0 0 0 0 0
Strain mean 7.91261e-20 0.0006 -1.54478e-18 0.0006 -6.1389e-34 -1.4164e-18 -1.54478e-18 -1.4164e-18 -1.3963e-33
Plastic strain_mean 5.51487e-18 0.000128868 0 0.000128868 -5.51487e-18 0 0 0 0
Plastic strain_rate_mean 0 0 0 0 0 0 0 0 0
Dissipation 0.00286375
End step 18
Begin step 19
Stress -1.4444e-13 94.5592 6.02785e-13 94.5592 1.09754e-13 1.39339e-12 6.02785e-13 1.39339e-12 -1.04149e-14
Strain 0 0.000633333 0 0.000633333 0 0 0 0 0
Strain mean -6.92789e-20 0.000633333 3.01393e-18 0.000633333 -5.20001e-33 6.96697e-18 3.01393e-18 6.96697e-18 3.92258e-33
Plastic strain_mean 6.00844e-19 0.000160537 0 0.000160537 -6.00844e-19 0 0 0 0
Plastic strain_rate_mean 0 0 0 0 0 0 0 0 0
Dissipation 0.00299279
End step 19
Begin step 20
Stress 4.07487e-12 94.7515 2.8575e-12 94.7515 -4.10501e-12 2.84589e-12 2.8575e-12 2.84589e-12 -9.04811e-15
Strain 0 0.000666667 0 0.000666667 0 0 0 0 0
Strain mean -6.0187e-20 0.000666667 1.42875e-17 0.000666667 -5.60927e-33 1.42294e-17 1.42875e-17 1.42294e-17 1.625e-34
Plastic strain_mean -2.04798e-17 0.000192909 0 0.000192909 2.04798e-17 0 0 0 0
Plastic strain_rate_mean 0 0 0 0 0 0 0 0 0
Dissipation 0.00306508
End step 20
Begin step 21
Stress 3.01291e-12 94.8671 1.04265e-12 94.8671 -3.1027e-12 1.09114e-12 1.04265e-12 1.09114e-12 -2.69609e-14
Strain 0 0.0007 0 0.0007 0 0 0 0 0
Strain mean -1.79341e-19 0.0007 5.21327e-18 0.0007 -4.24306e-33 5.45571e-18 5.21327e-18 5.45571e-18 -2.34723e-34
Plastic strain_mean -1.53787e-17 0.000225664 0 0.000225664 1.53787e-17 0 0 0 0
Plastic strain_rate_mean 0 0 0 0 0 0 0 0 0
Dissipation 0.00310488
End step 21
Begin step 22
Stress 3.83487e-12 94.9412 2.14145e-12 94.9412 -3.88705e-12 -7.66793e-13 2.14145e-12 -7.66793e-13 -1.56682e-14
Strain 0 0.000733333 0 0.000733333 0 0 0 0 0
Strain mean -1.04223e-19 0.000733333 1.07073e-17 0.000733333 -1.10741e-32 -3.83396e-18 1.07073e-17 -3.83396e-18 9.57699e-34
Plastic strain_mean -1.93569e-17 0.000258627 0 0.000258627 1.93569e-17 0 0 0 0
Plastic strain_rate_mean 0 0 0 0 0 0 0 0 0
Dissipation 0.00312669
End step 22
Begin step 23
Stress 3.12119e-12 94.9929 2.84299e-12 94.9929 -3.19946e-12 -2.57915e-12 2.84299e-12 -2.57915e-12 -2.35024e-14
Strain 0 0.000766667 0 0.000766667 0 0 0 0 0
Strain mean -1.56335e-19 0.000766667 1.4215e-17 0.000766667 5.34446e-31 -1.28957e-17 1.4215e-17 -1.28957e-17 -2.58496e-33
Plastic strain_mean -1.58798e-17 0.000291702 0 0.000291702 1.58798e-17 0 0 0 0
Plastic strain_rate_mean 0 0 0 0 0 0 0 0 0
Dissipation 0.00313872
End step 23
Begin step 24
Stress 1.30755e-12 95.0325 2.75262e-12 95.0325 -1.29455e-12 4.10807e-13 2.75262e-12 4.10807e-13 3.90396e-15
Strain 0 0.0008 0 0.0008 0 0 0 0 0
Strain mean 2.59687e-20 0.0008 1.37631e-17 0.0008 1.54074e-33 2.05404e-18 1.37631e-17 2.05404e-18 -2.08843e-33
Plastic strain_mean -6.49225e-18 0.000324837 0 0.000324837 6.49225e-18 0 0 0 0
Plastic strain_rate_mean 0 0 0 0 0 0 0 0 0
Dissipation 0.00314549
End step 24
Begin step 25
Stress 1.19531e-12 95.0656 -1.28984e-12 95.0656 -1.15994e-12 3.60509e-14 -1.28984e-12 3.60509e-14 1.06202e-14
Strain 0 0.000833333 0 0.000833333 0 0 0 0 0
Strain mean 7.06442e-20 0.000833333 -6.44921e-18 0.000833333 9.46113e-33 1.80255e-19 -6.44921e-18 1.80255e-19 1.00058e-33
Plastic strain_mean -5.85279e-18 0.000358005 0 0.000358005 5.85279e-18 0 0 0 0
Plastic strain_rate_mean 0 0 0 0 0 0 0 0 0
Dissipation 0.00314943
End step 25
Begin step 26
Stress 1.75286e-12 95.095 -1.13744e-12 95.095 -1.70962e-12 -2.15978e-14 -1.13744e-12 -2.15978e-14 1.29826e-14
Strain 0 0.000866667 0 0.000866667 0 0 0 0 0
Strain mean 8.6359e-20 0.000866667 -5.6872e-18 0.000866667 9.29261e-33 -1.07989e-19 -5.6872e-18 -1.07989e-19 5.63485e-34
Plastic strain_mean -8.61303e-18 0.000391192 0 0.000391192 8.61303e-18 0 0 0 0
Plastic strain_rate_mean 0 0 0 0 0 0 0 0 0
Dissipation 0.00315186
End step 26
Begin step 27
Stress 1.70186e-12 95.1224 -1.05351e-12 95.1224 -1.66905e-12 -8.67688e-14 -1.05351e-12 -8.67688e-14 9.85161e-15
Strain 0 0.0009 0 0.0009 0 0 0 0 0
Strain mean 6.55318e-20 0.0009 -5.26757e-18 0.0009 1.3963e-32 -4.33844e-19 -5.26757e-18 -4.33844e-19 1.21875e-34
Plastic strain_mean -8.39451e-18 0.000424388 0 0.000424388 8.39451e-18 0 0 0 0
Plastic strain_rate_mean 0 0 0 0 0 0 0 0 0
Dissipation 0.00315347
End step 27
Begin step 28
Stress 1.4807e-12 95.1487 -9.85668e-13 95.1487 -1.48405e-12 -1.23298e-13 -9.85668e-13 -1.23298e-13 -1.00437e-15
Strain 0 0.000933333 0 0.000933333 0 0 0 0 0
Strain mean -6.68099e-21 0.000933333 -4.92834e-18 0.000933333 -9.07594e-33 -6.1649e-19 -4.92834e-18 -6.1649e-19 2.43939e-34
Plastic strain_mean -7.41522e-18 0.00045759 0 0.00045759 7.41522e-18 0 0 0 0
Plastic strain_rate_mean 0 0 0 0 0 0 0 0 0
Dissipation 0.00315466
End step 28
Begin step 29
Stress 1.16707e-12 95.1743 -4.35117e-14 95.1743 -1.16267e-12 -1.02571e-12 -4.35117e-14 -1.02571e-12 1.32315e-15
Strain 0 0.000966667 0 0.000966667 0 0 0 0 0
Strain mean 8.80147e-21 0.000966667 -2.17558e-19 0.000966667 -3.75556e-33 -5.12857e-18 -2.17558e-19 -5.12857e-18 1.48582e-33
Plastic strain_mean -5.81995e-18 0.000490795 0 0.000490795 5.81995e-18 0 0 0 0
Plastic strain_rate_mean 0 0 0 0 0 0 0 0 0
Dissipation 0.0031556
End step 29
Begin step 30
Stress 9.28422e-13 95.1993 -8.664e-13 95.1993 -9.94958e-13 -1.31387e-13 -8.664e-13 -1.31387e-13 -1.99783e-14
Strain 0 0.001 0 0.001 0 0 0 0 0
Strain mean -1.32894e-19 0.001 -4.332e-18 0.001 1.99815e-33 -6.56937e-19 -4.332e-18 -6.56937e-19 1.25073e-34
Plastic strain_mean -4.8749e-18 0.000524003 0 0.000524003 4.8749e-18 0 0 0 0
Plastic strain_rate_mean 0 0 0 0 0 0 0 0 0
Dissipation 0.00315643
End step 30
