Begin step 0
Stress 0 0 0 0 0 0 0 0 0
Strain 0 0 0 0 0 0 0 0 0
Strain mean 0 0 0 0 0 0 0 0 0
Plastic strain_mean 0 0 0 0 0 0 0 0 0
Plastic strain_rate_mean 0 0 0 0 0 0 0 0 0
Dissipation 0
End step 0
Begin step 1
Stress 5.45699e-16 6.66667 8.24084e-16 6.66667 2.34182e-16 4.89915e-17 8.24084e-16 4.89915e-17 2.34172e-16
Strain 0 3.33333e-05 0 3.33333e-05 0 0 0 0 0
Strain mean 1.55769e-21 3.33333e-05 4.12042e-21 3.33333e-05 1.15198e-36 2.44958e-22 4.12042e-21 2.44958e-22 -4.77545e-38
Plastic strain_mean 5.11319e-26 1.93694e-19 0 1.93694e-19 -5.11319e-26 0 0 0 0
Plastic strain_rate_mean 0 0 0 0 0 0 0 0 0
Dissipation 1.29129e-18
End step 1
Begin step 2
Stress 1.17282e-15 13.3333 -1.06833e-16 13.3333 5.03293e-16 -1.05372e-17 -1.06833e-16 -1.05372e-17 5.03279e-16
Strain 0 6.66667e-05 0 6.66667e-05 0 0 0 0 0
Strain mean 3.34776e-21 6.66667e-05 -5.34164e-22 6.66667e-05 -1.16198e-35 -5.26861e-23 -5.34164e-22 -5.26861e-23 -2.58021e-36
Plastic strain_mean 6.91585e-26 1.12219e-15 0 1.12219e-15 -6.91585e-26 0 0 0 0
Plastic strain_rate_mean 0 0 0 0 0 0 0 0 0
Dissipation 1.49599e-14
End step 2
Begin step 3
Stress 3.99013e-15 20 4.09401e-15 20 1.71446e-15 1.30415e-16 4.09401e-15 1.30415e-16 1.7129e-15
Strain 0 0.0001 0 0.0001 0 0 0 0 0
Strain mean 1.1394e-20 0.0001 2.04701e-20 0.0001 4.81953e-37 6.52074e-22 2.04701e-20 6.52074e-22 2.87996e-37
Plastic strain_mean 7.82879e-24 1.79414e-13 0 1.79414e-13 -7.82879e-24 0 0 0 0
Plastic strain_rate_mean 0 0 0 0 0 0 0 0 0
Dissipation 3.56584e-12
End step 3
Begin step 4
Stress -1.64006e-15 26.6667 2.94088e-14 26.6667 -7.23216e-16 1.09206e-15 2.94088e-14 1.09206e-15 -7.09613e-16
Strain 0 0.000133333 0 0.000133333 0 0 0 0 0
Strain mean -4.72026e-21 0.000133333 1.47044e-19 0.000133333 7.1235e-36 5.46029e-21 1.47044e-19 5.46029e-21 2.88731e-37
Plastic strain_mean -6.80168e-23 6.6787e-12 0 6.6787e-12 6.80168e-23 0 0 0 0
Plastic strain_rate_mean 0 0 0 0 0 0 0 0 0
Dissipation 1.73314e-10
End step 4
Begin step 5
Stress 7.06869e-15 33.3333 -2.64809e-12 33.3333 4.7986e-15 2.61897e-13 -2.64809e-12 2.61897e-13 3.56335e-15
Strain 0 0.000166667 0 0.000166667 0 0 0 0 0
Strain mean 2.3703e-20 0.000166667 -1.32404e-17 0.000166667 -4.21297e-35 1.30948e-18 -1.32404e-17 1.30948e-18 -3.19734e-34
Plastic strain_mean 6.17626e-21 1.12418e-10 0 1.12418e-10 -6.17626e-21 0 0 0 0
Plastic strain_rate_mean 0 0 0 0 0 0 0 0 0
Dissipation 3.52464e-09
End step 5
Begin step 6
Stress 8.02318e-15 39.9998 -5.38076e-12 39.9998 2.60793e-15 -6.65833e-13 -5.38076e-12 -6.65833e-13 3.19217e-15
Strain 0 0.0002 0 0.0002 0 0 0 0 0
Strain mean 2.12339e-20 0.0002 -2.69038e-17 0.0002 0 -3.32916e-18 -2.69038e-17 -3.32916e-18 6.42102e-34
Plastic strain_mean -2.92116e-21 1.14512e-09 0 1.14512e-09 2.92116e-21 0 0 0 0
Plastic strain_rate_mean 0 0 0 0 0 0 0 0 0
Dissipation 4.13079e-08
End step 6
Begin step 7
Stress 2.73413e-14 46.665 -2.98751e-12 46.665 -2.17567e-14 -2.11827e-12 -2.98751e-12 -2.11827e-12 1.67687e-15
Strain 0 0.000233333 0 0.000233333 0 0 0 0 0
Strain mean 1.11543e-20 0.000233333 -1.49376e-17 0.000233333 -1.02691e-34 -1.05913e-17 -1.49376e-17 -1.05913e-17 3.6051e-33
Plastic strain_mean -1.17168e-19 8.23517e-09 0 8.23517e-09 1.17168e-19 0 0 0 0
Plastic strain_rate_mean 0 0 0 0 0 0 0 0 0
Dissipation 3.30857e-07
End step 7
Begin step 8
Stress 9.4589e-14 53.3242 -1.08747e-13 53.3242 -7.4054e-14 -3.2426e-12 -1.08747e-13 -3.2426e-12 6.16599e-15
Strain 0 0.000266667 0 0.000266667 0 0 0 0 0
Strain mean 4.10154e-20 0.000266667 -5.43734e-19 0.000266667 -1.66713e-33 -1.6213e-17 -5.43734e-19 -1.6213e-17 5.82895e-33
Plastic strain_mean -4.011e-19 4.58021e-08 0 4.58021e-08 4.011e-19 0 0 0 0
Plastic strain_rate_mean 0 0 0 0 0 0 0 0 0
Dissipation 2.00322e-06
End step 8
Begin step 9
Stress 1.70446e-13 59.9583 9.1841e-13 59.9583 -1.65443e-13 -3.45707e-12 9.1841e-13 -3.45707e-12 1.5022e-15
Strain 0 0.0003 0 0.0003 0 0 0 0 0
Strain mean 9.99243e-21 0.0003 4.59205e-18 0.0003 -2.38936e-33 -1.72854e-17 4.59205e-18 -1.72854e-17 5.48589e-33
Plastic strain_mean -8.34726e-19 2.08492e-07 0 2.08492e-07 8.34726e-19 0 0 0 0
Plastic strain_rate_mean 0 0 0 0 0 0 0 0 0
Dissipation 9.75458e-06
End step 9
Begin step 10
Stress 2.41099e-13 66.5061 -1.85694e-12 66.5061 -2.31296e-13 -1.76294e-13 -1.85694e-12 -1.76294e-13 2.94326e-15
Strain 0 0.000333333 0 0.000333333 0 0 0 0 0
Strain mean 1.95782e-20 0.000333333 -9.28468e-18 0.000333333 -5.00742e-33 -8.81472e-19 -9.28468e-18 -8.81472e-19 1.38727e-33
Plastic strain_mean -1.1712e-18 8.02752e-07 0 8.02752e-07 1.1712e-18 0 0 0 0
Plastic strain_rate_mean 0 0 0 0 0 0 0 0 0
Dissipation 3.95218e-05
End step 10
Begin step 11
Stress 3.23717e-13 72.8046 -3.39572e-12 72.8046 -3.42761e-13 -1.1732e-12 -3.39572e-12 -1.1732e-12 -5.71839e-15
Strain 0 0.000366667 0 0.000366667 0 0 0 0 0
Strain mean -3.80381e-20 0.000366667 -1.69786e-17 0.000366667 5.87409e-33 -5.86599e-18 -1.69786e-17 -5.86599e-18 7.36217e-33
Plastic strain_mean -1.68521e-18 2.64389e-06 0 2.64389e-06 1.68521e-18 0 0 0 0
Plastic strain_rate_mean 0 0 0 0 0 0 0 0 0
Dissipation 0.000134041
End step 11
Begin step 12
Stress 1.49773e-12 78.5241 1.41611e-12 78.5241 -1.51398e-12 -1.87092e-12 1.41611e-12 -1.87092e-12 -4.87777e-15
Strain 0 0.0004 0 0.0004 0 0 0 0 0
Strain mean -3.24464e-20 0.0004 7.08054e-18 0.0004 8.3778e-33 -9.35461e-18 7.08054e-18 -9.35461e-18 -4.15279e-34
Plastic strain_mean -7.5455e-18 7.37956e-06 0 7.37956e-06 7.5455e-18 0 0 0 0
Plastic strain_rate_mean 0 0 0 0 0 0 0 0 0
Dissipation 0.00037185
End step 12
Begin step 13
Stress 3.38826e-13 83.232 1.30479e-12 83.232 -3.49704e-13 2.01475e-13 1.30479e-12 2.01475e-13 -3.2664e-15
Strain 0 0.000433333 0 0.000433333 0 0 0 0 0
Strain mean -2.17277e-20 0.000433333 6.52395e-18 0.000433333 1.42808e-31 1.00737e-18 6.52395e-18 1.00737e-18 -1.35567e-33
Plastic strain_mean -1.73219e-18 1.71735e-05 0 1.71735e-05 1.73219e-18 0 0 0 0
Plastic strain_rate_mean 0 0 0 0 0 0 0 0 0
Dissipation 0.000815103
End step 13
Begin step 14
Stress 1.1375e-12 86.6605 -8.59656e-13 86.6605 -1.10908e-12 5.94862e-13 -8.59656e-13 5.94862e-13 8.53282e-15
Strain 0 0.000466667 0 0.000466667 0 0 0 0 0
Strain mean 5.67593e-20 0.000466667 -4.29828e-18 0.000466667 -6.86113e-33 2.97431e-18 -4.29828e-18 2.97431e-18 1.67616e-33
Plastic strain_mean -5.58806e-18 3.33643e-05 0 3.33643e-05 5.58806e-18 0 0 0 0
Plastic strain_rate_mean 0 0 0 0 0 0 0 0 0
Dissipation 0.00140289
End step 14
Begin step 15
Stress 3.90488e-13 88.8901 2.1818e-14 88.8901 -3.90692e-13 4.44551e-13 2.1818e-14 4.44551e-13 -6.11359e-17
Strain 0 0.0005 0 0.0005 0 0 0 0 0
Strain mean -4.06669e-22 0.0005 1.0909e-19 0.0005 -1.55519e-32 2.22276e-18 1.0909e-19 2.22276e-18 -9.93058e-35
Plastic strain_mean -1.95315e-18 5.55495e-05 0 5.55495e-05 1.95315e-18 0 0 0 0
Plastic strain_rate_mean 0 0 0 0 0 0 0 0 0
Dissipation 0.00197156
End step 15
Begin step 16
Stress 2.47336e-12 90.2262 5.21141e-13 90.2262 -2.44384e-12 1.11049e-12 5.21141e-13 1.11049e-12 8.8647e-15
Strain 0 0.000533333 0 0.000533333 0 0 0 0 0
Strain mean 5.8967e-20 0.000533333 2.60571e-18 0.000533333 6.18705e-33 5.55247e-18 2.60571e-18 5.55247e-18 1.66262e-34
Plastic strain_mean -1.22635e-17 8.22024e-05 0 8.22024e-05 1.22635e-17 0 0 0 0
Plastic strain_rate_mean 0 0 0 0 0 0 0 0 0
Dissipation 0.00240395
End step 16
Begin step 17
Stress -7.57335e-13 90.9897 -4.63815e-13 90.9897 7.32582e-13 -6.6378e-13 -4.63815e-13 -6.6378e-13 -7.43237e-15
Strain 0 0.000566667 0 0.000566667 0 0 0 0 0
Strain mean -4.94393e-20 0.000566667 -2.31907e-18 0.000566667 -1.12185e-32 -3.3189e-18 -2.31907e-18 -3.3189e-18 -1.4926e-33
Plastic strain_mean 3.70007e-18 0.000111718 0 0.000111718 -3.70007e-18 0 0 0 0
Plastic strain_rate_mean 0 0 0 0 0 0 0 0 0
Dissipation 0.00268442
End step 17
Begin step 18
Stress -1.40148e-12 91.4178 1.55587e-13 91.4178 1.39028e-12 4.41384e-13 1.55587e-13 4.41384e-13 -3.36247e-15
Strain 0 0.0006 0 0.0006 0 0 0 0 0
Strain mean -2.23668e-20 0.0006 7.77933e-19 0.0006 -4.35742e-33 2.20692e-18 7.77933e-19 2.20692e-18 -1.36019e-33
Plastic strain_mean 6.96821e-18 0.000142911 0 0.000142911 -6.96821e-18 0 0 0 0
Plastic strain_rate_mean 0 0 0 0 0 0 0 0 0
Dissipation 0.00284993
End step 18
Begin step 19
Stress -5.20895e-13 91.6593 1.24489e-13 91.6593 4.75404e-13 2.1406e-12 1.24489e-13 2.1406e-12 -1.36595e-14
Strain 0 0.000633333 0 0.000633333 0 0 0 0 0
Strain mean -9.08614e-20 0.000633333 6.22444e-19 0.000633333 5.11575e-34 1.0703e-17 6.22444e-19 1.0703e-17 6.57525e-33
Plastic strain_mean 2.44532e-18 0.000175037 0 0.000175037 -2.44532e-18 0 0 0 0
Plastic strain_rate_mean 0 0 0 0 0 0 0 0 0
Dissipation 0.00294265
End step 19
Begin step 20
Stress 4.5198e-12 91.7997 2.36628e-12 91.7997 -4.44394e-12 1.54187e-12 2.36628e-12 1.54187e-12 2.27775e-14
Strain 0 0.000666667 0 0.000666667 0 0 0 0 0
Strain mean 1.51513e-19 0.000666667 1.18314e-17 0.000666667 -9.29863e-33 7.70935e-18 1.18314e-17 7.70935e-18 3.61112e-35
Plastic strain_mean -2.23336e-17 0.000207668 0 0.000207668 2.23336e-17 0 0 0 0
Plastic strain_rate_mean 0 0 0 0 0 0 0 0 0
Dissipation 0.00299323
End step 20
Begin step 21
Stress 2.8614e-12 91.886 8.49005e-13 91.886 -2.84476e-12 2.89804e-13 8.49005e-13 2.89804e-13 4.99567e-15
Strain 0 0.0007 0 0.0007 0 0 0 0 0
Strain mean 3.32306e-20 0.0007 4.24503e-18 0.0007 -1.34853e-33 1.44902e-18 4.24503e-18 1.44902e-18 -3.91205e-34
Plastic strain_mean -1.42488e-17 0.00024057 0 0.00024057 1.42488e-17 0 0 0 0
Plastic strain_rate_mean 0 0 0 0 0 0 0 0 0
Dissipation 0.00302056
End step 21
Begin step 22
Stress 2.8567e-12 91.9435 2.21483e-13 91.9435 -2.76146e-12 1.82274e-12 2.21483e-13 1.82274e-12 2.85985e-14
Strain 0 0.000733333 0 0.000733333 0 0 0 0 0
Strain mean 1.90234e-19 0.000733333 1.10742e-18 0.000733333 -5.33242e-33 9.11372e-18 1.10742e-18 9.11372e-18 -2.0463e-34
Plastic strain_mean -1.39503e-17 0.000273616 0 0.000273616 1.39503e-17 0 0 0 0
Plastic strain_rate_mean 0 0 0 0 0 0 0 0 0
Dissipation 0.00303536
End step 22
Begin step 23
Stress 1.59541e-12 91.9858 -2.33988e-12 91.9858 -1.69737e-12 3.80226e-13 -2.33988e-12 3.80226e-13 -3.0616e-14
Strain 0 0.000766667 0 0.000766667 0 0 0 0 0
Strain mean -2.03654e-19 0.000766667 -1.16994e-17 0.000766667 6.00649e-33 1.90113e-18 -1.16994e-17 1.90113e-18 -1.27856e-33
Plastic strain_mean -8.33377e-18 0.000306738 0 0.000306738 8.33377e-18 0 0 0 0
Plastic strain_rate_mean 0 0 0 0 0 0 0 0 0
Dissipation 0.00304349
End step 23
Begin step 24
Stress -4.22084e-13 92.0199 2.16085e-12 92.0199 4.03789e-13 4.06947e-14 2.16085e-12 4.06947e-14 -5.49349e-15
Strain 0 0.0008 0 0.0008 0 0 0 0 0
Strain mean -3.65421e-20 0.0008 1.08043e-17 0.0008 -1.04e-32 2.03474e-19 1.08043e-17 2.03474e-19 9.17826e-34
Plastic strain_mean 2.04641e-18 0.0003399 0 0.0003399 -2.04641e-18 0 0 0 0
Plastic strain_rate_mean 0 0 0 0 0 0 0 0 0
Dissipation 0.00304809
End step 24
Begin step 25
Stress -1.66147e-13 92.0497 6.10362e-13 92.0497 1.79483e-13 9.74222e-14 6.10362e-13 9.74222e-14 4.0044e-15
Strain 0 0.000833333 0 0.000833333 0 0 0 0 0
Strain mean 2.66368e-20 0.000833333 3.05181e-18 0.000833333 5.29631e-33 4.87111e-19 3.05181e-18 4.87111e-19 1.79616e-33
Plastic strain_mean 8.77393e-19 0.000373085 0 0.000373085 -8.77393e-19 0 0 0 0
Plastic strain_rate_mean 0 0 0 0 0 0 0 0 0
Dissipation 0.00305083
End step 25
Begin step 26
Stress -1.24861e-13 92.077 1.01817e-12 92.077 1.20542e-13 6.25118e-13 1.01817e-12 6.25118e-13 -1.29695e-15
Strain 0 0.000866667 0 0.000866667 0 0 0 0 0
Strain mean -8.62719e-21 0.000866667 5.09084e-18 0.000866667 1.90787e-32 3.12559e-18 5.09084e-18 3.12559e-18 1.19957e-33
Plastic strain_mean 6.09193e-19 0.000406282 0 0.000406282 -6.09193e-19 0 0 0 0
Plastic strain_rate_mean 0 0 0 0 0 0 0 0 0
Dissipation 0.00305259
End step 26
Begin step 27
Stress -1.12406e-14 92.1029 7.22239e-13 92.1029 -1.26539e-14 7.05019e-13 7.22239e-13 7.05019e-13 -7.17473e-15
Strain 0 0.0009 0 0.0009 0 0 0 0 0
Strain mean -4.77255e-20 0.0009 3.6112e-18 0.0009 -1.08093e-32 3.52509e-18 3.6112e-18 3.52509e-18 1.95903e-33
Plastic strain_mean -2.7396e-20 0.000439485 0 0.000439485 2.7396e-20 0 0 0 0
Plastic strain_rate_mean 0 0 0 0 0 0 0 0 0
Dissipation 0.00305384
End step 27
Begin step 28
Stress 1.56086e-12 92.1281 -2.01723e-12 92.1281 -1.67983e-12 -2.5078e-13 -2.01723e-12 -2.5078e-13 -3.57208e-14
Strain 0 0.000933333 0 0.000933333 0 0 0 0 0
Strain mean -2.37611e-19 0.000933333 -1.00862e-17 0.000933333 -6.06186e-32 -1.2539e-18 -1.00862e-17 -1.2539e-18 -2.65944e-34
Plastic strain_mean -8.22053e-18 0.000472693 0 0.000472693 8.22053e-18 0 0 0 0
Plastic strain_rate_mean 0 0 0 0 0 0 0 0 0
Dissipation 0.00305481
End step 28
Begin step 29
Stress 2.00381e-12 92.1527 -1.43116e-12 92.1527 -1.97581e-12 -7.85665e-14 -1.43116e-12 -7.85665e-14 8.40618e-15
Strain 0 0.000966667 0 0.000966667 0 0 0 0 0
Strain mean 5.5917e-20 0.000966667 -7.1558e-18 0.000966667 3.84223e-32 -3.92832e-19 -7.1558e-18 -3.92832e-19 -9.14064e-35
Plastic strain_mean -9.92109e-18 0.000505903 0 0.000505903 9.92109e-18 0 0 0 0
Plastic strain_rate_mean 0 0 0 0 0 0 0 0 0
Dissipation 0.00305563
End step 29
Begin step 30
Stress 1.75435e-12 92.177 -1.32151e-12 92.177 -1.76203e-12 -1.20349e-13 -1.32151e-12 -1.20349e-13 -2.3057e-15
Strain 0 0.001 0 0.001 0 0 0 0 0
Strain mean -1.53372e-20 0.001 -6.60756e-18 0.001 -1.7213e-32 -6.01746e-19 -6.60756e-18 -6.01746e-19 2.6049e-34
Plastic strain_mean -8.79861e-18 0.000539115 0 0.000539115 8.79861e-18 0 0 0 0
Plastic strain_rate_mean 0 0 0 0 0 0 0 0 0
Dissipation 0.00305637
End step 30
