Begin step 0
Stress 0 0 0 0 0 0 0 0 0
Strain 0 0 0 0 0 0 0 0 0
Strain mean 0 0 0 0 0 0 0 0 0
Plastic strain_mean 0 0 0 0 0 0 0 0 0
Plastic strain_rate_mean 0 0 0 0 0 0 0 0 0
Dissipation 0
End step 0
Begin step 1
Stress 2.40052e-13 63.9628 -1.30332e-12 63.9628 -2.41339e-13 2.66835e-13 -1.30332e-12 2.66835e-13 -3.86466e-16
Strain 0 0.000333333 0 0.000333333 0 0 0 0 0
Strain mean -2.57073e-21 0.000333333 -6.51661e-18 0.000333333 -4.72816e-32 1.33418e-18 -6.51661e-18 1.33418e-18 -7.30198e-33
Plastic strain_mean -1.20476e-18 1.35194e-05 0 1.35194e-05 1.20476e-18 0 0 0 0
Plastic strain_rate_mean 0 0 0 0 0 0 0 0 0
Dissipation 0.000864658
End step 1
Begin step 2
Stress -3.54829e-14 99.3432 -3.02267e-12 99.3432 9.2318e-14 1.86963e-12 -3.02267e-12 1.86963e-12 1.70656e-14
Strain 0 0.000666667 0 0.000666667 0 0 0 0 0
Strain mean 1.13519e-19 0.000666667 -1.51134e-17 0.000666667 5.38659e-34 9.34815e-18 -1.51134e-17 9.34815e-18 1.23455e-33
Plastic strain_mean 3.76262e-19 0.000169951 0 0.000169951 -3.76262e-19 0 0 0 0
Plastic strain_rate_mean 0 0 0 0 0 0 0 0 0
Dissipation 0.0155296
End step 2
Begin step 3
Stress -8.28968e-14 101.527 -3.49088e-12 101.527 3.03666e-14 -6.99234e-13 -3.49088e-12 -6.99234e-13 -1.57731e-14
Strain 0 0.001 0 0.001 0 0 0 0 0
Strain mean -1.04921e-19 0.001 -1.74544e-17 0.001 9.23845e-34 -3.49617e-18 -1.74544e-17 -3.49617e-18 2.25695e-33
Plastic strain_mean 2.30698e-19 0.000492365 0 0.000492365 -2.30698e-19 0 0 0 0
Plastic strain_rate_mean 0 0 0 0 0 0 0 0 0
Dissipation 0.0326976
End step 3
Begin step 4
Stress 1.03246e-12 101.794 -1.73496e-12 101.794 -1.00175e-12 -4.52008e-12 -1.73496e-12 -4.52008e-12 9.21842e-15
Strain 0 0.00133333 0 0.00133333 0 0 0 0 0
Strain mean 6.13198e-20 0.00133333 -8.6748e-18 0.00133333 1.54074e-33 -2.26004e-17 -8.6748e-18 -2.26004e-17 2.55825e-33
Plastic strain_mean -5.05486e-18 0.000824363 0 0.000824363 5.05486e-18 0 0 0 0
Plastic strain_rate_mean 0 0 0 0 0 0 0 0 0
Dissipation 0.0337446
End step 4
Begin step 5
Stress 1.11157e-12 102.005 -2.65784e-12 102.005 -1.09319e-12 -2.09925e-12 -2.65784e-12 -2.09925e-12 5.5197e-15
Strain 0 0.00166667 0 0.00166667 0 0 0 0 0
Strain mean 3.67164e-20 0.00166667 -1.32892e-17 0.00166667 -9.70187e-33 -1.04963e-17 -1.32892e-17 -1.04963e-17 4.5769e-34
Plastic strain_mean -5.49354e-18 0.00115664 0 0.00115664 5.49354e-18 0 0 0 0
Plastic strain_rate_mean 0 0 0 0 0 0 0 0 0
Dissipation 0.0338312
End step 5
Begin step 6
Stress 3.55422e-12 102.212 -3.77226e-12 102.212 -3.56483e-12 -3.60836e-12 -3.77226e-12 -3.60836e-12 -3.1878e-15
Strain 0 0.002 0 0.002 0 0 0 0 0
Strain mean -2.12049e-20 0.002 -1.88613e-17 0.002 -5.89816e-33 -1.80418e-17 -1.88613e-17 -1.80418e-17 -1.31505e-33
Plastic strain_mean -1.78082e-17 0.00148894 0 0.00148894 1.78082e-17 0 0 0 0
Plastic strain_rate_mean 0 0 0 0 0 0 0 0 0
Dissipation 0.0338906
End step 6
Begin step 7
Stress 1.78771e-12 102.418 -1.7699e-12 102.418 -1.61956e-12 -1.53596e-12 -1.7699e-12 -1.53596e-12 5.04895e-14
Strain 0 0.00233333 0 0.00233333 0 0 0 0 0
Strain mean 3.3585e-19 0.00233333 -8.8495e-18 0.00233333 5.3926e-33 -7.67982e-18 -8.8495e-18 -7.67982e-18 3.00927e-36
Plastic strain_mean -8.35025e-18 0.00182124 0 0.00182124 8.35025e-18 0 0 0 0
Plastic strain_rate_mean 0 0 0 0 0 0 0 0 0
Dissipation 0.0339491
End step 7
Begin step 8
Stress 1.00395e-12 102.624 -8.6854e-13 102.624 -9.58461e-13 -8.54163e-13 -8.6854e-13 -8.54163e-13 1.36595e-14
Strain 0 0.00266667 0 0.00266667 0 0 0 0 0
Strain mean 9.08614e-20 0.00266667 -4.3427e-18 0.00266667 -1.35417e-32 -4.27081e-18 -4.3427e-18 -4.27081e-18 3.43056e-34
Plastic strain_mean -4.8606e-18 0.00215355 0 0.00215355 4.8606e-18 0 0 0 0
Plastic strain_rate_mean 0 0 0 0 0 0 0 0 0
Dissipation 0.0340075
End step 8
Begin step 9
Stress 1.09302e-12 102.829 6.99306e-13 102.829 -8.36127e-13 -8.70336e-13 6.99306e-13 -8.70336e-13 7.7136e-14
Strain 0 0.003 0 0.003 0 0 0 0 0
Strain mean 5.131e-19 0.003 3.49653e-18 0.003 -1.17241e-32 -4.35168e-18 3.49653e-18 -4.35168e-18 -3.25603e-33
Plastic strain_mean -4.56631e-18 0.00248585 0 0.00248585 4.56631e-18 0 0 0 0
Plastic strain_rate_mean 0 0 0 0 0 0 0 0 0
Dissipation 0.034066
End step 9
Begin step 10
Stress 1.14033e-12 103.035 7.88105e-13 103.035 -1.17527e-12 -7.56557e-13 7.88105e-13 -7.56557e-13 -1.04892e-14
Strain 0 0.00333333 0 0.00333333 0 0 0 0 0
Strain mean -6.97727e-20 0.00333333 3.94052e-18 0.00333333 7.18613e-33 -3.78279e-18 3.94052e-18 -3.78279e-18 -3.62917e-33
Plastic strain_mean -5.82388e-18 0.00281816 0 0.00281816 5.82388e-18 0 0 0 0
Plastic strain_rate_mean 0 0 0 0 0 0 0 0 0
Dissipation 0.0341246
End step 10
Begin step 11
Stress -2.65343e-12 103.24 -1.21723e-12 103.24 2.53191e-12 -5.81611e-14 -1.21723e-12 -5.81611e-14 -3.64894e-14
Strain 0 0.00366667 0 0.00366667 0 0 0 0 0
Strain mean -2.42723e-19 0.00366667 -6.08613e-18 0.00366667 4.47297e-32 -2.90806e-19 -6.08613e-18 -2.90806e-19 -4.89758e-34
Plastic strain_mean 1.2842e-17 0.00315047 0 0.00315047 -1.2842e-17 0 0 0 0
Plastic strain_rate_mean 0 0 0 0 0 0 0 0 0
Dissipation 0.0341833
End step 11
Begin step 12
Stress -1.7767e-12 103.446 -1.43109e-12 103.446 1.60032e-12 -1.89559e-13 -1.43109e-12 -1.89559e-13 -5.29611e-14
Strain 0 0.004 0 0.004 0 0 0 0 0
Strain mean -3.52291e-19 0.004 -7.15544e-18 0.004 8.97965e-33 -9.47796e-19 -7.15544e-18 -9.47796e-19 -1.03782e-33
Plastic strain_mean 8.26639e-18 0.00348277 0 0.00348277 -8.26639e-18 0 0 0 0
Plastic strain_rate_mean 0 0 0 0 0 0 0 0 0
Dissipation 0.0342421
End step 12
Begin step 13
Stress 9.82267e-14 103.652 7.65607e-13 103.652 3.54505e-13 4.72384e-13 7.65607e-13 4.72384e-13 1.3594e-13
Strain 0 0.00433333 0 0.00433333 0 0 0 0 0
Strain mean 9.04257e-19 0.00433333 3.82804e-18 0.00433333 -5.38057e-33 2.36192e-18 3.82804e-18 2.36192e-18 -2.66771e-33
Plastic strain_mean 1.09282e-18 0.00381507 0 0.00381507 -1.09282e-18 0 0 0 0
Plastic strain_rate_mean 0 0 0 0 0 0 0 0 0
Dissipation 0.034301
End step 13
Begin step 14
Stress -1.02515e-12 103.858 -1.48636e-13 103.858 1.0006e-12 2.3309e-13 -1.48636e-13 2.3309e-13 -7.37124e-15
Strain 0 0.00466667 0 0.00466667 0 0 0 0 0
Strain mean -4.90326e-20 0.00466667 -7.4318e-19 0.00466667 1.53111e-32 1.16545e-18 -7.4318e-19 1.16545e-18 -1.41887e-33
Plastic strain_mean 5.03985e-18 0.00414738 0 0.00414738 -5.03985e-18 0 0 0 0
Plastic strain_rate_mean 0 0 0 0 0 0 0 0 0
Dissipation 0.03436
End step 14
Begin step 15
Stress -2.20944e-13 104.064 -2.2987e-12 104.064 1.38163e-13 -1.23568e-12 -2.2987e-12 -1.23568e-12 -2.48561e-14
Strain 0 0.005 0 0.005 0 0 0 0 0
Strain mean -1.6534e-19 0.005 -1.14935e-17 0.005 9.91854e-33 -6.17839e-18 -1.14935e-17 -6.17839e-18 4.72455e-33
Plastic strain_mean 8.15098e-19 0.00447968 0 0.00447968 -8.15098e-19 0 0 0 0
Plastic strain_rate_mean 0 0 0 0 0 0 0 0 0
Dissipation 0.034419
End step 15
Begin step 16
Stress 1.16601e-13 104.271 4.22356e-12 104.271 -3.51271e-13 1.0677e-12 4.22356e-12 1.0677e-12 -7.04635e-14
Strain 0 0.00533333 0 0.00533333 0 0 0 0 0
Strain mean -4.68715e-19 0.00533333 2.11178e-17 0.00533333 -1.80556e-33 5.33848e-18 2.11178e-17 5.33848e-18 -2.76852e-34
Plastic strain_mean -1.40404e-18 0.00481198 0 0.00481198 1.40404e-18 0 0 0 0
Plastic strain_rate_mean 0 0 0 0 0 0 0 0 0
Dissipation 0.0344782
End step 16
Begin step 17
Stress -1.83676e-14 104.478 2.67069e-12 104.478 -1.93382e-13 8.12445e-13 2.67069e-12 8.12445e-13 -6.35813e-14
Strain 0 0.00566667 0 0.00566667 0 0 0 0 0
Strain mean -4.22936e-19 0.00566667 1.33535e-17 0.00566667 4.69445e-33 4.06223e-18 1.33535e-17 4.06223e-18 3.46066e-34
Plastic strain_mean -6.49004e-19 0.00514428 0 0.00514428 6.49004e-19 0 0 0 0
Plastic strain_rate_mean 0 0 0 0 0 0 0 0 0
Dissipation 0.0345374
End step 17
Begin step 18
Stress -1.37536e-12 104.685 -5.44258e-12 104.685 1.30416e-12 -1.77558e-12 -5.44258e-12 -1.77558e-12 -2.13801e-14
Strain 0 0.006 0 0.006 0 0 0 0 0
Strain mean -1.42218e-19 0.006 -2.72129e-17 0.006 -3.47269e-33 -8.87789e-18 -2.72129e-17 -8.87789e-18 3.55093e-34
Plastic strain_mean 6.62769e-18 0.00547658 0 0.00547658 -6.62769e-18 0 0 0 0
Plastic strain_rate_mean 0 0 0 0 0 0 0 0 0
Dissipation 0.0345967
End step 18
Begin step 19
Stress -9.85479e-13 104.892 -4.17031e-12 104.892 1.03481e-12 -1.33486e-12 -4.17031e-12 -1.33486e-12 1.48123e-14
Strain 0 0.00633333 0 0.00633333 0 0 0 0 0
Strain mean 9.853e-20 0.00633333 -2.08515e-17 0.00633333 3.28612e-33 -6.67432e-18 -2.08515e-17 -6.67432e-18 1.05324e-34
Plastic strain_mean 5.09999e-18 0.00580888 0 0.00580888 -5.09999e-18 0 0 0 0
Plastic strain_rate_mean 0 0 0 0 0 0 0 0 0
Dissipation 0.034656
End step 19
Begin step 20
Stress -7.18895e-13 105.099 -3.40939e-12 105.099 1.1026e-12 -1.02378e-12 -3.40939e-12 -1.02378e-12 1.15215e-13
Strain 0 0.00666667 0 0.00666667 0 0 0 0 0
Strain mean 7.66396e-19 0.00666667 -1.70469e-17 0.00666667 1.12998e-33 -5.11888e-18 -1.70469e-17 -5.11888e-18 7.04168e-34
Plastic strain_mean 4.93694e-18 0.00614117 0 0.00614117 -4.93694e-18 0 0 0 0
Plastic strain_rate_mean 0 0 0 0 0 0 0 0 0
Dissipation 0.0347153
End step 20
Begin step 21
Stress 1.36225e-13 105.306 -2.37592e-12 105.306 1.00559e-12 -7.64436e-13 -2.37592e-12 -7.64436e-13 3.4285e-13
Strain 0 0.007 0 0.007 0 0 0 0 0
Strain mean 2.2806e-18 0.007 -1.18796e-17 0.007 4.15279e-34 -3.82218e-18 -1.18796e-17 -3.82218e-18 2.37732e-34
Plastic strain_mean 3.31372e-18 0.00647347 0 0.00647347 -3.31372e-18 0 0 0 0
Plastic strain_rate_mean 0 0 0 0 0 0 0 0 0
Dissipation 0.0347747
End step 21
Begin step 22
Stress 9.47387e-13 105.514 -6.68538e-12 105.514 -1.31719e-12 -3.57178e-12 -6.68538e-12 -3.57178e-12 -1.1104e-13
Strain 0 0.00733333 0 0.00733333 0 0 0 0 0
Strain mean -7.38627e-19 0.00733333 -3.34269e-17 0.00733333 1.95e-33 -1.78589e-17 -3.34269e-17 -1.78589e-17 -4.09975e-33
Plastic strain_mean -6.03076e-18 0.00680577 0 0.00680577 6.03076e-18 0 0 0 0
Plastic strain_rate_mean 0 0 0 0 0 0 0 0 0
Dissipation 0.0348341
End step 22
Begin step 23
Stress 6.35669e-13 105.721 -4.92768e-12 105.721 -7.41137e-13 -2.74651e-12 -4.92768e-12 -2.74651e-12 -3.16684e-14
Strain 0 0.00766667 0 0.00766667 0 0 0 0 0
Strain mean -2.10654e-19 0.00766667 -2.46384e-17 0.00766667 -9.38891e-34 -1.37326e-17 -2.46384e-17 -1.37326e-17 -2.54584e-33
Plastic strain_mean -3.54734e-18 0.00713806 0 0.00713806 3.54734e-18 0 0 0 0
Plastic strain_rate_mean 0 0 0 0 0 0 0 0 0
Dissipation 0.0348936
End step 23
Begin step 24
Stress 1.65488e-12 105.929 -8.79919e-13 105.929 -5.03931e-13 -2.02291e-13 -8.79919e-13 -2.02291e-13 3.45592e-13
Strain 0 0.008 0 0.008 0 0 0 0 0
Strain mean 2.29884e-18 0.008 -4.39959e-18 0.008 4.10705e-32 -1.01145e-18 -4.39959e-18 -1.01145e-18 -2.34299e-33
Plastic strain_mean -4.24762e-18 0.00747036 0 0.00747036 4.24762e-18 0 0 0 0
Plastic strain_rate_mean 0 0 0 0 0 0 0 0 0
Dissipation 0.0349531
End step 24
Begin step 25
Stress 1.33353e-12 106.137 -6.24132e-13 106.137 -4.10439e-13 -1.65232e-13 -6.24132e-13 -1.65232e-13 2.77173e-13
Strain 0 0.00833333 0 0.00833333 0 0 0 0 0
Strain mean 1.84372e-18 0.00833333 -3.12066e-18 0.00833333 1.54074e-33 -8.26159e-19 -3.12066e-18 -8.26159e-19 -1.71002e-33
Plastic strain_mean -3.43806e-18 0.00780265 0 0.00780265 3.43806e-18 0 0 0 0
Plastic strain_rate_mean 0 0 0 0 0 0 0 0 0
Dissipation 0.0350126
End step 25
Begin step 26
Stress -1.96135e-12 106.345 -2.01811e-13 106.345 6.03829e-13 3.72733e-13 -2.01811e-13 3.72733e-13 -4.07619e-13
Strain 0 0.00866667 0 0.00866667 0 0 0 0 0
Strain mean -2.71143e-18 0.00866667 -1.00905e-18 0.00866667 4.64781e-33 1.86366e-18 -1.00905e-18 1.86366e-18 5.68751e-34
Plastic strain_mean 5.05724e-18 0.00813494 0 0.00813494 -5.05724e-18 0 0 0 0
Plastic strain_rate_mean 0 0 0 0 0 0 0 0 0
Dissipation 0.0350721
End step 26
Begin step 27
Stress 5.13428e-13 106.553 -9.7817e-13 106.553 1.28761e-12 2.51627e-13 -9.7817e-13 2.51627e-13 5.4079e-13
Strain 0 0.009 0 0.009 0 0 0 0 0
Strain mean 3.59728e-18 0.009 -4.89085e-18 0.009 4.0926e-33 1.25813e-18 -4.89085e-18 1.25813e-18 2.97917e-34
Plastic strain_mean 3.73409e-18 0.00846724 0 0.00846724 -3.73409e-18 0 0 0 0
Plastic strain_rate_mean 0 0 0 0 0 0 0 0 0
Dissipation 0.0351316
End step 27
Begin step 28
Stress -5.57178e-13 106.761 -3.31996e-13 106.761 1.17474e-12 2.33459e-13 -3.31996e-13 2.33459e-13 1.85434e-13
Strain 0 0.00933333 0 0.00933333 0 0 0 0 0
Strain mean 1.23348e-18 0.00933333 -1.65998e-18 0.00933333 3.61112e-35 1.16729e-18 -1.65998e-18 1.16729e-18 3.40047e-34
Plastic strain_mean 4.94655e-18 0.00879953 0 0.00879953 -4.94655e-18 0 0 0 0
Plastic strain_rate_mean 0 0 0 0 0 0 0 0 0
Dissipation 0.0351911
End step 28
Begin step 29
Stress -7.34377e-13 106.969 -4.72661e-13 106.969 3.25072e-13 1.17254e-13 -4.72661e-13 1.17254e-13 -1.22901e-13
Strain 0 0.00966667 0 0.00966667 0 0 0 0 0
Strain mean -8.1752e-19 0.00966667 -2.3633e-18 0.00966667 3.75556e-33 5.86268e-19 -2.3633e-18 5.86268e-19 4.00232e-34
Plastic strain_mean 2.23986e-18 0.00913182 0 0.00913182 -2.23986e-18 0 0 0 0
Plastic strain_rate_mean 0 0 0 0 0 0 0 0 0
Dissipation 0.0352506
End step 29
Begin step 30
Stress -2.49666e-13 107.177 -2.57757e-13 107.177 9.86602e-13 1.87204e-13 -2.57757e-13 1.87204e-13 2.21277e-13
Strain 0 0.01 0 0.01 0 0 0 0 0
Strain mean 1.47191e-18 0.01 -1.28878e-18 0.01 -1.31595e-32 9.36019e-19 -1.28878e-18 9.36019e-19 5.58219e-34
Plastic strain_mean 3.82663e-18 0.00946412 0 0.00946412 -3.82663e-18 0 0 0 0
Plastic strain_rate_mean 0 0 0 0 0 0 0 0 0
Dissipation 0.0353102
End step 30
