Begin step 0
Stress 0 0 0 0 0 0 0 0 0
Strain 0 0 0 0 0 0 0 0 0
Strain mean 0 0 0 0 0 0 0 0 0
Plastic strain_mean 0 0 0 0 0 0 0 0 0
Plastic strain_rate_mean 0 0 0 0 0 0 0 0 0
Dissipation 0
End step 0
Begin step 1
Stress 161.437 -4.36333e-11 -2.30394e-11 -4.36333e-11 1.51102e-12 -1.82047e-11 -2.30394e-11 -1.82047e-11 -1.32081e-12
Strain 0.00133333 0 0 0 0 0 0 0 0
Strain mean 0.00133333 -1.97737e-16 -1.07641e-16 -1.97737e-16 -0.000514734 -7.88463e-17 -1.07641e-16 -7.88463e-17 -0.000514734
Plastic strain_mean 2.92853e-06 5.75437e-18 -1.93494e-19 5.75437e-18 -1.46427e-06 6.05437e-18 -1.93494e-19 6.05437e-18 -1.46427e-06
Plastic strain_rate_mean 0 0 0 0 0 0 0 0 0
Dissipation 3.93977e-05
End step 1
Begin step 2
Stress 322.519 -8.90086e-11 -5.65748e-12 -8.90086e-11 7.80807e-13 -4.18449e-12 -5.65748e-12 -4.18449e-12 -1.43275e-13
Strain 0.00266667 0 0 0 0 0 0 0 0
Strain mean 0.00266667 -3.98578e-16 -2.76545e-17 -3.98578e-16 -0.0010298 -1.97064e-18 -2.76545e-17 -1.97064e-18 -0.0010298
Plastic strain_mean 8.77906e-06 1.65272e-17 -1.26995e-18 1.65272e-17 -4.38953e-06 1.75444e-17 -1.26995e-18 1.75444e-17 -4.38953e-06
Plastic strain_rate_mean 0 0 0 0 0 0 0 0 0
Dissipation 0.000157242
End step 2
Begin step 3
Stress 483.247 -1.36067e-10 -6.8067e-12 -1.36067e-10 2.1784e-12 -1.81505e-12 -6.8067e-12 -1.81505e-12 -1.74805e-13
Strain 0.004 0 0 0 0 0 0 0 0
Strain mean 0.004 -6.03249e-16 -3.61486e-17 -6.03249e-16 -0.0015452 2.50184e-17 -3.61486e-17 2.50184e-17 -0.0015452
Plastic strain_mean 1.7545e-05 3.13197e-17 -4.40454e-18 3.13197e-17 -8.7725e-06 3.34832e-17 -4.40454e-18 3.34832e-17 -8.7725e-06
Plastic strain_rate_mean 0 0 0 0 0 0 0 0 0
Dissipation 0.00035301
End step 3
Begin step 4
Stress 643.615 -1.8251e-10 -5.11388e-12 -1.8251e-10 3.38851e-13 6.58135e-12 -5.11388e-12 6.58135e-12 1.47638e-13
Strain 0.00533333 0 0 0 0 0 0 0 0
Strain mean 0.00533333 -1.19284e-15 -2.85611e-17 -1.19284e-15 -0.00206094 -3.07032e-16 -2.85611e-17 -3.07032e-16 -0.00206094
Plastic strain_mean 2.92807e-05 -3.41673e-16 -4.71171e-18 -3.41673e-16 -1.46404e-05 -3.37725e-16 -4.71171e-18 -3.37725e-16 -1.46404e-05
Plastic strain_rate_mean 0 0 0 0 0 0 0 0 0
Dissipation 0.00062944
End step 4
Begin step 5
Stress 803.412 -2.2595e-10 -9.822e-12 -2.2595e-10 4.3084e-13 3.42682e-12 -9.822e-12 3.42682e-12 -7.01154e-14
Strain 0.00666667 0 0 0 0 0 0 0 0
Strain mean 0.00666667 -3.42588e-15 -5.17497e-17 -3.42588e-15 -0.00257722 -2.34863e-15 -5.17497e-17 -2.34863e-15 -0.00257722
Plastic strain_mean 4.57236e-05 -2.37212e-15 -5.94322e-18 -2.37212e-15 -2.28618e-05 -2.36461e-15 -5.94322e-18 -2.36461e-15 -2.28618e-05
Plastic strain_rate_mean 0 0 0 0 0 0 0 0 0
Dissipation 0.00110087
End step 5
Begin step 6
Stress 961.9 -2.51969e-10 -1.16763e-11 -2.51969e-10 -1.69344e-12 -2.16164e-11 -1.16763e-11 -2.16164e-11 -7.71666e-13
Strain 0.008 0 0 0 0 0 0 0 0
Strain mean 0.008 -3.63437e-15 -6.14472e-17 -3.63437e-15 -0.00309473 -2.54561e-15 -6.14472e-17 -2.54561e-15 -0.00309473
Plastic strain_mean 7.29505e-05 -2.45927e-15 -6.993e-18 -2.45927e-15 -3.64753e-05 -2.4448e-15 -6.993e-18 -2.4448e-15 -3.64753e-05
Plastic strain_rate_mean 0 0 0 0 0 0 0 0 0
Dissipation 0.00218246
End step 6
Begin step 7
Stress 1114.82 -3.08756e-10 2.44954e-13 -3.08756e-10 7.51969e-13 -1.46362e-12 2.44954e-13 -1.46362e-12 -1.06148e-14
Strain 0.00933333 0 0 0 0 0 0 0 0
Strain mean 0.00933333 -5.61856e-15 -1.54621e-17 -5.61856e-15 -0.00361748 -4.10833e-15 -1.54621e-17 -4.10833e-15 -0.00361748
Plastic strain_mean 0.00014609 -4.17863e-15 -1.66045e-17 -4.17863e-15 -7.30449e-05 -4.1015e-15 -1.66045e-17 -4.1015e-15 -7.30449e-05
Plastic strain_rate_mean 0 0 0 0 0 0 0 0 0
Dissipation 0.00679473
End step 7
Begin step 8
Stress 1198.38 -3.33829e-10 -2.59231e-12 -3.33829e-10 1.19388e-12 1.94048e-12 -2.59231e-12 1.94048e-12 1.98276e-13
Strain 0.0106667 0 0 0 0 0 0 0 0
Strain mean 0.0106667 -1.5221e-11 -5.16624e-16 -1.5221e-11 -0.00420551 -1.52143e-11 -5.16624e-16 -1.52143e-11 -0.00420551
Plastic strain_mean 0.000790787 -1.52195e-11 -5.04534e-16 -1.52195e-11 -0.000395394 -1.52143e-11 -5.04534e-16 -1.52143e-11 -0.000395394
Plastic strain_rate_mean 0 0 0 0 0 0 0 0 0
Dissipation 0.0643827
End step 8
Begin step 9
Stress 1207.89 -3.36566e-10 4.46627e-12 -3.36566e-10 -1.85105e-12 -1.42679e-12 4.46627e-12 -1.42679e-12 -8.00406e-13
Strain 0.012 0 0 0 0 0 0 0 0
Strain mean 0.012 -9.10948e-11 -8.4617e-16 -9.10948e-11 -0.00486322 -9.10699e-11 -8.4617e-16 -9.10699e-11 -0.00486322
Plastic strain_mean 0.00204574 -9.10933e-11 -8.66999e-16 -9.10933e-11 -0.00102287 -9.10699e-11 -8.66999e-16 -9.10699e-11 -0.00102287
Plastic strain_rate_mean 0 0 0 0 0 0 0 0 0
Dissipation 0.126321
End step 9
Begin step 10
Stress 1212.55 -3.3784e-10 5.40312e-12 -3.3784e-10 -1.26678e-12 -1.45669e-12 5.40312e-12 -1.45669e-12 3.30341e-13
Strain 0.0133333 0 0 0 0 0 0 0 0
Strain mean 0.0133333 -1.75368e-10 -1.1982e-15 -1.75368e-10 -0.00552551 -1.75325e-10 -1.1982e-15 -1.75325e-10 -0.00552551
Plastic strain_mean 0.00334068 -1.75367e-10 -1.2234e-15 -1.75367e-10 -0.00167034 -1.75325e-10 -1.2234e-15 -1.75325e-10 -0.00167034
Plastic strain_rate_mean 0 0 0 0 0 0 0 0 0
Dissipation 0.130848
End step 10
Begin step 11
Stress 1217.05 -3.39485e-10 5.58698e-12 -3.39485e-10 -1.48113e-12 -1.46059e-12 5.58698e-12 -1.46059e-12 5.66741e-15
Strain 0.0146667 0 0 0 0 0 0 0 0
Strain mean 0.0146667 -2.64829e-10 -1.60705e-15 -2.64829e-10 -0.00618794 -2.64767e-10 -1.60705e-15 -2.64767e-10 -0.00618794
Plastic strain_mean 0.00463693 -2.64827e-10 -1.6331e-15 -2.64827e-10 -0.00231847 -2.64767e-10 -1.6331e-15 -2.64767e-10 -0.00231847
Plastic strain_rate_mean 0 0 0 0 0 0 0 0 0
Dissipation 0.131467
End step 11
Begin step 12
Stress 1221.54 -3.40256e-10 3.31996e-12 -3.40256e-10 -1.30984e-12 -1.13993e-12 3.31996e-12 -1.13993e-12 -3.01433e-13
Strain 0.016 0 0 0 0 0 0 0 0
Strain mean 0.016 -2.99115e-10 -1.75975e-15 -2.99115e-10 -0.00685037 -2.99036e-10 -1.75975e-15 -2.99036e-10 -0.00685038
Plastic strain_mean 0.00593323 -2.99114e-10 -1.77523e-15 -2.99114e-10 -0.00296661 -2.99036e-10 -1.77523e-15 -2.99036e-10 -0.00296661
Plastic strain_rate_mean 0 0 0 0 0 0 0 0 0
Dissipation 0.131957
End step 12
Begin step 13
Stress 1226.04 -3.41753e-10 3.10742e-12 -3.41753e-10 -7.5291e-13 5.54338e-14 3.10742e-12 5.54338e-14 -2.00381e-13
Strain 0.0173333 0 0 0 0 0 0 0 0
Strain mean 0.0173333 -3.0318e-10 -1.70808e-15 -3.0318e-10 -0.00751281 -3.03084e-10 -1.70808e-15 -3.03084e-10 -0.00751281
Plastic strain_mean 0.00722952 -3.03178e-10 -1.72257e-15 -3.03178e-10 -0.00361476 -3.03084e-10 -1.72257e-15 -3.03084e-10 -0.00361476
Plastic strain_rate_mean 0 0 0 0 0 0 0 0 0
Dissipation 0.132442
End step 13
Begin step 14
Stress 1230.53 -3.43314e-10 1.38188e-12 -3.43314e-10 5.25609e-13 9.25386e-13 1.38188e-12 9.25386e-13 3.13859e-13
Strain 0.0186667 0 0 0 0 0 0 0 0
Strain mean 0.0186667 -2.98777e-10 -1.69682e-15 -2.98777e-10 -0.00817525 -2.98665e-10 -1.69682e-15 -2.98665e-10 -0.00817525
Plastic strain_mean 0.00852582 -2.98775e-10 -1.70327e-15 -2.98775e-10 -0.00426291 -2.98665e-10 -1.70327e-15 -2.98665e-10 -0.00426291
Plastic strain_rate_mean 0 0 0 0 0 0 0 0 0
Dissipation 0.132928
End step 14
Begin step 15
Stress 1235.03 -3.44872e-10 -2.29472e-13 -3.44872e-10 1.95568e-12 2.0459e-12 -2.29472e-13 2.0459e-12 9.49731e-13
Strain 0.02 0 0 0 0 0 0 0 0
Strain mean 0.02 -2.94373e-10 -1.68502e-15 -2.94373e-10 -0.00883768 -2.94245e-10 -1.68502e-15 -2.94245e-10 -0.00883769
Plastic strain_mean 0.00982211 -2.94372e-10 -1.68395e-15 -2.94372e-10 -0.00491105 -2.94245e-10 -1.68395e-15 -2.94245e-10 -0.00491106
Plastic strain_rate_mean 0 0 0 0 0 0 0 0 0
Dissipation 0.133413
End step 15
