Begin step 0
Stress 0 0 0 0 0 0 0 0 0
Strain 0 0 0 0 0 0 0 0 0
Strain mean 0 0 0 0 0 0 0 0 0
Plastic strain_mean 0 0 0 0 0 0 0 0 0
Plastic strain_rate_mean 0 0 0 0 0 0 0 0 0
Dissipation 0
End step 0
Begin step 1
Stress 4.28335e-13 55.703 -1.81819e-12 55.703 -3.91505e-13 -3.49784e-12 -1.81819e-12 -3.49784e-12 1.1059e-14
Strain 0 0.000333333 0 0.000333333 0 0 0 0 0
Strain mean 7.35635e-20 0.000333333 -9.09094e-18 0.000333333 1.13148e-33 -1.74892e-17 -9.09094e-18 -1.74892e-17 3.40122e-33
Plastic strain_mean -2.01282e-18 5.48182e-05 0 5.48182e-05 2.01282e-18 0 0 0 0
Plastic strain_rate_mean 0 0 0 0 0 0 0 0 0
Dissipation 0.00305233
End step 1
Begin step 2
Stress 5.69151e-13 87.0704 1.70737e-12 87.0704 -5.20431e-13 9.56026e-12 1.70737e-12 9.56026e-12 1.46289e-14
Strain 0 0.000666667 0 0.000666667 0 0 0 0 0
Strain mean 9.731e-20 0.000666667 8.53687e-18 0.000666667 -1.77065e-32 4.78013e-17 8.53687e-18 4.78013e-17 2.29306e-33
Plastic strain_mean -2.6753e-18 0.000231315 0 0.000231315 2.6753e-18 0 0 0 0
Plastic strain_rate_mean 0 0 0 0 0 0 0 0 0
Dissipation 0.0153488
End step 2
Begin step 3
Stress 4.61029e-13 93.5399 1.40647e-12 93.5399 -4.56535e-13 -1.74256e-12 1.40647e-12 -1.74256e-12 1.34936e-15
Strain 0 0.001 0 0.001 0 0 0 0 0
Strain mean 8.97576e-21 0.001 7.03237e-18 0.001 -1.98612e-33 -8.71282e-18 7.03237e-18 -8.71282e-18 -2.49167e-33
Plastic strain_mean -2.28942e-18 0.0005323 0 0.0005323 2.28942e-18 0 0 0 0
Plastic strain_rate_mean 0 0 0 0 0 0 0 0 0
Dissipation 0.0280929
End step 3
Begin step 4
Stress 7.42066e-13 94.5288 -2.58752e-13 94.5288 -7.74177e-13 3.24632e-13 -2.58752e-13 3.24632e-13 -9.642e-15
Strain 0 0.00133333 0 0.00133333 0 0 0 0 0
Strain mean -6.41375e-20 0.00133333 -1.29376e-18 0.00133333 -1.09537e-33 1.62316e-18 -1.29376e-18 1.62316e-18 -2.80764e-33
Plastic strain_mean -3.82268e-18 0.00086069 0 0.00086069 3.82268e-18 0 0 0 0
Plastic strain_rate_mean 0 0 0 0 0 0 0 0 0
Dissipation 0.0309513
End step 4
Begin step 5
Stress -5.52716e-13 94.8374 -4.68739e-14 94.8374 6.01116e-13 4.30781e-13 -4.68739e-14 4.30781e-13 1.45329e-14
Strain 0 0.00166667 0 0.00166667 0 0 0 0 0
Strain mean 9.6671e-20 0.00166667 -2.34369e-19 0.00166667 -4.0926e-34 2.1539e-18 -2.34369e-19 2.1539e-18 -4.01737e-33
Plastic strain_mean 2.93292e-18 0.00119248 0 0.00119248 -2.93292e-18 0 0 0 0
Plastic strain_rate_mean 0 0 0 0 0 0 0 0 0
Dissipation 0.0313535
End step 5
Begin step 6
Stress -1.67287e-13 95.0641 -8.00622e-13 95.0641 -1.52595e-14 -7.67359e-13 -8.00622e-13 -7.67359e-13 -5.48127e-14
Strain 0 0.002 0 0.002 0 0 0 0 0
Strain mean -3.64608e-19 0.002 -4.00311e-18 0.002 2.0463e-34 -3.83679e-18 -4.00311e-18 -3.83679e-18 -2.95209e-33
Plastic strain_mean 1.97766e-19 0.00152468 0 0.00152468 -1.97766e-19 0 0 0 0
Plastic strain_rate_mean 0 0 0 0 0 0 0 0 0
Dissipation 0.0314492
End step 6
Begin step 7
Stress 1.24475e-14 95.2775 -6.24056e-13 95.2775 -8.87705e-14 -7.19228e-13 -6.24056e-13 -7.19228e-13 -2.29172e-14
Strain 0 0.00233333 0 0.00233333 0 0 0 0 0
Strain mean -1.52443e-19 0.00233333 -3.12028e-18 0.00233333 -7.10187e-34 -3.59614e-18 -3.12028e-18 -3.59614e-18 -2.52778e-33
Plastic strain_mean -3.29266e-19 0.00185695 0 0.00185695 3.29266e-19 0 0 0 0
Plastic strain_rate_mean 0 0 0 0 0 0 0 0 0
Dissipation 0.0315098
End step 7
Begin step 8
Stress 2.36495e-13 95.4865 -3.75491e-13 95.4865 2.88324e-14 -6.06405e-13 -3.75491e-13 -6.06405e-13 7.96688e-14
Strain 0 0.00266667 0 0.00266667 0 0 0 0 0
Strain mean 5.29947e-19 0.00266667 -1.87745e-18 0.00266667 -1.14352e-34 -3.03202e-18 -1.87745e-18 -3.03202e-18 -1.17963e-33
Plastic strain_mean -2.54182e-19 0.00218923 0 0.00218923 2.54182e-19 0 0 0 0
Plastic strain_rate_mean 0 0 0 0 0 0 0 0 0
Dissipation 0.0315661
End step 8
Begin step 9
Stress -8.82046e-13 95.6926 -3.00606e-12 95.6926 8.64129e-13 -1.85789e-12 -3.00606e-12 -1.85789e-12 -5.37996e-15
Strain 0 0.003 0 0.003 0 0 0 0 0
Strain mean -3.57869e-20 0.003 -1.50303e-17 0.003 2.64815e-33 -9.28946e-18 -1.50303e-17 -9.28946e-18 -3.38843e-33
Plastic strain_mean 4.34754e-18 0.00252154 0 0.00252154 -4.34754e-18 0 0 0 0
Plastic strain_rate_mean 0 0 0 0 0 0 0 0 0
Dissipation 0.0316214
End step 9
Begin step 10
Stress -6.0084e-13 95.8966 -2.01718e-12 95.8966 7.82194e-13 -1.49397e-12 -2.01718e-12 -1.49397e-12 5.44546e-14
Strain 0 0.00333333 0 0.00333333 0 0 0 0 0
Strain mean 3.62226e-19 0.00333333 -1.00859e-17 0.00333333 1.26389e-33 -7.46985e-18 -1.00859e-17 -7.46985e-18 -1.91201e-33
Plastic strain_mean 3.6387e-18 0.00285385 0 0.00285385 -3.6387e-18 0 0 0 0
Plastic strain_rate_mean 0 0 0 0 0 0 0 0 0
Dissipation 0.0316765
End step 10
Begin step 11
Stress -8.77514e-13 96.099 -1.62408e-12 96.099 5.59685e-13 -1.23616e-12 -1.62408e-12 -1.23616e-12 -9.54331e-14
Strain 0 0.00366667 0 0.00366667 0 0 0 0 0
Strain mean -6.3481e-19 0.00366667 -8.12038e-18 0.00366667 -1.57686e-33 -6.18079e-18 -8.12038e-18 -6.18079e-18 -1.35027e-33
Plastic strain_mean 3.27559e-18 0.00318617 0 0.00318617 -3.27559e-18 0 0 0 0
Plastic strain_rate_mean 0 0 0 0 0 0 0 0 0
Dissipation 0.0317314
End step 11
Begin step 12
Stress -8.24118e-13 96.3001 -1.37303e-12 96.3001 5.07424e-13 -1.02226e-12 -1.37303e-12 -1.02226e-12 -9.50925e-14
Strain 0 0.004 0 0.004 0 0 0 0 0
Strain mean -6.32544e-19 0.004 -6.86515e-18 0.004 1.50463e-33 -5.11129e-18 -6.86515e-18 -5.11129e-18 -1.28784e-33
Plastic strain_mean 3.01258e-18 0.0035185 0 0.0035185 -3.01258e-18 0 0 0 0
Plastic strain_rate_mean 0 0 0 0 0 0 0 0 0
Dissipation 0.0317861
End step 12
Begin step 13
Stress -3.12801e-13 96.5001 -1.0631e-12 96.5001 4.89763e-13 -8.64615e-13 -1.0631e-12 -8.64615e-13 5.31358e-14
Strain 0 0.00433333 0 0.00433333 0 0 0 0 0
Strain mean 3.53453e-19 0.00433333 -5.31549e-18 0.00433333 2.10649e-34 -4.32308e-18 -5.31549e-18 -4.32308e-18 -1.02898e-33
Plastic strain_mean 2.18314e-18 0.00385083 0 0.00385083 -2.18314e-18 0 0 0 0
Plastic strain_rate_mean 0 0 0 0 0 0 0 0 0
Dissipation 0.0318408
End step 13
Begin step 14
Stress -6.17012e-13 96.6991 -8.70095e-13 96.6991 4.18816e-13 -7.32597e-13 -8.70095e-13 -7.32597e-13 -5.95114e-14
Strain 0 0.00466667 0 0.00466667 0 0 0 0 0
Strain mean -3.95863e-19 0.00466667 -4.35047e-18 0.00466667 -1.11343e-34 -3.66299e-18 -4.35047e-18 -3.66299e-18 -7.91437e-34
Plastic strain_mean 2.39164e-18 0.00418317 0 0.00418317 -2.39164e-18 0 0 0 0
Plastic strain_rate_mean 0 0 0 0 0 0 0 0 0
Dissipation 0.0318954
End step 14
Begin step 15
Stress -6.02697e-13 96.8974 -6.76972e-13 96.8974 2.39116e-13 -6.2488e-13 -6.76972e-13 -6.2488e-13 -1.09171e-13
Strain 0 0.005 0 0.005 0 0 0 0 0
Strain mean -7.26194e-19 0.005 -3.38486e-18 0.005 7.10187e-34 -3.1244e-18 -3.38486e-18 -3.1244e-18 -7.1771e-34
Plastic strain_mean 1.74143e-18 0.00451551 0 0.00451551 -1.74143e-18 0 0 0 0
Plastic strain_rate_mean 0 0 0 0 0 0 0 0 0
Dissipation 0.03195
End step 15
Begin step 16
Stress -4.4783e-13 97.0951 -4.51466e-13 97.0951 3.75928e-13 -5.24441e-13 -4.51466e-13 -5.24441e-13 -2.15897e-14
Strain 0 0.00533333 0 0.00533333 0 0 0 0 0
Strain mean -1.43612e-19 0.00533333 -2.25733e-18 0.00533333 -7.22224e-35 -2.62221e-18 -2.25733e-18 -2.62221e-18 -8.21906e-34
Plastic strain_mean 1.98759e-18 0.00484786 0 0.00484786 -1.98759e-18 0 0 0 0
Plastic strain_rate_mean 0 0 0 0 0 0 0 0 0
Dissipation 0.0320045
End step 16
Begin step 17
Stress 1.76295e-12 97.2923 -2.45083e-12 97.2923 -1.7188e-12 -3.75624e-12 -2.45083e-12 -3.75624e-12 1.32577e-14
Strain 0 0.00566667 0 0.00566667 0 0 0 0 0
Strain mean 8.8189e-20 0.00566667 -1.22542e-17 0.00566667 -3.80371e-33 -1.87812e-17 -1.22542e-17 -1.87812e-17 1.98912e-33
Plastic strain_mean -8.66027e-18 0.00518021 0 0.00518021 8.66027e-18 0 0 0 0
Plastic strain_rate_mean 0 0 0 0 0 0 0 0 0
Dissipation 0.0320591
End step 17
Begin step 18
Stress 1.67637e-12 97.489 -1.75558e-12 97.489 -1.47952e-12 -3.1887e-12 -1.75558e-12 -3.1887e-12 5.91096e-14
Strain 0 0.006 0 0.006 0 0 0 0 0
Strain mean 3.93191e-19 0.006 -8.7779e-18 0.006 -1.98612e-33 -1.59435e-17 -8.7779e-18 -1.59435e-17 1.6897e-33
Plastic strain_mean -7.69313e-18 0.00551255 0 0.00551255 7.69313e-18 0 0 0 0
Plastic strain_rate_mean 0 0 0 0 0 0 0 0 0
Dissipation 0.0321136
End step 18
Begin step 19
Stress 1.51406e-12 97.6853 -1.68427e-12 97.6853 -1.07223e-12 -2.74053e-12 -1.68427e-12 -2.74053e-12 1.32665e-13
Strain 0 0.00633333 0 0.00633333 0 0 0 0 0
Strain mean 8.82471e-19 0.00633333 -8.42134e-18 0.00633333 1.70926e-33 -1.37027e-17 -8.42134e-18 -1.37027e-17 3.83681e-34
Plastic strain_mean -6.02449e-18 0.00584491 0 0.00584491 6.02449e-18 0 0 0 0
Plastic strain_rate_mean 0 0 0 0 0 0 0 0 0
Dissipation 0.0321682
End step 19
Begin step 20
Stress 1.02967e-12 97.8814 -1.09855e-12 97.8814 -1.03433e-12 -2.32805e-12 -1.09855e-12 -2.32805e-12 -1.39739e-15
Strain 0 0.00666667 0 0.00666667 0 0 0 0 0
Strain mean -9.29529e-21 0.00666667 -5.49275e-18 0.00666667 -2.0463e-33 -1.16402e-17 -5.49275e-18 -1.16402e-17 1.18716e-33
Plastic strain_mean -5.16464e-18 0.00617726 0 0.00617726 5.16464e-18 0 0 0 0
Plastic strain_rate_mean 0 0 0 0 0 0 0 0 0
Dissipation 0.0322227
End step 20
Begin step 21
Stress 8.53924e-13 98.0771 -1.07594e-12 98.0771 -8.83941e-13 -1.99308e-12 -1.07594e-12 -1.99308e-12 -9.01317e-15
Strain 0 0.007 0 0.007 0 0 0 0 0
Strain mean -5.99546e-20 0.007 -5.37971e-18 0.007 2.88889e-33 -9.96541e-18 -5.37971e-18 -9.96541e-18 -1.50463e-35
Plastic strain_mean -4.37464e-18 0.00650961 0 0.00650961 4.37464e-18 0 0 0 0
Plastic strain_rate_mean 0 0 0 0 0 0 0 0 0
Dissipation 0.0322773
End step 21
Begin step 22
Stress 4.43687e-13 98.2726 -3.0859e-13 98.2726 -8.18437e-13 -1.69862e-12 -3.0859e-13 -1.69862e-12 -1.12525e-13
Strain 0 0.00733333 0 0.00733333 0 0 0 0 0
Strain mean -7.48503e-19 0.00733333 -1.54295e-18 0.00733333 -1.44445e-33 -8.49308e-18 -1.54295e-18 -8.49308e-18 6.99654e-35
Plastic strain_mean -3.52956e-18 0.00684197 0 0.00684197 3.52956e-18 0 0 0 0
Plastic strain_rate_mean 0 0 0 0 0 0 0 0 0
Dissipation 0.0323319
End step 22
Begin step 23
Stress 1.22793e-12 98.4679 -1.0168e-12 98.4679 -2.6429e-13 -1.4524e-12 -1.0168e-12 -1.4524e-12 2.89347e-13
Strain 0 0.00766667 0 0.00766667 0 0 0 0 0
Strain mean 1.92471e-18 0.00766667 -5.084e-18 0.00766667 -2.80464e-33 -7.262e-18 -5.084e-18 -7.262e-18 4.24683e-34
Plastic strain_mean -2.76819e-18 0.00717433 0 0.00717433 2.76819e-18 0 0 0 0
Plastic strain_rate_mean 0 0 0 0 0 0 0 0 0
Dissipation 0.0323865
End step 23
Begin step 24
Stress 2.90474e-13 98.663 -4.58976e-13 98.663 -4.67145e-13 -1.27716e-12 -4.58976e-13 -1.27716e-12 -5.30485e-14
Strain 0 0.008 0 0.008 0 0 0 0 0
Strain mean -3.52872e-19 0.008 -2.29488e-18 0.008 -1.37824e-33 -6.38579e-18 -2.29488e-18 -6.38579e-18 5.16089e-34
Plastic strain_mean -2.07048e-18 0.00750669 0 0.00750669 2.07048e-18 0 0 0 0
Plastic strain_rate_mean 0 0 0 0 0 0 0 0 0
Dissipation 0.0324412
End step 24
Begin step 25
Stress 3.54387e-13 98.858 -7.3906e-13 98.858 -5.98772e-13 -1.06524e-12 -7.3906e-13 -1.06524e-12 -7.33805e-14
Strain 0 0.00833333 0 0.00833333 0 0 0 0 0
Strain mean -4.88119e-19 0.00833333 -3.6953e-18 0.00833333 9.20835e-34 -5.32621e-18 -3.6953e-18 -5.32621e-18 -1.50463e-36
Plastic strain_mean -2.62696e-18 0.00783904 0 0.00783904 2.62696e-18 0 0 0 0
Plastic strain_rate_mean 0 0 0 0 0 0 0 0 0
Dissipation 0.0324958
End step 25
Begin step 26
Stress 2.45534e-12 99.0528 2.02183e-12 99.0528 -2.43428e-12 -2.62382e-12 2.02183e-12 -2.62382e-12 6.3232e-15
Strain 0 0.00866667 0 0.00866667 0 0 0 0 0
Strain mean 4.20612e-20 0.00866667 1.01091e-17 0.00866667 -9.62965e-35 -1.31191e-17 1.01091e-17 -1.31191e-17 -1.36621e-33
Plastic strain_mean -1.2203e-17 0.0081714 0 0.0081714 1.2203e-17 0 0 0 0
Plastic strain_rate_mean 0 0 0 0 0 0 0 0 0
Dissipation 0.0325505
End step 26
Begin step 27
Stress 2.69882e-12 99.2476 1.67813e-12 99.2476 -1.9584e-12 -2.28666e-12 1.67813e-12 -2.28666e-12 2.22325e-13
Strain 0 0.009 0 0.009 0 0 0 0 0
Strain mean 1.47888e-18 0.009 8.39063e-18 0.009 -9.87039e-34 -1.14333e-17 8.39063e-18 -1.14333e-17 -2.71737e-33
Plastic strain_mean -1.09036e-17 0.00850376 0 0.00850376 1.09036e-17 0 0 0 0
Plastic strain_rate_mean 0 0 0 0 0 0 0 0 0
Dissipation 0.0326052
End step 27
Begin step 28
Stress 1.66742e-12 99.4423 1.57146e-12 99.4423 -1.99924e-12 -2.00272e-12 1.57146e-12 -2.00272e-12 -9.9634e-14
Strain 0 0.00933333 0 0.00933333 0 0 0 0 0
Strain mean -6.62754e-19 0.00933333 7.85728e-18 0.00933333 -6.62038e-34 -1.00136e-17 7.85728e-18 -1.00136e-17 -6.5602e-34
Plastic strain_mean -9.49803e-18 0.00883612 0 0.00883612 9.49803e-18 0 0 0 0
Plastic strain_rate_mean 0 0 0 0 0 0 0 0 0
Dissipation 0.03266
End step 28
Begin step 29
Stress 2.54434e-12 99.6369 1.27423e-12 99.6369 -1.49327e-12 -1.75196e-12 1.27423e-12 -1.75196e-12 3.15601e-13
Strain 0 0.00966667 0 0.00966667 0 0 0 0 0
Strain mean 2.09934e-18 0.00966667 6.37113e-18 0.00966667 3.61112e-34 -8.75979e-18 6.37113e-18 -8.75979e-18 -3.79167e-34
Plastic strain_mean -9.04435e-18 0.00916848 0 0.00916848 9.04435e-18 0 0 0 0
Plastic strain_rate_mean 0 0 0 0 0 0 0 0 0
Dissipation 0.0327148
End step 29
Begin step 30
Stress 1.89589e-12 99.8314 5.75033e-13 99.8314 -1.6888e-12 -1.53876e-12 5.75033e-13 -1.53876e-12 6.21839e-14
Strain 0 0.01 0 0.01 0 0 0 0 0
Strain mean 4.1364e-19 0.01 2.87516e-18 0.01 -1.1676e-33 -7.69382e-18 2.87516e-18 -7.69382e-18 -2.40741e-34
Plastic strain_mean -8.7549e-18 0.00950084 0 0.00950084 8.7549e-18 0 0 0 0
Plastic strain_rate_mean 0 0 0 0 0 0 0 0 0
Dissipation 0.0327696
End step 30
