Begin step 0
Stress 0 0 0 0 0 0 0 0 0
Strain 0 0 0 0 0 0 0 0 0
Strain mean 0 0 0 0 0 0 0 0 0
Plastic strain_mean 0 0 0 0 0 0 0 0 0
Plastic strain_rate_mean 0 0 0 0 0 0 0 0 0
Dissipation 0
End step 0
Begin step 1
Stress -1.72237e-14 6.64528 6.37717e-12 6.64528 2.0296e-14 -2.93642e-12 6.37717e-12 -2.93642e-12 9.22497e-16
Strain 0 3.33333e-05 0 3.33333e-05 0 0 0 0 0
Strain mean 6.13634e-21 3.33333e-05 3.18859e-17 3.33333e-05 1.8121e-32 -1.46821e-17 3.18859e-17 -1.46821e-17 7.78196e-33
Plastic strain_mean 9.68675e-20 1.0692e-07 0 1.0692e-07 -9.68675e-20 0 0 0 0
Plastic strain_rate_mean 0 0 0 0 0 0 0 0 0
Dissipation 7.10512e-07
End step 1
Begin step 2
Stress -4.97459e-14 13.2691 4.34582e-13 13.2691 5.04421e-14 -8.87223e-13 4.34582e-13 -8.87223e-13 2.09063e-16
Strain 0 6.66667e-05 0 6.66667e-05 0 0 0 0 0
Strain mean 1.39066e-21 6.66667e-05 2.17291e-18 6.66667e-05 1.92358e-31 -4.43611e-18 2.17291e-18 -4.43611e-18 -1.21123e-33
Plastic strain_mean 2.51165e-19 3.21395e-07 0 3.21395e-07 -2.51165e-19 0 0 0 0
Plastic strain_rate_mean 0 0 0 0 0 0 0 0 0
Dissipation 2.84586e-06
End step 2
Begin step 3
Stress -1.06898e-13 19.871 7.21079e-13 19.871 1.05821e-13 -1.5561e-12 7.21079e-13 -1.5561e-12 -3.23147e-16
Strain 0 0.0001 0 0.0001 0 0 0 0 0
Strain mean -2.14953e-21 0.0001 3.60539e-18 0.0001 7.93965e-32 -7.78049e-18 3.60539e-18 -7.78049e-18 -2.436e-33
Plastic strain_mean 5.30723e-19 6.45072e-07 0 6.45072e-07 -5.30723e-19 0 0 0 0
Plastic strain_rate_mean 0 0 0 0 0 0 0 0 0
Dissipation 6.43169e-06
End step 3
Begin step 4
Stress -9.38371e-14 26.4505 8.29342e-13 26.4505 1.09893e-13 -2.03249e-12 8.29342e-13 -2.03249e-12 4.821e-15
Strain 0 0.000133333 0 0.000133333 0 0 0 0 0
Strain mean 3.20687e-20 0.000133333 4.14671e-18 0.000133333 -9.15945e-34 -1.01625e-17 4.14671e-18 -1.01625e-17 3.15521e-33
Plastic strain_mean 5.25359e-19 1.0807e-06 0 1.0807e-06 -5.25359e-19 0 0 0 0
Plastic strain_rate_mean 0 0 0 0 0 0 0 0 0
Dissipation 1.15224e-05
End step 4
Begin step 5
Stress -1.07713e-13 33.0069 2.10514e-12 33.0069 1.12374e-13 -4.7875e-12 2.10514e-12 -4.7875e-12 1.39957e-15
Strain 0 0.000166667 0 0.000166667 0 0 0 0 0
Strain mean 9.30981e-21 0.000166667 1.05257e-17 0.000166667 2.92162e-32 -2.39375e-17 1.05257e-17 -2.39375e-17 8.23185e-33
Plastic strain_mean 5.5487e-19 1.63229e-06 0 1.63229e-06 -5.5487e-19 0 0 0 0
Plastic strain_rate_mean 0 0 0 0 0 0 0 0 0
Dissipation 1.82059e-05
End step 5
Begin step 6
Stress -1.14507e-13 39.5389 5.17738e-12 39.5389 1.23523e-13 -2.55752e-12 5.17738e-12 -2.55752e-12 2.70745e-15
Strain 0 0.0002 0 0.0002 0 0 0 0 0
Strain mean 1.80096e-20 0.0002 2.58869e-17 0.0002 -2.87445e-32 -1.27876e-17 2.58869e-17 -1.27876e-17 1.84167e-33
Plastic strain_mean 6.0408e-19 2.30537e-06 0 2.30537e-06 -6.0408e-19 0 0 0 0
Plastic strain_rate_mean 0 0 0 0 0 0 0 0 0
Dissipation 2.66125e-05
End step 6
Begin step 7
Stress -1.17125e-13 46.0452 6.73843e-13 46.0452 1.08297e-13 2.39527e-13 6.73843e-13 2.39527e-13 -2.65068e-15
Strain 0 0.000233333 0 0.000233333 0 0 0 0 0
Strain mean -1.7632e-20 0.000233333 3.36921e-18 0.000233333 -4.33334e-33 1.19763e-18 3.36921e-18 1.19763e-18 -2.5481e-33
Plastic strain_mean 5.54737e-19 3.10741e-06 0 3.10741e-06 -5.54737e-19 0 0 0 0
Plastic strain_rate_mean 0 0 0 0 0 0 0 0 0
Dissipation 3.69291e-05
End step 7
Begin step 8
Stress -9.36634e-14 52.5237 8.09483e-13 52.5237 9.29363e-14 9.41285e-13 8.09483e-13 9.41285e-13 -2.18342e-16
Strain 0 0.000266667 0 0.000266667 0 0 0 0 0
Strain mean -1.45239e-21 0.000266667 4.04741e-18 0.000266667 -5.23612e-34 4.70643e-18 4.04741e-18 4.70643e-18 -4.60869e-33
Plastic strain_mean 4.65773e-19 4.04841e-06 0 4.04841e-06 -4.65773e-19 0 0 0 0
Plastic strain_rate_mean 0 0 0 0 0 0 0 0 0
Dissipation 4.94233e-05
End step 8
Begin step 9
Stress -1.22368e-13 58.9716 -5.10546e-12 58.9716 7.64693e-14 2.66416e-12 -5.10546e-12 2.66416e-12 -1.37818e-14
Strain 0 0.0003 0 0.0003 0 0 0 0 0
Strain mean -9.16748e-20 0.0003 -2.55273e-17 0.0003 -1.82361e-33 1.33208e-17 -2.55273e-17 1.33208e-17 3.55093e-34
Plastic strain_mean 4.51255e-19 5.14194e-06 0 5.14194e-06 -4.51255e-19 0 0 0 0
Plastic strain_rate_mean 0 0 0 0 0 0 0 0 0
Dissipation 6.44852e-05
End step 9
Begin step 10
Stress -1.0846e-13 65.3853 -9.52695e-13 65.3853 1.11747e-13 6.92928e-13 -9.52695e-13 6.92928e-13 9.86908e-16
Strain 0 0.000333333 0 0.000333333 0 0 0 0 0
Strain mean 6.5648e-21 0.000333333 -4.76347e-18 0.000333333 4.6451e-32 3.46464e-18 -4.76347e-18 3.46464e-18 -2.08335e-33
Plastic strain_mean 5.53801e-19 6.40686e-06 0 6.40686e-06 -5.53801e-19 0 0 0 0
Plastic strain_rate_mean 0 0 0 0 0 0 0 0 0
Dissipation 8.27037e-05
End step 10
Begin step 11
Stress -1.2354e-13 71.7593 1.05402e-11 71.7593 1.28463e-13 -4.66835e-12 1.05402e-11 -4.66835e-12 1.47818e-15
Strain 0 0.000366667 0 0.000366667 0 0 0 0 0
Strain mean 9.83267e-21 0.000366667 5.2701e-17 0.000366667 -5.15186e-33 -2.33417e-17 5.2701e-17 -2.33417e-17 1.03218e-32
Plastic strain_mean 6.34925e-19 7.87041e-06 0 7.87041e-06 -6.34925e-19 0 0 0 0
Plastic strain_rate_mean 0 0 0 0 0 0 0 0 0
Dissipation 0.000105019
End step 11
Begin step 12
Stress -7.90512e-14 78.0851 2.15385e-12 78.0851 1.33676e-13 -3.84573e-12 2.15385e-12 -3.84573e-12 1.64019e-14
Strain 0 0.0004 0 0.0004 0 0 0 0 0
Strain mean 1.09103e-19 0.0004 1.07692e-17 0.0004 -1.57782e-31 -1.92287e-17 1.07692e-17 -1.92287e-17 -4.17686e-33
Plastic strain_mean 5.86369e-19 9.57463e-06 0 9.57463e-06 -5.86369e-19 0 0 0 0
Plastic strain_rate_mean 0 0 0 0 0 0 0 0 0
Dissipation 0.000133067
End step 12
Begin step 13
Stress -2.37853e-13 84.3484 -1.63312e-13 84.3484 2.41242e-13 5.11417e-12 -1.63312e-13 5.11417e-12 1.01748e-15
Strain 0 0.000433333 0 0.000433333 0 0 0 0 0
Strain mean 6.76813e-21 0.000433333 -8.16561e-19 0.000433333 -1.16519e-31 2.55708e-17 -8.16561e-19 2.55708e-17 4.23705e-33
Plastic strain_mean 1.20112e-18 1.15914e-05 0 1.15914e-05 -1.20112e-18 0 0 0 0
Plastic strain_rate_mean 0 0 0 0 0 0 0 0 0
Dissipation 0.000170102
End step 13
Begin step 14
Stress -2.11319e-13 90.5194 3.38782e-12 90.5194 1.71688e-13 -6.49381e-13 3.38782e-12 -6.49381e-13 -1.18997e-14
Strain 0 0.000466667 0 0.000466667 0 0 0 0 0
Strain mean -7.91552e-20 0.000466667 1.69391e-17 0.000466667 -2.84075e-33 -3.2469e-18 1.69391e-17 -3.2469e-18 2.77153e-33
Plastic strain_mean 9.1794e-19 1.40696e-05 0 1.40696e-05 -9.1794e-19 0 0 0 0
Plastic strain_rate_mean 0 0 0 0 0 0 0 0 0
Dissipation 0.000224308
End step 14
Begin step 15
Stress 3.69152e-13 96.4988 8.02883e-13 96.4988 -4.09946e-13 -3.1226e-12 8.02883e-13 -3.1226e-12 -1.2249e-14
Strain 0 0.0005 0 0.0005 0 0 0 0 0
Strain mean -8.1479e-20 0.0005 4.01441e-18 0.0005 1.08695e-31 -1.5613e-17 4.01441e-18 -1.5613e-17 -3.73149e-34
Plastic strain_mean -1.98848e-18 1.75061e-05 0 1.75061e-05 1.98848e-18 0 0 0 0
Plastic strain_rate_mean 0 0 0 0 0 0 0 0 0
Dissipation 0.000331582
End step 15
Begin step 16
Stress 6.7808e-13 100.013 -6.34906e-13 100.013 -6.33171e-13 -2.56984e-13 -6.34906e-13 -2.56984e-13 1.34848e-14
Strain 0 0.000533333 0 0.000533333 0 0 0 0 0
Strain mean 8.96995e-20 0.000533333 -3.17453e-18 0.000533333 2.70834e-33 -1.28492e-18 -3.17453e-18 -1.28492e-18 -2.39538e-33
Plastic strain_mean -3.23328e-18 3.32708e-05 0 3.32708e-05 3.23328e-18 0 0 0 0
Plastic strain_rate_mean 0 0 0 0 0 0 0 0 0
Dissipation 0.00157633
End step 16
Begin step 17
Stress 1.9375e-12 100.031 -1.4934e-12 100.031 -1.96048e-12 5.16705e-14 -1.4934e-12 5.16705e-14 -6.89962e-15
Strain 0 0.000566667 0 0.000566667 0 0 0 0 0
Strain mean -4.58955e-20 0.000566667 -7.46701e-18 0.000566667 2.02223e-33 2.58352e-19 -7.46701e-18 2.58352e-19 -7.9896e-34
Plastic strain_mean -9.7679e-18 6.65095e-05 0 6.65095e-05 9.7679e-18 0 0 0 0
Plastic strain_rate_mean 0 0 0 0 0 0 0 0 0
Dissipation 0.00332449
End step 17
Begin step 18
Stress -4.63285e-12 100.05 -9.72889e-12 100.05 4.58905e-12 4.87668e-13 -9.72889e-12 4.87668e-13 -1.31529e-14
Strain 0 0.0006 0 0.0006 0 0 0 0 0
Strain mean -8.74919e-20 0.0006 -4.86445e-17 0.0006 -1.01111e-33 2.43834e-18 -4.86445e-17 2.43834e-18 -1.81609e-33
Plastic strain_mean 2.3011e-17 9.97484e-05 0 9.97484e-05 -2.3011e-17 0 0 0 0
Plastic strain_rate_mean 0 0 0 0 0 0 0 0 0
Dissipation 0.003325
End step 18
Begin step 19
Stress -2.62861e-12 100.069 -5.30762e-12 100.069 2.59363e-12 -7.44459e-13 -5.30762e-12 -7.44459e-13 -1.05023e-14
Strain 0 0.000633333 0 0.000633333 0 0 0 0 0
Strain mean -6.98599e-20 0.000633333 -2.65381e-17 0.000633333 5.29631e-33 -3.7223e-18 -2.65381e-17 -3.7223e-18 -6.51506e-34
Plastic strain_mean 1.30207e-17 0.000132986 0 0.000132986 -1.30207e-17 0 0 0 0
Plastic strain_rate_mean 0 0 0 0 0 0 0 0 0
Dissipation 0.00332542
End step 19
Begin step 20
Stress -1.12331e-12 100.089 -3.14057e-12 100.089 1.12281e-12 -6.20599e-13 -3.14057e-12 -6.20599e-13 -1.48473e-16
Strain 0 0.000666667 0 0.000666667 0 0 0 0 0
Strain mean -9.87624e-22 0.000666667 -1.57029e-17 0.000666667 1.28044e-33 -3.103e-18 -1.57029e-17 -3.103e-18 -7.52316e-36
Plastic strain_mean 5.61481e-18 0.000166223 0 0.000166223 -5.61481e-18 0 0 0 0
Plastic strain_rate_mean 0 0 0 0 0 0 0 0 0
Dissipation 0.00332586
End step 20
Begin step 21
Stress -9.66991e-13 100.108 -7.0971e-12 100.108 9.65667e-13 1.37448e-12 -7.0971e-12 1.37448e-12 -3.97383e-16
Strain 0 0.0007 0 0.0007 0 0 0 0 0
Strain mean -2.64335e-21 0.0007 -3.54855e-17 0.0007 -6.92131e-35 6.8724e-18 -3.54855e-17 6.8724e-18 -3.75782e-33
Plastic strain_mean 4.83032e-18 0.00019946 0 0.00019946 -4.83032e-18 0 0 0 0
Plastic strain_rate_mean 0 0 0 0 0 0 0 0 0
Dissipation 0.00332633
End step 21
Begin step 22
Stress 1.28651e-12 100.128 1.37603e-12 100.128 -1.32107e-12 -5.62763e-13 1.37603e-12 -5.62763e-13 -1.03756e-14
Strain 0 0.000733333 0 0.000733333 0 0 0 0 0
Strain mean -6.90175e-20 0.000733333 6.88014e-18 0.000733333 -2.98519e-33 -2.81382e-18 6.88014e-18 -2.81382e-18 -6.00348e-34
Plastic strain_mean -6.55345e-18 0.000232695 0 0.000232695 6.55345e-18 0 0 0 0
Plastic strain_rate_mean 0 0 0 0 0 0 0 0 0
Dissipation 0.00332682
End step 22
Begin step 23
Stress -1.24346e-12 100.147 -2.07792e-12 100.147 1.23171e-12 2.27296e-12 -2.07792e-12 2.27296e-12 -3.52841e-15
Strain 0 0.000766667 0 0.000766667 0 0 0 0 0
Strain mean -2.34706e-20 0.000766667 -1.03896e-17 0.000766667 7.84816e-33 1.13648e-17 -1.03896e-17 1.13648e-17 2.97917e-33
Plastic strain_mean 6.1762e-18 0.000265931 0 0.000265931 -6.1762e-18 0 0 0 0
Plastic strain_rate_mean 0 0 0 0 0 0 0 0 0
Dissipation 0.00332732
End step 23
Begin step 24
Stress -1.76342e-12 100.167 -6.35911e-12 100.167 1.82255e-12 2.78364e-12 -6.35911e-12 2.78364e-12 1.77556e-14
Strain 0 0.0008 0 0.0008 0 0 0 0 0
Strain mean 1.18108e-19 0.0008 -3.17956e-17 0.0008 1.83926e-32 1.39182e-17 -3.17956e-17 1.39182e-17 -1.80556e-35
Plastic strain_mean 9.02398e-18 0.000299166 0 0.000299166 -9.02398e-18 0 0 0 0
Plastic strain_rate_mean 0 0 0 0 0 0 0 0 0
Dissipation 0.00332782
End step 24
Begin step 25
Stress -8.12867e-13 100.187 -1.84585e-12 100.187 8.30276e-13 2.3795e-12 -1.84585e-12 2.3795e-12 5.22712e-15
Strain 0 0.000833333 0 0.000833333 0 0 0 0 0
Strain mean 3.47702e-20 0.000833333 -9.22927e-18 0.000833333 2.16667e-33 1.18975e-17 -9.22927e-18 1.18975e-17 2.94005e-33
Plastic strain_mean 4.12524e-18 0.0003324 0 0.0003324 -4.12524e-18 0 0 0 0
Plastic strain_rate_mean 0 0 0 0 0 0 0 0 0
Dissipation 0.00332834
End step 25
Begin step 26
Stress 2.32071e-12 100.206 -6.65796e-12 100.206 -2.37731e-12 3.49372e-12 -6.65796e-12 3.49372e-12 -1.69958e-14
Strain 0 0.000866667 0 0.000866667 0 0 0 0 0
Strain mean -1.13054e-19 0.000866667 -3.32898e-17 0.000866667 -2.63852e-32 1.74686e-17 -3.32898e-17 1.74686e-17 8.42594e-34
Plastic strain_mean -1.18016e-17 0.000365634 0 0.000365634 1.18016e-17 0 0 0 0
Plastic strain_rate_mean 0 0 0 0 0 0 0 0 0
Dissipation 0.00332887
End step 26
Begin step 27
Stress -1.07862e-12 100.226 -1.14779e-12 100.226 1.08711e-12 1.4397e-12 -1.14779e-12 1.4397e-12 2.55024e-15
Strain 0 0.0009 0 0.0009 0 0 0 0 0
Strain mean 1.69639e-20 0.0009 -5.73895e-18 0.0009 -1.3301e-33 7.19849e-18 -5.73895e-18 7.19849e-18 1.74763e-33
Plastic strain_mean 5.42279e-18 0.000398868 0 0.000398868 -5.42279e-18 0 0 0 0
Plastic strain_rate_mean 0 0 0 0 0 0 0 0 0
Dissipation 0.0033294
End step 27
Begin step 28
Stress 1.27137e-13 100.246 2.32918e-12 100.246 -1.55017e-13 -1.56796e-12 2.32918e-12 -1.56796e-12 -8.37125e-15
Strain 0 0.000933333 0 0.000933333 0 0 0 0 0
Strain mean -5.56846e-20 0.000933333 1.16459e-17 0.000933333 -2.19075e-33 -7.8398e-18 1.16459e-17 -7.8398e-18 1.08334e-34
Plastic strain_mean -7.33228e-19 0.000432102 0 0.000432102 7.33228e-19 0 0 0 0
Plastic strain_rate_mean 0 0 0 0 0 0 0 0 0
Dissipation 0.00332994
End step 28
Begin step 29
Stress -2.42221e-12 100.266 1.35775e-13 100.266 2.45027e-12 3.9066e-14 1.35775e-13 3.9066e-14 8.42802e-15
Strain 0 0.000966667 0 0.000966667 0 0 0 0 0
Strain mean 5.60622e-20 0.000966667 6.78874e-19 0.000966667 -5.89816e-32 1.9533e-19 6.78874e-19 1.9533e-19 2.13658e-34
Plastic strain_mean 1.22092e-17 0.000465335 0 0.000465335 -1.22092e-17 0 0 0 0
Plastic strain_rate_mean 0 0 0 0 0 0 0 0 0
Dissipation 0.00333048
End step 29
Begin step 30
Stress 1.40569e-12 100.286 7.35242e-12 100.286 -1.2392e-12 -4.07637e-12 7.35242e-12 -4.07637e-12 4.99917e-14
Strain 0 0.001 0 0.001 0 0 0 0 0
Strain mean 3.32539e-19 0.001 3.67621e-17 0.001 5.77779e-34 -2.03818e-17 3.67621e-17 -2.03818e-17 -1.1676e-33
Plastic strain_mean -6.44596e-18 0.000498569 0 0.000498569 6.44596e-18 0 0 0 0
Plastic strain_rate_mean 0 0 0 0 0 0 0 0 0
Dissipation 0.00333102
End step 30
