Begin step 0
Stress 0 0 0 0 0 0 0 0 0
Strain 0 0 0 0 0 0 0 0 0
Strain mean 0 0 0 0 0 0 0 0 0
Plastic strain_mean 0 0 0 0 0 0 0 0 0
Plastic strain_rate_mean 0 0 0 0 0 0 0 0 0
Dissipation 0
End step 0
Begin step 1
Stress -2.01795e-14 6.65597 -3.30908e-12 6.65597 2.19347e-14 2.22241e-12 -3.30908e-12 2.22241e-12 5.27024e-16
Strain 0 3.33333e-05 0 3.33333e-05 0 0 0 0 0
Strain mean 3.5057e-21 3.33333e-05 -1.65454e-17 3.33333e-05 -4.81482e-34 1.11121e-17 -1.65454e-17 1.11121e-17 5.59347e-34
Plastic strain_mean 1.07038e-19 5.34648e-08 0 5.34648e-08 -1.07038e-19 0 0 0 0
Plastic strain_rate_mean 0 0 0 0 0 0 0 0 0
Dissipation 3.5586e-07
End step 1
Begin step 2
Stress -9.21401e-14 13.3013 1.79541e-12 13.3013 9.72939e-14 -5.63005e-12 1.79541e-12 -5.63005e-12 1.5475e-15
Strain 0 6.66667e-05 0 6.66667e-05 0 0 0 0 0
Strain mean 1.02938e-20 6.66667e-05 8.97707e-18 6.66667e-05 1.17482e-32 -2.81502e-17 8.97707e-18 -2.81502e-17 -3.79167e-34
Plastic strain_mean 4.78732e-19 1.60308e-07 0 1.60308e-07 -4.78732e-19 0 0 0 0
Plastic strain_rate_mean 0 0 0 0 0 0 0 0 0
Dissipation 1.42115e-06
End step 2
Begin step 3
Stress -1.67818e-13 19.9359 1.79479e-12 19.9359 1.70086e-13 -5.62534e-12 1.79479e-12 -5.62534e-12 6.81228e-16
Strain 0 0.0001 0 0.0001 0 0 0 0 0
Strain mean 4.53145e-21 0.0001 8.97397e-18 0.0001 8.23335e-33 -2.81267e-17 8.97397e-18 -2.81267e-17 -2.22686e-34
Plastic strain_mean 8.47026e-19 3.20445e-07 0 3.20445e-07 -8.47026e-19 0 0 0 0
Plastic strain_rate_mean 0 0 0 0 0 0 0 0 0
Dissipation 3.19245e-06
End step 3
Begin step 4
Stress -2.34195e-13 26.5599 1.79246e-12 26.5599 2.46288e-13 -5.60801e-12 1.79246e-12 -5.60801e-12 3.63103e-15
Strain 0 0.000133333 0 0.000133333 0 0 0 0 0
Strain mean 2.41532e-20 0.000133333 8.9623e-18 0.000133333 -2.15704e-32 -2.80401e-17 8.9623e-18 -2.80401e-17 -5.56714e-34
Plastic strain_mean 1.21328e-18 5.33789e-07 0 5.33789e-07 -1.21328e-18 0 0 0 0
Plastic strain_rate_mean 0 0 0 0 0 0 0 0 0
Dissipation 5.66635e-06
End step 4
Begin step 5
Stress -3.29704e-13 33.1733 1.79906e-12 33.1733 3.09286e-13 -5.59518e-12 1.79906e-12 -5.59518e-12 -6.13105e-15
Strain 0 0.000166667 0 0.000166667 0 0 0 0 0
Strain mean -4.07831e-20 0.000166667 8.9953e-18 0.000166667 2.73482e-32 -2.79759e-17 8.9953e-18 -2.79759e-17 -1.51968e-33
Plastic strain_mean 1.57708e-18 8.00254e-07 0 8.00254e-07 -1.57708e-18 0 0 0 0
Plastic strain_rate_mean 0 0 0 0 0 0 0 0 0
Dissipation 8.83945e-06
End step 5
Begin step 6
Stress -4.00981e-13 39.776 1.80189e-12 39.776 3.81988e-13 -5.582e-12 1.80189e-12 -5.582e-12 -5.7031e-15
Strain 0 0.0002 0 0.0002 0 0 0 0 0
Strain mean -3.79364e-20 0.0002 9.00946e-18 0.0002 -5.10853e-32 -2.791e-17 9.00946e-18 -2.791e-17 -9.90048e-34
Plastic strain_mean 1.93845e-18 1.11976e-06 0 1.11976e-06 -1.93845e-18 0 0 0 0
Plastic strain_rate_mean 0 0 0 0 0 0 0 0 0
Dissipation 1.27084e-05
End step 6
Begin step 7
Stress -2.36811e-13 46.3681 -5.65747e-13 46.3681 2.42817e-13 3.52771e-12 -5.65747e-13 3.52771e-12 1.80351e-15
Strain 0 0.000233333 0 0.000233333 0 0 0 0 0
Strain mean 1.19967e-20 0.000233333 -2.82874e-18 0.000233333 -3.5389e-33 1.76386e-17 -2.82874e-18 1.76386e-17 -9.31067e-33
Plastic strain_mean 1.20507e-18 1.49259e-06 0 1.49259e-06 -1.20507e-18 0 0 0 0
Plastic strain_rate_mean 0 0 0 0 0 0 0 0 0
Dissipation 1.72876e-05
End step 7
Begin step 8
Stress -2.66303e-13 52.9489 3.74582e-12 52.9489 2.45492e-13 -2.45376e-12 3.74582e-12 -2.45376e-12 -6.24896e-15
Strain 0 0.000266667 0 0.000266667 0 0 0 0 0
Strain mean -4.15674e-20 0.000266667 1.87291e-17 0.000266667 -6.31344e-33 -1.22688e-17 1.87291e-17 -1.22688e-17 3.65927e-33
Plastic strain_mean 1.2587e-18 1.92229e-06 0 1.92229e-06 -1.2587e-18 0 0 0 0
Plastic strain_rate_mean 0 0 0 0 0 0 0 0 0
Dissipation 2.27514e-05
End step 8
Begin step 9
Stress -2.56579e-13 59.5151 3.84669e-12 59.5151 2.68243e-13 -2.42815e-12 3.84669e-12 -2.42815e-12 3.50221e-15
Strain 0 0.0003 0 0.0003 0 0 0 0 0
Strain mean 2.32963e-20 0.0003 1.92334e-17 0.0003 -6.18705e-33 -1.21407e-17 1.92334e-17 -1.21407e-17 8.53578e-33
Plastic strain_mean 1.3237e-18 2.42437e-06 0 2.42437e-06 -1.3237e-18 0 0 0 0
Plastic strain_rate_mean 0 0 0 0 0 0 0 0 0
Dissipation 2.98813e-05
End step 9
Begin step 10
Stress -1.74269e-13 66.0616 6.49304e-13 66.0616 2.12176e-13 -1.79738e-12 6.49304e-13 -1.79738e-12 1.13822e-14
Strain 0 0.000333333 0 0.000333333 0 0 0 0 0
Strain mean 7.5713e-20 0.000333333 3.24652e-18 0.000333333 5.76816e-32 -8.98692e-18 3.24652e-18 -8.98692e-18 -5.11575e-34
Plastic strain_mean 1.00397e-18 3.0251e-06 0 3.0251e-06 -1.00397e-18 0 0 0 0
Plastic strain_rate_mean 0 0 0 0 0 0 0 0 0
Dissipation 3.96845e-05
End step 10
Begin step 11
Stress -1.76925e-13 72.5793 4.1788e-12 72.5793 1.76925e-13 -5.53101e-12 4.1788e-12 -5.53101e-12 4.15276e-27
Strain 0 0.000366667 0 0.000366667 0 0 0 0 0
Strain mean -1.00359e-33 0.000366667 2.0894e-17 0.000366667 -2.39188e-32 -2.76551e-17 2.0894e-17 -2.76551e-17 7.92565e-33
Plastic strain_mean 8.84623e-19 3.76992e-06 0 3.76992e-06 -8.84623e-19 0 0 0 0
Plastic strain_rate_mean 0 0 0 0 0 0 0 0 0
Dissipation 5.40573e-05
End step 11
Begin step 12
Stress -1.29562e-13 79.0507 -3.22916e-12 79.0507 1.24922e-13 1.52081e-12 -3.22916e-12 1.52081e-12 -1.39302e-15
Strain 0 0.0004 0 0.0004 0 0 0 0 0
Strain mean -9.26624e-21 0.0004 -1.61458e-17 0.0004 2.86031e-33 7.60407e-18 -1.61458e-17 7.60407e-18 -7.48555e-34
Plastic strain_mean 6.31576e-19 4.7464e-06 0 4.7464e-06 -6.31576e-19 0 0 0 0
Plastic strain_rate_mean 0 0 0 0 0 0 0 0 0
Dissipation 7.71894e-05
End step 12
Begin step 13
Stress -3.15877e-13 85.4365 6.47346e-12 85.4365 3.23934e-13 -3.43467e-12 6.47346e-12 -3.43467e-12 2.41923e-15
Strain 0 0.000433333 0 0.000433333 0 0 0 0 0
Strain mean 1.60925e-20 0.000433333 3.23673e-17 0.000433333 -7.09585e-32 -1.71733e-17 3.23673e-17 -1.71733e-17 6.24724e-33
Plastic strain_mean 1.60758e-18 6.15088e-06 0 6.15088e-06 -1.60758e-18 0 0 0 0
Plastic strain_rate_mean 0 0 0 0 0 0 0 0 0
Dissipation 0.000119989
End step 13
Begin step 14
Stress -1.33553e-13 91.6216 -1.16657e-12 91.6216 1.36404e-13 -1.32114e-12 -1.16657e-12 -1.32114e-12 8.55902e-16
Strain 0 0.000466667 0 0.000466667 0 0 0 0 0
Strain mean 5.69336e-21 0.000466667 -5.83286e-18 0.000466667 9.43706e-33 -6.6057e-18 -5.83286e-18 -6.6057e-18 7.48103e-33
Plastic strain_mean 6.77738e-19 8.55842e-06 0 8.55842e-06 -6.77738e-19 0 0 0 0
Plastic strain_rate_mean 0 0 0 0 0 0 0 0 0
Dissipation 0.000220572
End step 14
Begin step 15
Stress 1.54646e-12 97.0447 1.62408e-12 97.0447 -1.55571e-12 1.08868e-12 1.62408e-12 1.08868e-12 -2.77732e-15
Strain 0 0.0005 0 0.0005 0 0 0 0 0
Strain mean -1.84744e-20 0.0005 8.1204e-18 0.0005 -4.4489e-32 5.44339e-18 8.1204e-18 5.44339e-18 2.17419e-33
Plastic strain_mean -7.76465e-18 1.47766e-05 0 1.47766e-05 7.76465e-18 0 0 0 0
Plastic strain_rate_mean 0 0 0 0 0 0 0 0 0
Dissipation 0.000603388
End step 15
Begin step 16
Stress 1.27333e-13 99.5 -4.06248e-13 99.5 -9.09459e-14 2.75669e-12 -4.06248e-13 2.75669e-12 1.09259e-14
Strain 0 0.000533333 0 0.000533333 0 0 0 0 0
Strain mean 7.26775e-20 0.000533333 -2.03124e-18 0.000533333 3.43056e-34 1.37835e-17 -2.03124e-18 1.37835e-17 1.15387e-33
Plastic strain_mean -5.09359e-19 3.58335e-05 0 3.58335e-05 5.09359e-19 0 0 0 0
Plastic strain_rate_mean 0 0 0 0 0 0 0 0 0
Dissipation 0.00209483
End step 16
Begin step 17
Stress -2.33713e-12 99.8641 -3.02153e-13 99.8641 2.3472e-12 1.70468e-12 -3.02153e-13 1.70468e-12 3.02186e-15
Strain 0 0.000566667 0 0.000566667 0 0 0 0 0
Strain mean 2.01011e-20 0.000566667 -1.51076e-18 0.000566667 -9.75002e-34 8.52338e-18 -1.51076e-18 8.52338e-18 2.64815e-33
Plastic strain_mean 1.17209e-17 6.73463e-05 0 6.73463e-05 -1.17209e-17 0 0 0 0
Plastic strain_rate_mean 0 0 0 0 0 0 0 0 0
Dissipation 0.00314628
End step 17
Begin step 18
Stress -2.97557e-12 99.9188 1.62807e-12 99.9188 3.01016e-12 4.64551e-12 1.62807e-12 4.64551e-12 1.03844e-14
Strain 0 0.0006 0 0.0006 0 0 0 0 0
Strain mean 6.90756e-20 0.0006 8.14037e-18 0.0006 3.43056e-33 2.32276e-17 8.14037e-18 2.32276e-17 -5.9433e-33
Plastic strain_mean 1.49989e-17 0.000100406 0 0.000100406 -1.49989e-17 0 0 0 0
Plastic strain_rate_mean 0 0 0 0 0 0 0 0 0
Dissipation 0.00330233
End step 18
Begin step 19
Stress -1.66555e-13 99.9438 1.07667e-12 99.9438 1.34444e-13 -4.02991e-13 1.07667e-12 -4.02991e-13 -9.642e-15
Strain 0 0.000633333 0 0.000633333 0 0 0 0 0
Strain mean -6.41375e-20 0.000633333 5.38334e-18 0.000633333 1.20371e-34 -2.01495e-18 5.38334e-18 -2.01495e-18 -3.71945e-33
Plastic strain_mean 7.20429e-19 0.000133614 0 0.000133614 -7.20429e-19 0 0 0 0
Plastic strain_rate_mean 0 0 0 0 0 0 0 0 0
Dissipation 0.00331784
End step 19
Begin step 20
Stress 2.07731e-13 99.9658 6.5875e-13 99.9658 -1.63636e-13 -7.22026e-13 6.5875e-13 -7.22026e-13 1.32403e-14
Strain 0 0.000666667 0 0.000666667 0 0 0 0 0
Strain mean 8.80728e-20 0.000666667 3.29375e-18 0.000666667 5.29631e-34 -3.61013e-18 3.29375e-18 -3.61013e-18 -3.05741e-33
Plastic strain_mean -8.84382e-19 0.000166838 0 0.000166838 8.84382e-19 0 0 0 0
Plastic strain_rate_mean 0 0 0 0 0 0 0 0 0
Dissipation 0.00331995
End step 20
Begin step 21
Stress 2.08335e-13 99.9871 5.05997e-13 99.9871 -2.26238e-13 -5.81117e-13 5.05997e-13 -5.81117e-13 -5.37559e-15
Strain 0 0.0007 0 0.0007 0 0 0 0 0
Strain mean -3.57578e-20 0.0007 2.52999e-18 0.0007 -6.43983e-34 -2.90558e-18 2.52999e-18 -2.90558e-18 -1.56783e-33
Plastic strain_mean -1.10431e-18 0.000200065 0 0.000200065 1.10431e-18 0 0 0 0
Plastic strain_rate_mean 0 0 0 0 0 0 0 0 0
Dissipation 0.00332079
End step 21
Begin step 22
Stress 1.80504e-13 100.008 4.0237e-13 100.008 -2.13576e-13 -4.6246e-13 4.0237e-13 -4.6246e-13 -9.93021e-15
Strain 0 0.000733333 0 0.000733333 0 0 0 0 0
Strain mean -6.60546e-20 0.000733333 2.01185e-18 0.000733333 4.03242e-34 -2.3123e-18 2.01185e-18 -2.3123e-18 -1.08634e-33
Plastic strain_mean -1.01823e-18 0.000233292 0 0.000233292 1.01823e-18 0 0 0 0
Plastic strain_rate_mean 0 0 0 0 0 0 0 0 0
Dissipation 0.00332148
End step 22
Begin step 23
Stress 1.32384e-13 100.029 3.5114e-13 100.029 -1.85408e-13 -3.76917e-13 3.5114e-13 -3.76917e-13 -1.59215e-14
Strain 0 0.000766667 0 0.000766667 0 0 0 0 0
Strain mean -1.05908e-19 0.000766667 1.7557e-18 0.000766667 2.88889e-34 -1.88458e-18 1.7557e-18 -1.88458e-18 -8.1852e-34
Plastic strain_mean -8.47435e-19 0.000266521 0 0.000266521 8.47435e-19 0 0 0 0
Plastic strain_rate_mean 0 0 0 0 0 0 0 0 0
Dissipation 0.00332213
End step 23
Begin step 24
Stress -7.02917e-13 100.05 -1.85195e-12 100.05 7.7572e-13 -6.18326e-13 -1.85195e-12 -6.18326e-13 2.18604e-14
Strain 0 0.0008 0 0.0008 0 0 0 0 0
Strain mean 1.45413e-19 0.0008 -9.25974e-18 0.0008 3.33427e-33 -3.09163e-18 -9.25974e-18 -3.09163e-18 1.61748e-34
Plastic strain_mean 3.7693e-18 0.000299751 0 0.000299751 -3.7693e-18 0 0 0 0
Plastic strain_rate_mean 0 0 0 0 0 0 0 0 0
Dissipation 0.00332276
End step 24
Begin step 25
Stress -7.10755e-13 100.07 -1.35988e-12 100.07 7.06537e-13 -5.03945e-13 -1.35988e-12 -5.03945e-13 -1.26639e-15
Strain 0 0.000833333 0 0.000833333 0 0 0 0 0
Strain mean -8.42385e-21 0.000833333 -6.79938e-18 0.000833333 -5.65742e-34 -2.51973e-18 -6.79938e-18 -2.51973e-18 -8.20107e-34
Plastic strain_mean 3.53902e-18 0.000332981 0 0.000332981 -3.53902e-18 0 0 0 0
Plastic strain_rate_mean 0 0 0 0 0 0 0 0 0
Dissipation 0.00332338
End step 25
Begin step 26
Stress -6.41769e-13 100.091 -9.77661e-13 100.091 6.71103e-13 -4.1547e-13 -9.77661e-13 -4.1547e-13 8.80793e-15
Strain 0 0.000866667 0 0.000866667 0 0 0 0 0
Strain mean 5.85894e-20 0.000866667 -4.8883e-18 0.000866667 -1.22778e-33 -2.07735e-18 -4.8883e-18 -2.07735e-18 -6.37588e-35
Plastic strain_mean 3.31147e-18 0.000366212 0 0.000366212 -3.31147e-18 0 0 0 0
Plastic strain_rate_mean 0 0 0 0 0 0 0 0 0
Dissipation 0.00332399
End step 26
Begin step 27
Stress -6.10746e-13 100.112 -7.62051e-13 100.112 5.78809e-13 -3.47191e-13 -7.62051e-13 -3.47191e-13 -9.5896e-15
Strain 0 0.0009 0 0.0009 0 0 0 0 0
Strain mean -6.37889e-20 0.0009 -3.81026e-18 0.0009 7.70372e-34 -1.73595e-18 -3.81026e-18 -1.73595e-18 -2.193e-34
Plastic strain_mean 2.94199e-18 0.000399442 0 0.000399442 -2.94199e-18 0 0 0 0
Plastic strain_rate_mean 0 0 0 0 0 0 0 0 0
Dissipation 0.00332458
End step 27
Begin step 28
Stress -5.65879e-13 100.132 -5.61115e-13 100.132 5.53561e-13 -2.83755e-13 -5.61115e-13 -2.83755e-13 -3.69872e-15
Strain 0 0.000933333 0 0.000933333 0 0 0 0 0
Strain mean -2.46035e-20 0.000933333 -2.80557e-18 0.000933333 -6.25927e-34 -1.41877e-18 -2.80557e-18 -1.41877e-18 -3.1823e-34
Plastic strain_mean 2.7863e-18 0.000432674 0 0.000432674 -2.7863e-18 0 0 0 0
Plastic strain_rate_mean 0 0 0 0 0 0 0 0 0
Dissipation 0.00332517
End step 28
Begin step 29
Stress -4.61484e-13 100.152 -3.79377e-13 100.152 5.19366e-13 -2.31528e-13 -3.79377e-13 -2.31528e-13 1.73801e-14
Strain 0 0.000966667 0 0.000966667 0 0 0 0 0
Strain mean 1.1561e-19 0.000966667 -1.89688e-18 0.000966667 4.21297e-34 -1.15764e-18 -1.89688e-18 -1.15764e-18 -3.41928e-34
Plastic strain_mean 2.50993e-18 0.000465905 0 0.000465905 -2.50993e-18 0 0 0 0
Plastic strain_rate_mean 0 0 0 0 0 0 0 0 0
Dissipation 0.00332576
End step 29
Begin step 30
Stress -4.04421e-13 100.173 -3.22435e-13 100.173 4.70331e-13 -1.90669e-13 -3.22435e-13 -1.90669e-13 1.97906e-14
Strain 0 0.001 0 0.001 0 0 0 0 0
Strain mean 1.31644e-19 0.001 -1.61218e-18 0.001 -4.15279e-34 -9.53345e-19 -1.61218e-18 -9.53345e-19 -2.85504e-34
Plastic strain_mean 2.2527e-18 0.000499137 0 0.000499137 -2.2527e-18 0 0 0 0
Plastic strain_rate_mean 0 0 0 0 0 0 0 0 0
Dissipation 0.00332635
End step 30
