Begin step 0
Stress 0 0 0 0 0 0 0 0 0
Strain 0 0 0 0 0 0 0 0 0
Strain mean 0 0 0 0 0 0 0 0 0
Plastic strain_mean 0 0 0 0 0 0 0 0 0
Plastic strain_rate_mean 0 0 0 0 0 0 0 0 0
Dissipation 0
End step 0
Begin step 1
Stress -2.31642e-14 13.8138 1.96398e-12 13.8138 5.12908e-14 -1.39898e-13 1.96398e-12 -1.39898e-13 8.44548e-15
Strain 0 0.000333333 0 0.000333333 0 0 0 0 0
Strain mean 5.61784e-20 0.000333333 9.81989e-18 0.000333333 1.20371e-33 -6.99488e-19 9.81989e-18 -6.99488e-19 -2.31756e-33
Plastic strain_mean 2.14227e-19 0.000264264 0 0.000264264 -2.14227e-19 0 0 0 0
Plastic strain_rate_mean 0 0 0 0 0 0 0 0 0
Dissipation 0.00362886
End step 1
Begin step 2
Stress 1.67299e-12 16.7621 1.13548e-12 16.7621 -1.60053e-12 -6.59698e-12 1.13548e-12 -6.59698e-12 2.17556e-14
Strain 0 0.000666667 0 0.000666667 0 0 0 0 0
Strain mean 1.44716e-19 0.000666667 5.67738e-18 0.000666667 1.84167e-33 -3.29849e-17 5.67738e-18 -3.29849e-17 -1.90787e-33
Plastic strain_mean -8.11144e-18 0.000582856 0 0.000582856 8.11144e-18 0 0 0 0
Plastic strain_rate_mean 0 0 0 0 0 0 0 0 0
Dissipation 0.00528707
End step 2
Begin step 3
Stress -2.86386e-12 17.4707 -1.70581e-12 17.4707 2.9003e-12 -6.84862e-12 -1.70581e-12 -6.84862e-12 1.09433e-14
Strain 0 0.001 0 0.001 0 0 0 0 0
Strain mean 7.27937e-20 0.001 -8.52907e-18 0.001 -4.04445e-33 -3.42431e-17 -8.52907e-18 -3.42431e-17 -3.00024e-33
Plastic strain_mean 1.44468e-17 0.000912647 0 0.000912647 -1.44468e-17 0 0 0 0
Plastic strain_rate_mean 0 0 0 0 0 0 0 0 0
Dissipation 0.00568179
End step 3
Begin step 4
Stress 4.21948e-12 17.7136 7.85206e-13 17.7136 -4.07823e-12 2.5038e-12 7.85206e-13 2.5038e-12 4.24108e-14
Strain 0 0.00133333 0 0.00133333 0 0 0 0 0
Strain mean 2.82112e-19 0.00133333 3.92603e-18 0.00133333 -2.57593e-33 1.2519e-17 3.92603e-18 1.2519e-17 4.81482e-34
Plastic strain_mean -2.06032e-17 0.00124477 0 0.00124477 2.06032e-17 0 0 0 0
Plastic strain_rate_mean 0 0 0 0 0 0 0 0 0
Dissipation 0.0057808
End step 4
Begin step 5
Stress 4.32143e-12 17.8566 -2.96939e-12 17.8566 -4.38961e-12 -6.20289e-13 -2.96939e-12 -6.20289e-13 -2.04718e-14
Strain 0 0.00166667 0 0.00166667 0 0 0 0 0
Strain mean -1.36176e-19 0.00166667 -1.4847e-17 0.00166667 -2.40741e-35 -3.10145e-18 -1.4847e-17 -3.10145e-18 -2.02524e-33
Plastic strain_mean -2.18457e-17 0.00157738 0 0.00157738 2.18457e-17 0 0 0 0
Plastic strain_rate_mean 0 0 0 0 0 0 0 0 0
Dissipation 0.00581771
End step 5
Begin step 6
Stress 2.99732e-12 17.9758 5.06645e-14 17.9758 -3.08651e-12 -3.34579e-12 5.06645e-14 -3.34579e-12 -2.67819e-14
Strain 0 0.002 0 0.002 0 0 0 0 0
Strain mean -1.7815e-19 0.002 2.53322e-19 0.002 -6.50001e-34 -1.6729e-17 2.53322e-19 -1.6729e-17 -3.49827e-34
Plastic strain_mean -1.52986e-17 0.00191012 0 0.00191012 1.52986e-17 0 0 0 0
Plastic strain_rate_mean 0 0 0 0 0 0 0 0 0
Dissipation 0.0058419
End step 6
Begin step 7
Stress 2.40918e-12 18.087 4.93974e-13 18.087 -2.48757e-12 -1.86895e-12 4.93974e-13 -1.86895e-12 -2.35373e-14
Strain 0 0.00233333 0 0.00233333 0 0 0 0 0
Strain mean -1.56567e-19 0.00233333 2.46987e-18 0.00233333 -9.62965e-34 -9.34475e-18 2.46987e-18 -9.34475e-18 1.31354e-33
Plastic strain_mean -1.23202e-17 0.0022429 0 0.0022429 1.23202e-17 0 0 0 0
Plastic strain_rate_mean 0 0 0 0 0 0 0 0 0
Dissipation 0.00586346
End step 7
Begin step 8
Stress 2.06913e-12 18.1941 6.4183e-13 18.1941 -2.22195e-12 -7.95754e-13 6.4183e-13 -7.95754e-13 -4.58868e-14
Strain 0 0.00266667 0 0.00266667 0 0 0 0 0
Strain mean -3.05234e-19 0.00266667 3.20915e-18 0.00266667 1.14352e-33 -3.97877e-18 3.20915e-18 -3.97877e-18 2.05382e-34
Plastic strain_mean -1.08803e-17 0.0025757 0 0.0025757 1.08803e-17 0 0 0 0
Plastic strain_rate_mean 0 0 0 0 0 0 0 0 0
Dissipation 0.00588439
End step 8
Begin step 9
Stress 2.0615e-12 18.2981 8.27788e-13 18.2981 -1.8065e-12 -3.0025e-13 8.27788e-13 -3.0025e-13 7.65683e-14
Strain 0 0.003 0 0.003 0 0 0 0 0
Strain mean 5.09324e-19 0.003 4.13894e-18 0.003 7.04168e-34 -1.50125e-18 4.13894e-18 -1.50125e-18 3.46818e-34
Plastic strain_mean -9.41533e-18 0.00290851 0 0.00290851 9.41533e-18 0 0 0 0
Plastic strain_rate_mean 0 0 0 0 0 0 0 0 0
Dissipation 0.00590505
End step 9
Begin step 10
Stress 1.60267e-12 18.3994 9.64658e-13 18.3994 -1.78432e-12 -6.2687e-14 9.64658e-13 -6.2687e-14 -5.45419e-14
Strain 0 0.00333333 0 0.00333333 0 0 0 0 0
Strain mean -3.62807e-19 0.00333333 4.82329e-18 0.00333333 -7.28242e-34 -3.13435e-19 4.82329e-18 -3.13435e-19 -3.09954e-34
Plastic strain_mean -8.64888e-18 0.00324134 0 0.00324134 8.64888e-18 0 0 0 0
Plastic strain_rate_mean 0 0 0 0 0 0 0 0 0
Dissipation 0.00592547
End step 10
Begin step 11
Stress 1.63247e-12 18.4983 1.21839e-12 18.4983 -1.47316e-12 5.66518e-14 1.21839e-12 5.66518e-14 4.78344e-14
Strain 0 0.00366667 0 0.00366667 0 0 0 0 0
Strain mean 3.18189e-19 0.00366667 6.09196e-18 0.00366667 -6.74075e-34 2.83259e-19 6.09196e-18 2.83259e-19 -7.47802e-34
Plastic strain_mean -7.60497e-18 0.00357417 0 0.00357417 7.60497e-18 0 0 0 0
Plastic strain_rate_mean 0 0 0 0 0 0 0 0 0
Dissipation 0.00594566
End step 11
Begin step 12
Stress 1.5369e-12 18.5952 9.75441e-13 18.5952 -1.36826e-12 1.00131e-13 9.75441e-13 1.00131e-13 5.0638e-14
Strain 0 0.004 0 0.004 0 0 0 0 0
Strain mean 3.36838e-19 0.004 4.8772e-18 0.004 6.62038e-35 5.00654e-19 4.8772e-18 5.00654e-19 -5.89816e-34
Plastic strain_mean -7.09448e-18 0.00390702 0 0.00390702 7.09448e-18 0 0 0 0
Plastic strain_rate_mean 0 0 0 0 0 0 0 0 0
Dissipation 0.0059656
End step 12
Begin step 13
Stress 1.29134e-12 18.6902 8.83091e-13 18.6902 -1.30809e-12 1.52534e-13 8.83091e-13 1.52534e-13 -5.03061e-15
Strain 0 0.00433333 0 0.00433333 0 0 0 0 0
Strain mean -3.3463e-20 0.00433333 4.41546e-18 0.00433333 -7.88428e-34 7.6267e-19 4.41546e-18 7.6267e-19 -3.0356e-34
Plastic strain_mean -6.51531e-18 0.00423988 0 0.00423988 6.51531e-18 0 0 0 0
Plastic strain_rate_mean 0 0 0 0 0 0 0 0 0
Dissipation 0.00598529
End step 13
Begin step 14
Stress 1.14334e-12 18.7835 1.00424e-12 18.7835 -1.26018e-12 1.83076e-13 1.00424e-12 1.83076e-13 -3.50833e-14
Strain 0 0.00466667 0 0.00466667 0 0 0 0 0
Strain mean -2.3337e-19 0.00466667 5.02122e-18 0.00466667 7.3727e-34 9.15381e-19 5.02122e-18 9.15381e-19 -1.136e-34
Plastic strain_mean -6.12549e-18 0.00457275 0 0.00457275 6.12549e-18 0 0 0 0
Plastic strain_rate_mean 0 0 0 0 0 0 0 0 0
Dissipation 0.00600475
End step 14
Begin step 15
Stress 7.92015e-12 18.8752 2.01043e-12 18.8752 -7.59197e-12 -2.09729e-13 2.01043e-12 -2.09729e-13 9.85423e-14
Strain 0 0.005 0 0.005 0 0 0 0 0
Strain mean 6.55492e-19 0.005 1.00521e-17 0.005 3.12964e-34 -1.04864e-18 1.00521e-17 -1.04864e-18 -5.59723e-34
Plastic strain_mean -3.84526e-17 0.00490562 0 0.00490562 3.84526e-17 0 0 0 0
Plastic strain_rate_mean 0 0 0 0 0 0 0 0 0
Dissipation 0.00602397
End step 15
Begin step 16
Stress 7.55073e-12 18.9655 2.3188e-12 18.9655 -7.73263e-12 -6.44976e-14 2.3188e-12 -6.44976e-14 -5.46205e-14
Strain 0 0.00533333 0 0.00533333 0 0 0 0 0
Strain mean -3.63329e-19 0.00533333 1.1594e-17 0.00533333 -4.7426e-33 -3.22488e-19 1.1594e-17 -3.22488e-19 1.74838e-33
Plastic strain_mean -3.83901e-17 0.00523851 0 0.00523851 3.83901e-17 0 0 0 0
Plastic strain_rate_mean 0 0 0 0 0 0 0 0 0
Dissipation 0.00604297
End step 16
Begin step 17
Stress 7.237e-12 19.0545 2.56178e-12 19.0545 -7.10454e-12 5.57625e-14 2.56178e-12 5.57625e-14 3.97732e-14
Strain 0 0.00566667 0 0.00566667 0 0 0 0 0
Strain mean 2.64567e-19 0.00566667 1.28089e-17 0.00566667 4.23705e-33 2.78813e-19 1.28089e-17 2.78813e-19 -5.26621e-34
Plastic strain_mean -3.57216e-17 0.00557139 0 0.00557139 3.57216e-17 0 0 0 0
Plastic strain_rate_mean 0 0 0 0 0 0 0 0 0
Dissipation 0.00606176
End step 17
Begin step 18
Stress 7.38103e-12 19.1423 2.49195e-12 19.1423 -6.53994e-12 2.1377e-13 2.49195e-12 2.1377e-13 2.52552e-13
Strain 0 0.006 0 0.006 0 0 0 0 0
Strain mean 1.67995e-18 0.006 1.24598e-17 0.006 5.29631e-34 1.06885e-18 1.24598e-17 1.06885e-18 4.18288e-34
Plastic strain_mean -3.39624e-17 0.00590429 0 0.00590429 3.39624e-17 0 0 0 0
Plastic strain_rate_mean 0 0 0 0 0 0 0 0 0
Dissipation 0.00608034
End step 18
Begin step 19
Stress 5.96322e-12 19.2291 2.63357e-12 19.2291 -6.49265e-12 3.63473e-13 2.63357e-12 3.63473e-13 -1.58971e-13
Strain 0 0.00633333 0 0.00633333 0 0 0 0 0
Strain mean -1.05745e-18 0.00633333 1.31678e-17 0.00633333 -2.1426e-33 1.81737e-18 1.31678e-17 1.81737e-18 -7.28242e-34
Plastic strain_mean -3.16684e-17 0.00623719 0 0.00623719 3.16684e-17 0 0 0 0
Plastic strain_rate_mean 0 0 0 0 0 0 0 0 0
Dissipation 0.00609874
End step 19
Begin step 20
Stress 5.45013e-12 19.3148 2.38095e-12 19.3148 -5.69498e-12 4.65728e-13 2.38095e-12 4.65728e-13 -7.35202e-14
Strain 0 0.00666667 0 0.00666667 0 0 0 0 0
Strain mean -4.89048e-19 0.00666667 1.19047e-17 0.00666667 1.20371e-33 2.32864e-18 1.19047e-17 2.32864e-18 1.09838e-34
Plastic strain_mean -2.81073e-17 0.00657009 0 0.00657009 2.81073e-17 0 0 0 0
Plastic strain_rate_mean 0 0 0 0 0 0 0 0 0
Dissipation 0.00611696
End step 20
Begin step 21
Stress 4.99093e-12 19.3995 2.22493e-12 19.3995 -5.39861e-12 5.30828e-13 2.22493e-12 5.30828e-13 -1.22411e-13
Strain 0 0.007 0 0.007 0 0 0 0 0
Strain mean -8.14267e-19 0.007 1.11246e-17 0.007 -1.92593e-34 2.65414e-18 1.11246e-17 2.65414e-18 9.04284e-34
Plastic strain_mean -2.6381e-17 0.006903 0 0.006903 2.6381e-17 0 0 0 0
Plastic strain_rate_mean 0 0 0 0 0 0 0 0 0
Dissipation 0.006135
End step 21
Begin step 22
Stress 5.40183e-12 19.4834 2.26843e-12 19.4834 -4.47548e-12 5.42801e-13 2.26843e-12 5.42801e-13 2.78151e-13
Strain 0 0.00733333 0 0.00733333 0 0 0 0 0
Strain mean 1.85023e-18 0.00733333 1.13422e-17 0.00733333 -9.62965e-35 2.714e-18 1.13422e-17 2.714e-18 -2.272e-34
Plastic strain_mean -2.37682e-17 0.00723592 0 0.00723592 2.37682e-17 0 0 0 0
Plastic strain_rate_mean 0 0 0 0 0 0 0 0 0
Dissipation 0.00615289
End step 22
Begin step 23
Stress 4.37096e-12 19.5665 2.47414e-12 19.5665 -4.67619e-12 5.17827e-13 2.47414e-12 5.17827e-13 -9.16514e-14
Strain 0 0.00766667 0 0.00766667 0 0 0 0 0
Strain mean -6.09655e-19 0.00766667 1.23707e-17 0.00766667 4.0926e-34 2.58914e-18 1.23707e-17 2.58914e-18 3.00927e-36
Plastic strain_mean -2.29227e-17 0.00756883 0 0.00756883 2.29227e-17 0 0 0 0
Plastic strain_rate_mean 0 0 0 0 0 0 0 0 0
Dissipation 0.00617062
End step 23
Begin step 24
Stress 4.05355e-12 19.6488 2.00586e-12 19.6488 -4.13825e-12 4.53896e-13 2.00586e-12 4.53896e-13 -2.54325e-14
Strain 0 0.008 0 0.008 0 0 0 0 0
Strain mean -1.69174e-19 0.008 1.00293e-17 0.008 -6.01853e-35 2.26948e-18 1.00293e-17 2.26948e-18 -3.18982e-34
Plastic strain_mean -2.05641e-17 0.00790176 0 0.00790176 2.05641e-17 0 0 0 0
Plastic strain_rate_mean 0 0 0 0 0 0 0 0 0
Dissipation 0.0061882
End step 24
Begin step 25
Stress 3.13262e-12 19.7304 2.19114e-12 19.7304 -4.07782e-12 3.75088e-13 2.19114e-12 3.75088e-13 -2.8381e-13
Strain 0 0.00833333 0 0.00833333 0 0 0 0 0
Strain mean -1.88787e-18 0.00833333 1.09557e-17 0.00833333 9.62965e-34 1.87544e-18 1.09557e-17 1.87544e-18 1.74537e-34
Plastic strain_mean -1.897e-17 0.00823468 0 0.00823468 1.897e-17 0 0 0 0
Plastic strain_rate_mean 0 0 0 0 0 0 0 0 0
Dissipation 0.00620565
End step 25
Begin step 26
Stress 3.30572e-12 19.8114 2.06914e-12 19.8114 -3.60049e-12 2.89167e-13 2.06914e-12 2.89167e-13 -8.85073e-14
Strain 0 0.00866667 0 0.00866667 0 0 0 0 0
Strain mean -5.8874e-19 0.00866667 1.03457e-17 0.00866667 -8.1852e-34 1.44584e-18 1.03457e-17 1.44584e-18 -1.95602e-35
Plastic strain_mean -1.75599e-17 0.00856761 0 0.00856761 1.75599e-17 0 0 0 0
Plastic strain_rate_mean 0 0 0 0 0 0 0 0 0
Dissipation 0.00622297
End step 26
Begin step 27
Stress 3.71883e-12 19.8917 1.69964e-12 19.8917 -3.02977e-12 2.13811e-13 1.69964e-12 2.13811e-13 2.06901e-13
Strain 0 0.009 0 0.009 0 0 0 0 0
Strain mean 1.37628e-18 0.009 8.49818e-18 0.009 9.14817e-34 1.06906e-18 8.49818e-18 1.06906e-18 7.28242e-34
Plastic strain_mean -1.61833e-17 0.00890054 0 0.00890054 1.61833e-17 0 0 0 0
Plastic strain_rate_mean 0 0 0 0 0 0 0 0 0
Dissipation 0.00624017
End step 27
Begin step 28
Stress 3.57816e-12 19.9714 2.01636e-12 19.9714 -3.15931e-12 1.46436e-13 2.01636e-12 1.46436e-13 1.25765e-13
Strain 0 0.00933333 0 0.00933333 0 0 0 0 0
Strain mean 8.36576e-19 0.00933333 1.00818e-17 0.00933333 -1.68519e-34 7.32179e-19 1.00818e-17 7.32179e-19 2.01621e-34
Plastic strain_mean -1.64254e-17 0.00923348 0 0.00923348 1.64254e-17 0 0 0 0
Plastic strain_rate_mean 0 0 0 0 0 0 0 0 0
Dissipation 0.00625725
End step 28
Begin step 29
Stress 3.19552e-12 20.0506 1.70073e-12 20.0506 -3.23014e-12 8.46751e-14 1.70073e-12 8.46751e-14 -1.03931e-14
Strain 0 0.00966667 0 0.00966667 0 0 0 0 0
Strain mean -6.91337e-20 0.00966667 8.50364e-18 0.00966667 1.45648e-33 4.23375e-19 8.50364e-18 4.23375e-19 7.36518e-34
Plastic strain_mean -1.60987e-17 0.00956641 0 0.00956641 1.60987e-17 0 0 0 0
Plastic strain_rate_mean 0 0 0 0 0 0 0 0 0
Dissipation 0.00627422
End step 29
Begin step 30
Stress 2.7498e-12 20.1292 1.64824e-12 20.1292 -2.99151e-12 5.06779e-14 1.64824e-12 5.06779e-14 -7.2577e-14
Strain 0 0.01 0 0.01 0 0 0 0 0
Strain mean -4.82774e-19 0.01 8.24118e-18 0.01 -2.52778e-34 2.5339e-19 8.24118e-18 2.5339e-19 7.35201e-34
Plastic strain_mean -1.45946e-17 0.00989935 0 0.00989935 1.45946e-17 0 0 0 0
Plastic strain_rate_mean 0 0 0 0 0 0 0 0 0
Dissipation 0.00629108
End step 30
