Begin step 0
Stress 0 0 0 0 0 0 0 0 0
Strain 0 0 0 0 0 0 0 0 0
Strain mean 0 0 0 0 0 0 0 0 0
Plastic strain_mean 0 0 0 0 0 0 0 0 0
Plastic strain_rate_mean 0 0 0 0 0 0 0 0 0
Dissipation 0
End step 0
Begin step 1
Stress -2.01309e-14 6.65597 -3.30512e-12 6.65597 2.19598e-14 2.22241e-12 -3.30512e-12 2.22241e-12 5.49131e-16
Strain 0 3.33333e-05 0 3.33333e-05 0 0 0 0 0
Strain mean 3.65276e-21 3.33333e-05 -1.65256e-17 3.33333e-05 -4.23705e-33 1.11121e-17 -1.65256e-17 1.11121e-17 5.78907e-34
Plastic strain_mean 1.07053e-19 5.34648e-08 0 5.34648e-08 -1.07053e-19 0 0 0 0
Plastic strain_rate_mean 0 0 0 0 0 0 0 0 0
Dissipation 3.5586e-07
End step 1
Begin step 2
Stress -9.37832e-14 13.3013 1.79459e-12 13.3013 9.65919e-14 -5.63004e-12 1.79459e-12 -5.63004e-12 8.43347e-16
Strain 0 6.66667e-05 0 6.66667e-05 0 0 0 0 0
Strain mean 5.60985e-21 6.66667e-05 8.97297e-18 6.66667e-05 -2.03186e-32 -2.81502e-17 8.97297e-18 -2.81502e-17 -4.78473e-34
Plastic strain_mean 4.78743e-19 1.60308e-07 0 1.60308e-07 -4.78743e-19 0 0 0 0
Plastic strain_rate_mean 0 0 0 0 0 0 0 0 0
Dissipation 1.42115e-06
End step 2
Begin step 3
Stress -1.66824e-13 19.9359 1.79607e-12 19.9359 1.70504e-13 -5.62509e-12 1.79607e-12 -5.62509e-12 1.10481e-15
Strain 0 0.0001 0 0.0001 0 0 0 0 0
Strain mean 7.34909e-21 0.0001 8.98036e-18 0.0001 5.72964e-33 -2.81254e-17 8.98036e-18 -2.81254e-17 -9.93058e-35
Plastic strain_mean 8.46994e-19 3.20445e-07 0 3.20445e-07 -8.46994e-19 0 0 0 0
Plastic strain_rate_mean 0 0 0 0 0 0 0 0 0
Dissipation 3.19245e-06
End step 3
Begin step 4
Stress -2.32095e-13 26.5599 1.79655e-12 26.5599 2.47155e-13 -5.60786e-12 1.79655e-12 -5.60786e-12 4.52187e-15
Strain 0 0.000133333 0 0.000133333 0 0 0 0 0
Strain mean 3.0079e-20 0.000133333 8.98275e-18 0.000133333 1.34815e-33 -2.80393e-17 8.98275e-18 -2.80393e-17 -1.08634e-33
Plastic strain_mean 1.21317e-18 5.33789e-07 0 5.33789e-07 -1.21317e-18 0 0 0 0
Plastic strain_rate_mean 0 0 0 0 0 0 0 0 0
Dissipation 5.66635e-06
End step 4
Begin step 5
Stress -3.33009e-13 33.1733 1.80497e-12 33.1733 3.07849e-13 -5.59504e-12 1.80497e-12 -5.59504e-12 -7.55465e-15
Strain 0 0.000166667 0 0.000166667 0 0 0 0 0
Strain mean -5.02526e-20 0.000166667 9.02485e-18 0.000166667 1.4926e-32 -2.79752e-17 9.02485e-18 -2.79752e-17 -8.72687e-34
Plastic strain_mean 1.57702e-18 8.00254e-07 0 8.00254e-07 -1.57702e-18 0 0 0 0
Plastic strain_rate_mean 0 0 0 0 0 0 0 0 0
Dissipation 8.83945e-06
End step 5
Begin step 6
Stress -3.9185e-13 39.776 1.79622e-12 39.776 3.85945e-13 -5.5831e-12 1.79622e-12 -5.5831e-12 -1.77294e-15
Strain 0 0.0002 0 0.0002 0 0 0 0 0
Strain mean -1.17934e-20 0.0002 8.98112e-18 0.0002 1.19408e-32 -2.79155e-17 8.98112e-18 -2.79155e-17 -1.28496e-33
Plastic strain_mean 1.93859e-18 1.11976e-06 0 1.11976e-06 -1.93859e-18 0 0 0 0
Plastic strain_rate_mean 0 0 0 0 0 0 0 0 0
Dissipation 1.27084e-05
End step 6
Begin step 7
Stress -2.29855e-13 46.3681 -5.65819e-13 46.3681 2.45823e-13 3.52755e-12 -5.65819e-13 3.52755e-12 4.7948e-15
Strain 0 0.000233333 0 0.000233333 0 0 0 0 0
Strain mean 3.18945e-20 0.000233333 -2.8291e-18 0.000233333 1.31445e-32 1.76378e-17 -2.8291e-18 1.76378e-17 -9.31669e-33
Plastic strain_mean 1.20514e-18 1.49259e-06 0 1.49259e-06 -1.20514e-18 0 0 0 0
Plastic strain_rate_mean 0 0 0 0 0 0 0 0 0
Dissipation 1.72876e-05
End step 7
Begin step 8
Stress -2.58921e-13 52.9489 3.74408e-12 52.9489 2.48676e-13 -2.45451e-12 3.74408e-12 -2.45451e-12 -3.07644e-15
Strain 0 0.000266667 0 0.000266667 0 0 0 0 0
Strain mean -2.04642e-20 0.000266667 1.87204e-17 0.000266667 2.7926e-33 -1.22726e-17 1.87204e-17 -1.22726e-17 3.55394e-33
Plastic strain_mean 1.25876e-18 1.92229e-06 0 1.92229e-06 -1.25876e-18 0 0 0 0
Plastic strain_rate_mean 0 0 0 0 0 0 0 0 0
Dissipation 2.27514e-05
End step 8
Begin step 9
Stress -2.49748e-13 59.5151 3.84309e-12 59.5151 2.71243e-13 -2.42741e-12 3.84309e-12 -2.42741e-12 6.4542e-15
Strain 0 0.0003 0 0.0003 0 0 0 0 0
Strain mean 4.29326e-20 0.0003 1.92155e-17 0.0003 -1.20371e-33 -1.2137e-17 1.92155e-17 -1.2137e-17 7.75036e-33
Plastic strain_mean 1.32394e-18 2.42437e-06 0 2.42437e-06 -1.32394e-18 0 0 0 0
Plastic strain_rate_mean 0 0 0 0 0 0 0 0 0
Dissipation 2.98813e-05
End step 9
Begin step 10
Stress -2.03505e-13 66.0616 6.46401e-13 66.0616 1.99688e-13 -1.79671e-12 6.46401e-13 -1.79671e-12 -1.1463e-15
Strain 0 0.000333333 0 0.000333333 0 0 0 0 0
Strain mean -7.62504e-21 0.000333333 3.232e-18 0.000333333 3.72547e-32 -8.98356e-18 3.232e-18 -8.98356e-18 -5.47686e-34
Plastic strain_mean 1.00417e-18 3.0251e-06 0 3.0251e-06 -1.00417e-18 0 0 0 0
Plastic strain_rate_mean 0 0 0 0 0 0 0 0 0
Dissipation 3.96845e-05
End step 10
Begin step 11
Stress -1.72606e-13 72.5793 4.1857e-12 72.5793 1.78736e-13 -5.53037e-12 4.1857e-12 -5.53037e-12 1.84063e-15
Strain 0 0.000366667 0 0.000366667 0 0 0 0 0
Strain mean 1.22436e-20 0.000366667 2.09285e-17 0.000366667 -3.63354e-32 -2.76519e-17 2.09285e-17 -2.76519e-17 7.00783e-33
Plastic strain_mean 8.84477e-19 3.76992e-06 0 3.76992e-06 -8.84477e-19 0 0 0 0
Plastic strain_rate_mean 0 0 0 0 0 0 0 0 0
Dissipation 5.40573e-05
End step 11
Begin step 12
Stress -1.45884e-13 79.0507 -3.24557e-12 79.0507 1.17743e-13 1.52046e-12 -3.24557e-12 1.52046e-12 -8.44985e-15
Strain 0 0.0004 0 0.0004 0 0 0 0 0
Strain mean -5.62074e-20 0.0004 -1.62279e-17 0.0004 -8.03925e-33 7.60228e-18 -1.62279e-17 7.60228e-18 -5.98092e-34
Plastic strain_mean 6.30963e-19 4.7464e-06 0 4.7464e-06 -6.30963e-19 0 0 0 0
Plastic strain_rate_mean 0 0 0 0 0 0 0 0 0
Dissipation 7.71894e-05
End step 12
Begin step 13
Stress -2.90375e-13 85.4365 6.48024e-12 85.4365 3.35502e-13 -3.43469e-12 6.48024e-12 -3.43469e-12 1.35503e-14
Strain 0 0.000433333 0 0.000433333 0 0 0 0 0
Strain mean 9.01352e-20 0.000433333 3.24012e-17 0.000433333 -1.47081e-31 -1.71735e-17 3.24012e-17 -1.71735e-17 7.16205e-33
Plastic strain_mean 1.60976e-18 6.15088e-06 0 6.15088e-06 -1.60976e-18 0 0 0 0
Plastic strain_rate_mean 0 0 0 0 0 0 0 0 0
Dissipation 0.000119989
End step 13
Begin step 14
Stress -1.12922e-13 91.6216 -1.18333e-12 91.6216 1.46081e-13 -1.3233e-12 -1.18333e-12 -1.3233e-12 9.95641e-15
Strain 0 0.000466667 0 0.000466667 0 0 0 0 0
Strain mean 6.62289e-20 0.000466667 -5.91664e-18 0.000466667 -1.0063e-32 -6.61648e-18 -5.91664e-18 -6.61648e-18 6.90626e-33
Plastic strain_mean 6.80622e-19 8.55842e-06 0 8.55842e-06 -6.80622e-19 0 0 0 0
Plastic strain_rate_mean 0 0 0 0 0 0 0 0 0
Dissipation 0.000220572
End step 14
Begin step 15
Stress 1.52782e-12 97.0447 1.61473e-12 97.0447 -1.55269e-12 1.08892e-12 1.61473e-12 1.08892e-12 -7.46731e-15
Strain 0 0.0005 0 0.0005 0 0 0 0 0
Strain mean -4.96717e-20 0.0005 8.07363e-18 0.0005 -9.73558e-32 5.44462e-18 8.07363e-18 5.44462e-18 1.9974e-33
Plastic strain_mean -7.72613e-18 1.47766e-05 0 1.47766e-05 7.72613e-18 0 0 0 0
Plastic strain_rate_mean 0 0 0 0 0 0 0 0 0
Dissipation 0.000603388
End step 15
Begin step 16
Stress 1.05607e-13 99.5 -3.67746e-13 99.5 -1.11541e-13 2.75811e-12 -3.67746e-13 2.75811e-12 -1.78167e-15
Strain 0 0.000533333 0 0.000533333 0 0 0 0 0
Strain mean -1.18515e-20 0.000533333 -1.83873e-18 0.000533333 1.95151e-33 1.37906e-17 -1.83873e-18 1.37906e-17 9.31932e-34
Plastic strain_mean -5.48797e-19 3.58335e-05 0 3.58335e-05 5.48797e-19 0 0 0 0
Plastic strain_rate_mean 0 0 0 0 0 0 0 0 0
Dissipation 0.00209483
End step 16
Begin step 17
Stress -2.36942e-12 99.8641 -2.77459e-13 99.8641 2.32347e-12 1.70643e-12 -2.77459e-13 1.70643e-12 -1.37949e-14
Strain 0 0.000566667 0 0.000566667 0 0 0 0 0
Strain mean -9.17619e-20 0.000566667 -1.3873e-18 0.000566667 3.75556e-33 8.53215e-18 -1.3873e-18 8.53215e-18 2.52477e-33
Plastic strain_mean 1.16863e-17 6.73463e-05 0 6.73463e-05 -1.16863e-17 0 0 0 0
Plastic strain_rate_mean 0 0 0 0 0 0 0 0 0
Dissipation 0.00314628
End step 17
Begin step 18
Stress -3.00647e-12 99.9188 1.61235e-12 99.9188 2.99521e-12 4.64509e-12 1.61235e-12 4.64509e-12 -3.37994e-15
Strain 0 0.0006 0 0.0006 0 0 0 0 0
Strain mean -2.2483e-20 0.0006 8.06176e-18 0.0006 2.96112e-33 2.32255e-17 8.06176e-18 2.32255e-17 -5.26621e-33
Plastic strain_mean 1.4993e-17 0.000100406 0 0.000100406 -1.4993e-17 0 0 0 0
Plastic strain_rate_mean 0 0 0 0 0 0 0 0 0
Dissipation 0.00330233
End step 18
Begin step 19
Stress -1.56742e-13 99.9438 1.08103e-12 99.9438 1.4377e-13 -4.06692e-13 1.08103e-12 -4.06692e-13 -3.89523e-15
Strain 0 0.000633333 0 0.000633333 0 0 0 0 0
Strain mean -2.59106e-20 0.000633333 5.40514e-18 0.000633333 -9.38891e-34 -2.03346e-18 5.40514e-18 -2.03346e-18 -4.43566e-33
Plastic strain_mean 7.38325e-19 0.000133614 0 0.000133614 -7.38325e-19 0 0 0 0
Plastic strain_rate_mean 0 0 0 0 0 0 0 0 0
Dissipation 0.00331784
End step 19
Begin step 20
Stress 1.67519e-13 99.9658 6.39864e-13 99.9658 -1.89887e-13 -7.23097e-13 6.39864e-13 -7.23097e-13 -6.71621e-15
Strain 0 0.000666667 0 0.000666667 0 0 0 0 0
Strain mean -4.46755e-20 0.000666667 3.19932e-18 0.000666667 2.80464e-33 -3.61549e-18 3.19932e-18 -3.61549e-18 -2.43149e-33
Plastic strain_mean -9.15852e-19 0.000166838 0 0.000166838 9.15852e-19 0 0 0 0
Plastic strain_rate_mean 0 0 0 0 0 0 0 0 0
Dissipation 0.00331995
End step 20
Begin step 21
Stress 1.72173e-13 99.9871 4.73697e-13 99.9871 -2.15686e-13 -5.8115e-13 4.73697e-13 -5.8115e-13 -1.30656e-14
Strain 0 0.0007 0 0.0007 0 0 0 0 0
Strain mean -8.69109e-20 0.0007 2.36849e-18 0.0007 -2.16667e-34 -2.90575e-18 2.36849e-18 -2.90575e-18 -2.23588e-33
Plastic strain_mean -1.0131e-18 0.000200065 0 0.000200065 1.0131e-18 0 0 0 0
Plastic strain_rate_mean 0 0 0 0 0 0 0 0 0
Dissipation 0.00332079
End step 21
Begin step 22
Stress 1.55628e-13 100.008 4.1992e-13 100.008 -2.29697e-13 -4.61061e-13 4.1992e-13 -4.61061e-13 -2.22404e-14
Strain 0 0.000733333 0 0.000733333 0 0 0 0 0
Strain mean -1.4794e-19 0.000733333 2.0996e-18 0.000733333 1.74537e-34 -2.3053e-18 2.0996e-18 -2.3053e-18 -1.75139e-33
Plastic strain_mean -1.03728e-18 0.000233292 0 0.000233292 1.03728e-18 0 0 0 0
Plastic strain_rate_mean 0 0 0 0 0 0 0 0 0
Dissipation 0.00332148
End step 22
Begin step 23
Stress 1.36876e-13 100.029 3.2366e-13 100.029 -1.98859e-13 -3.77983e-13 3.2366e-13 -3.77983e-13 -1.86115e-14
Strain 0 0.000766667 0 0.000766667 0 0 0 0 0
Strain mean -1.23802e-19 0.000766667 1.6183e-18 0.000766667 -9.0278e-35 -1.88991e-18 1.6183e-18 -1.88991e-18 -7.40279e-34
Plastic strain_mean -9.01237e-19 0.000266521 0 0.000266521 9.01237e-19 0 0 0 0
Plastic strain_rate_mean 0 0 0 0 0 0 0 0 0
Dissipation 0.00332213
End step 23
Begin step 24
Stress -7.20175e-13 100.05 -1.86293e-12 100.05 7.59689e-13 -6.19358e-13 -1.86293e-12 -6.19358e-13 1.18647e-14
Strain 0 0.0008 0 0.0008 0 0 0 0 0
Strain mean 7.89228e-20 0.0008 -9.31466e-18 0.0008 1.44445e-34 -3.09679e-18 -9.31466e-18 -3.09679e-18 3.7108e-34
Plastic strain_mean 3.73912e-18 0.000299751 0 0.000299751 -3.73912e-18 0 0 0 0
Plastic strain_rate_mean 0 0 0 0 0 0 0 0 0
Dissipation 0.00332276
End step 24
Begin step 25
Stress -7.38348e-13 100.07 -1.36072e-12 100.07 7.03415e-13 -5.05571e-13 -1.36072e-12 -5.05571e-13 -1.04892e-14
Strain 0 0.000833333 0 0.000833333 0 0 0 0 0
Strain mean -6.97727e-20 0.000833333 -6.80359e-18 0.000833333 1.21574e-33 -2.52785e-18 -6.80359e-18 -2.52785e-18 -9.7867e-34
Plastic strain_mean 3.56952e-18 0.000332981 0 0.000332981 -3.56952e-18 0 0 0 0
Plastic strain_rate_mean 0 0 0 0 0 0 0 0 0
Dissipation 0.00332338
End step 25
Begin step 26
Stress -6.65186e-13 100.091 -9.95663e-13 100.091 6.53668e-13 -4.1395e-13 -9.95663e-13 -4.1395e-13 -3.45854e-15
Strain 0 0.000866667 0 0.000866667 0 0 0 0 0
Strain mean -2.30058e-20 0.000866667 -4.97831e-18 0.000866667 -1.56482e-34 -2.06975e-18 -4.97831e-18 -2.06975e-18 -1.3316e-34
Plastic strain_mean 3.28563e-18 0.000366212 0 0.000366212 -3.28563e-18 0 0 0 0
Plastic strain_rate_mean 0 0 0 0 0 0 0 0 0
Dissipation 0.00332399
End step 26
Begin step 27
Stress -6.22901e-13 100.112 -7.08461e-13 100.112 6.01188e-13 -3.4145e-13 -7.08461e-13 -3.4145e-13 -6.5197e-15
Strain 0 0.0009 0 0.0009 0 0 0 0 0
Strain mean -4.33683e-20 0.0009 -3.54231e-18 0.0009 7.82409e-34 -1.70725e-18 -3.54231e-18 -1.70725e-18 -1.63253e-34
Plastic strain_mean 3.03854e-18 0.000399442 0 0.000399442 -3.03854e-18 0 0 0 0
Plastic strain_rate_mean 0 0 0 0 0 0 0 0 0
Dissipation 0.00332458
End step 27
Begin step 28
Stress -5.19505e-13 100.132 -6.02796e-13 100.132 5.32972e-13 -2.84322e-13 -6.02796e-13 -2.84322e-13 4.0437e-15
Strain 0 0.000933333 0 0.000933333 0 0 0 0 0
Strain mean 2.68982e-20 0.000933333 -3.01398e-18 0.000933333 3.31019e-34 -1.42161e-18 -3.01398e-18 -1.42161e-18 -9.14064e-35
Plastic strain_mean 2.64464e-18 0.000432674 0 0.000432674 -2.64464e-18 0 0 0 0
Plastic strain_rate_mean 0 0 0 0 0 0 0 0 0
Dissipation 0.00332517
End step 28
Begin step 29
Stress -4.59395e-13 100.152 -4.10133e-13 100.152 4.91622e-13 -2.31494e-13 -4.10133e-13 -2.31494e-13 9.67693e-15
Strain 0 0.000966667 0 0.000966667 0 0 0 0 0
Strain mean 6.43699e-20 0.000966667 -2.05066e-18 0.000966667 3.43056e-34 -1.15747e-18 -2.05066e-18 -1.15747e-18 3.34781e-35
Plastic strain_mean 2.40973e-18 0.000465905 0 0.000465905 -2.40973e-18 0 0 0 0
Plastic strain_rate_mean 0 0 0 0 0 0 0 0 0
Dissipation 0.00332576
End step 29
Begin step 30
Stress -4.10284e-13 100.173 -2.82161e-13 100.173 4.86404e-13 -1.91908e-13 -2.82161e-13 -1.91908e-13 2.28561e-14
Strain 0 0.001 0 0.001 0 0 0 0 0
Strain mean 1.52036e-19 0.001 -1.41081e-18 0.001 8.12502e-34 -9.59539e-19 -1.41081e-18 -9.59539e-19 -5.98468e-34
Plastic strain_mean 2.31774e-18 0.000499137 0 0.000499137 -2.31774e-18 0 0 0 0
Plastic strain_rate_mean 0 0 0 0 0 0 0 0 0
Dissipation 0.00332635
End step 30
