Begin step 0
Stress 0 0 0 0 0 0 0 0 0
Strain 0 0 0 0 0 0 0 0 0
Strain mean 0 0 0 0 0 0 0 0 0
Plastic strain_mean 0 0 0 0 0 0 0 0 0
Plastic strain_rate_mean 0 0 0 0 0 0 0 0 0
Dissipation 0
End step 0
Begin step 1
Stress -7.4838e-13 63.2896 5.88711e-12 63.2896 7.19613e-13 -3.53261e-12 5.88711e-12 -3.53261e-12 -8.63762e-15
Strain 0 0.000333333 0 0.000333333 0 0 0 0 0
Strain mean -5.74565e-20 0.000333333 2.94356e-17 0.000333333 2.11882e-32 -1.7663e-17 2.94356e-17 -1.7663e-17 7.06275e-33
Plastic strain_mean 3.64125e-18 1.68851e-05 0 1.68851e-05 -3.64125e-18 0 0 0 0
Plastic strain_rate_mean 0 0 0 0 0 0 0 0 0
Dissipation 0.00106854
End step 1
Begin step 2
Stress 3.04547e-12 100.064 2.06847e-13 100.064 -3.03715e-12 -1.47978e-12 2.06847e-13 -1.47978e-12 2.49784e-15
Strain 0 0.000666667 0 0.000666667 0 0 0 0 0
Strain mean 1.66153e-20 0.000666667 1.03424e-18 0.000666667 -3.06945e-33 -7.3989e-18 1.03424e-18 -7.3989e-18 1.84769e-33
Plastic strain_mean -1.51982e-17 0.000166348 0 0.000166348 1.51982e-17 0 0 0 0
Plastic strain_rate_mean 0 0 0 0 0 0 0 0 0
Dissipation 0.0149424
End step 2
Begin step 3
Stress 1.96813e-12 100.264 4.41645e-12 100.264 -2.02005e-12 -3.95955e-12 4.41645e-12 -3.95955e-12 -1.55896e-14
Strain 0 0.001 0 0.001 0 0 0 0 0
Strain mean -1.03701e-19 0.001 2.20822e-17 0.001 -5.29631e-34 -1.97977e-17 2.20822e-17 -1.97977e-17 1.64005e-33
Plastic strain_mean -1.00223e-17 0.00049868 0 0.00049868 1.00223e-17 0 0 0 0
Plastic strain_rate_mean 0 0 0 0 0 0 0 0 0
Dissipation 0.0332993
End step 3
Begin step 4
Stress 1.48306e-12 100.465 1.05723e-12 100.465 -1.57666e-12 -1.46636e-12 1.05723e-12 -1.46636e-12 -2.8105e-14
Strain 0 0.00133333 0 0.00133333 0 0 0 0 0
Strain mean -1.86951e-19 0.00133333 5.28616e-18 0.00133333 2.35926e-33 -7.33182e-18 5.28616e-18 -7.33182e-18 -1.89584e-34
Plastic strain_mean -7.74279e-18 0.000831009 0 0.000831009 7.74279e-18 0 0 0 0
Plastic strain_rate_mean 0 0 0 0 0 0 0 0 0
Dissipation 0.033356
End step 4
Begin step 5
Stress 1.33476e-12 100.667 3.91978e-12 100.667 -1.30078e-12 -4.2601e-12 3.91978e-12 -4.2601e-12 1.0201e-14
Strain 0 0.00166667 0 0.00166667 0 0 0 0 0
Strain mean 6.78556e-20 0.00166667 1.95989e-17 0.00166667 -1.87778e-33 -2.13005e-17 1.95989e-17 -2.13005e-17 2.90244e-33
Plastic strain_mean -6.55493e-18 0.00116333 0 0.00116333 6.55493e-18 0 0 0 0
Plastic strain_rate_mean 0 0 0 0 0 0 0 0 0
Dissipation 0.033413
End step 5
Begin step 6
Stress -5.78659e-12 100.871 -5.63519e-12 100.871 6.02616e-12 3.49875e-12 -5.63519e-12 3.49875e-12 7.19351e-14
Strain 0 0.002 0 0.002 0 0 0 0 0
Strain mean 4.78504e-19 0.002 -2.81759e-17 0.002 2.98519e-33 1.74937e-17 -2.81759e-17 1.74937e-17 1.92443e-33
Plastic strain_mean 2.97711e-17 0.00149565 0 0.00149565 -2.97711e-17 0 0 0 0
Plastic strain_rate_mean 0 0 0 0 0 0 0 0 0
Dissipation 0.0334706
End step 6
Begin step 7
Stress -1.86554e-12 101.075 -1.31251e-13 101.075 1.87287e-12 -1.20964e-12 -1.31251e-13 -1.20964e-12 2.20089e-15
Strain 0 0.00233333 0 0.00233333 0 0 0 0 0
Strain mean 1.46401e-20 0.00233333 -6.56256e-19 0.00233333 1.74537e-33 -6.04818e-18 -6.56256e-19 -6.04818e-18 1.92292e-33
Plastic strain_mean 9.35334e-18 0.00182796 0 0.00182796 -9.35334e-18 0 0 0 0
Plastic strain_rate_mean 0 0 0 0 0 0 0 0 0
Dissipation 0.0335286
End step 7
Begin step 8
Stress -4.42736e-12 101.28 -6.77164e-12 101.28 4.58268e-12 -2.54295e-12 -6.77164e-12 -2.54295e-12 4.66379e-14
Strain 0 0.00266667 0 0.00266667 0 0 0 0 0
Strain mean 3.1023e-19 0.00266667 -3.38582e-17 0.00266667 -9.62965e-35 -1.27148e-17 -3.38582e-17 -1.27148e-17 1.33762e-33
Plastic strain_mean 2.26802e-17 0.00216027 0 0.00216027 -2.26802e-17 0 0 0 0
Plastic strain_rate_mean 0 0 0 0 0 0 0 0 0
Dissipation 0.0335869
End step 8
Begin step 9
Stress 1.75796e-13 101.486 -3.95138e-12 101.486 2.11636e-13 -7.72511e-13 -3.95138e-12 -7.72511e-13 1.16333e-13
Strain 0 0.003 0 0.003 0 0 0 0 0
Strain mean 7.73833e-19 0.003 -1.97569e-17 0.003 -4.54399e-34 -3.86255e-18 -1.97569e-17 -3.86255e-18 -8.51622e-34
Plastic strain_mean 4.76518e-19 0.00249257 0 0.00249257 -4.76518e-19 0 0 0 0
Plastic strain_rate_mean 0 0 0 0 0 0 0 0 0
Dissipation 0.0336454
End step 9
Begin step 10
Stress -3.73275e-12 101.691 -2.03451e-12 101.691 3.64141e-12 3.27883e-12 -2.03451e-12 3.27883e-12 -2.74238e-14
Strain 0 0.00333333 0 0.00333333 0 0 0 0 0
Strain mean -1.8242e-19 0.00333333 -1.01725e-17 0.00333333 -1.14232e-32 1.63942e-17 -1.01725e-17 1.63942e-17 1.82061e-33
Plastic strain_mean 1.83442e-17 0.00282488 0 0.00282488 -1.83442e-17 0 0 0 0
Plastic strain_rate_mean 0 0 0 0 0 0 0 0 0
Dissipation 0.0337039
End step 10
Begin step 11
Stress -3.16007e-12 101.897 -2.17843e-12 101.897 2.93482e-12 3.32226e-12 -2.17843e-12 3.32226e-12 -6.76337e-14
Strain 0 0.00366667 0 0.00366667 0 0 0 0 0
Strain mean -4.49892e-19 0.00366667 -1.08922e-17 0.00366667 3.61112e-34 1.66113e-17 -1.08922e-17 1.66113e-17 -7.46298e-34
Plastic strain_mean 1.50123e-17 0.00315718 0 0.00315718 -1.50123e-17 0 0 0 0
Plastic strain_rate_mean 0 0 0 0 0 0 0 0 0
Dissipation 0.0337626
End step 11
Begin step 12
Stress -2.15674e-12 102.103 -9.53067e-13 102.103 1.74278e-12 1.58139e-12 -9.53067e-13 1.58139e-12 -1.24298e-13
Strain 0 0.004 0 0.004 0 0 0 0 0
Strain mean -8.26816e-19 0.004 -4.76534e-18 0.004 1.05896e-32 7.90695e-18 -4.76534e-18 7.90695e-18 4.58913e-34
Plastic strain_mean 9.33539e-18 0.00348949 0 0.00348949 -9.33539e-18 0 0 0 0
Plastic strain_rate_mean 0 0 0 0 0 0 0 0 0
Dissipation 0.0338213
End step 12
Begin step 13
Stress -4.84554e-12 102.309 1.44853e-12 102.309 4.71764e-12 -4.51869e-12 1.44853e-12 -4.51869e-12 -3.84021e-14
Strain 0 0.00433333 0 0.00433333 0 0 0 0 0
Strain mean -2.55446e-19 0.00433333 7.24267e-18 0.00433333 -6.01853e-33 -2.25935e-17 7.24267e-18 -2.25935e-17 5.08566e-33
Plastic strain_mean 2.37802e-17 0.00382179 0 0.00382179 -2.37802e-17 0 0 0 0
Plastic strain_rate_mean 0 0 0 0 0 0 0 0 0
Dissipation 0.03388
End step 13
Begin step 14
Stress -1.40528e-12 102.515 -4.97884e-12 102.515 1.65985e-12 5.75302e-12 -4.97884e-12 5.75302e-12 7.64373e-14
Strain 0 0.00466667 0 0.00466667 0 0 0 0 0
Strain mean 5.08452e-19 0.00466667 -2.48942e-17 0.00466667 -2.05442e-32 2.87651e-17 -2.48942e-17 2.87651e-17 -4.45221e-33
Plastic strain_mean 7.91705e-18 0.00415409 0 0.00415409 -7.91705e-18 0 0 0 0
Plastic strain_rate_mean 0 0 0 0 0 0 0 0 0
Dissipation 0.0339387
End step 14
Begin step 15
Stress -1.23533e-12 102.721 -2.04211e-12 102.721 1.40473e-12 3.36914e-12 -2.04211e-12 3.36914e-12 5.0865e-14
Strain 0 0.005 0 0.005 0 0 0 0 0
Strain mean 3.38348e-19 0.005 -1.02105e-17 0.005 1.5576e-32 1.68457e-17 -1.02105e-17 1.68457e-17 -2.60903e-33
Plastic strain_mean 6.76932e-18 0.0044864 0 0.0044864 -6.76932e-18 0 0 0 0
Plastic strain_rate_mean 0 0 0 0 0 0 0 0 0
Dissipation 0.0339975
End step 15
Begin step 16
Stress -2.3609e-12 102.927 -3.11581e-12 102.927 1.94281e-12 1.85913e-12 -3.11581e-12 1.85913e-12 -1.25538e-13
Strain 0 0.00533333 0 0.00533333 0 0 0 0 0
Strain mean -8.35065e-19 0.00533333 -1.5579e-17 0.00533333 2.88889e-33 9.29567e-18 -1.5579e-17 9.29567e-18 -5.40163e-34
Plastic strain_mean 1.03418e-17 0.0048187 0 0.0048187 -1.03418e-17 0 0 0 0
Plastic strain_rate_mean 0 0 0 0 0 0 0 0 0
Dissipation 0.0340562
End step 16
Begin step 17
Stress 5.6216e-12 103.133 6.92652e-12 103.133 -5.6451e-12 -6.41185e-12 6.92652e-12 -6.41185e-12 -7.05683e-15
Strain 0 0.00566667 0 0.00566667 0 0 0 0 0
Strain mean -4.69412e-20 0.00566667 3.46326e-17 0.00566667 8.46205e-33 -3.20593e-17 3.46326e-17 -3.20593e-17 3.55996e-33
Plastic strain_mean -2.81902e-17 0.005151 0 0.005151 2.81902e-17 0 0 0 0
Plastic strain_rate_mean 0 0 0 0 0 0 0 0 0
Dissipation 0.034115
End step 17
Begin step 18
Stress -4.16697e-14 103.339 -2.90447e-12 103.339 4.31487e-13 4.33247e-12 -2.90447e-12 4.33247e-12 1.17049e-13
Strain 0 0.006 0 0.006 0 0 0 0 0
Strain mean 7.78596e-19 0.006 -1.45223e-17 0.006 -1.56482e-33 2.16624e-17 -1.45223e-17 2.16624e-17 -3.81048e-33
Plastic strain_mean 1.57219e-18 0.0054833 0 0.0054833 -1.57219e-18 0 0 0 0
Plastic strain_rate_mean 0 0 0 0 0 0 0 0 0
Dissipation 0.0341737
End step 18
Begin step 19
Stress 2.86047e-12 103.545 -3.04216e-13 103.545 -2.43406e-12 1.45458e-12 -3.04216e-13 1.45458e-12 1.28036e-13
Strain 0 0.00633333 0 0.00633333 0 0 0 0 0
Strain mean 8.51681e-19 0.00633333 -1.52108e-18 0.00633333 3.88195e-33 7.27289e-18 -1.52108e-18 7.27289e-18 -2.95811e-33
Plastic strain_mean -1.28105e-17 0.00581561 0 0.00581561 1.28105e-17 0 0 0 0
Plastic strain_rate_mean 0 0 0 0 0 0 0 0 0
Dissipation 0.0342325
End step 19
Begin step 20
Stress -8.99223e-14 103.751 -4.74703e-12 103.751 9.99981e-13 4.23319e-13 -4.74703e-12 4.23319e-13 2.7326e-13
Strain 0 0.00666667 0 0.00666667 0 0 0 0 0
Strain mean 1.81769e-18 0.00666667 -2.37352e-17 0.00666667 -3.32223e-33 2.11659e-18 -2.37352e-17 2.11659e-18 -3.7992e-34
Plastic strain_mean 3.6336e-18 0.00614791 0 0.00614791 -3.6336e-18 0 0 0 0
Plastic strain_rate_mean 0 0 0 0 0 0 0 0 0
Dissipation 0.0342913
End step 20
Begin step 21
Stress 8.10105e-12 103.958 1.09299e-11 103.958 -7.75946e-12 3.4541e-12 1.09299e-11 3.4541e-12 1.02569e-13
Strain 0 0.007 0 0.007 0 0 0 0 0
Strain mean 6.82274e-19 0.007 5.46493e-17 0.007 -2.16667e-33 1.72705e-17 5.46493e-17 1.72705e-17 -2.13658e-33
Plastic strain_mean -3.93101e-17 0.00648021 0 0.00648021 3.93101e-17 0 0 0 0
Plastic strain_rate_mean 0 0 0 0 0 0 0 0 0
Dissipation 0.03435
End step 21
Begin step 22
Stress 5.67906e-12 104.164 7.85767e-12 104.164 -5.20413e-12 2.49812e-12 7.85767e-12 2.49812e-12 1.42604e-13
Strain 0 0.00733333 0 0.00733333 0 0 0 0 0
Strain mean 9.48584e-19 0.00733333 3.92884e-17 0.00733333 3.37038e-34 1.24906e-17 3.92884e-17 1.24906e-17 -2.43675e-33
Plastic strain_mean -2.67337e-17 0.00681251 0 0.00681251 2.67337e-17 0 0 0 0
Plastic strain_rate_mean 0 0 0 0 0 0 0 0 0
Dissipation 0.0344088
End step 22
Begin step 23
Stress 4.62843e-12 104.37 5.43705e-12 104.37 -4.25025e-12 1.88982e-12 5.43705e-12 1.88982e-12 1.13556e-13
Strain 0 0.00766667 0 0.00766667 0 0 0 0 0
Strain mean 7.55358e-19 0.00766667 2.71853e-17 0.00766667 -7.22224e-34 9.44912e-18 2.71853e-17 9.44912e-18 -1.58889e-33
Plastic strain_mean -2.1819e-17 0.00714482 0 0.00714482 2.1819e-17 0 0 0 0
Plastic strain_rate_mean 0 0 0 0 0 0 0 0 0
Dissipation 0.0344675
End step 23
Begin step 24
Stress -1.13696e-12 104.576 -4.56023e-13 104.576 7.46332e-13 1.08058e-12 -4.56023e-13 1.08058e-12 -1.17294e-13
Strain 0 0.008 0 0.008 0 0 0 0 0
Strain mean -7.80223e-19 0.008 -2.28011e-18 0.008 -5.7152e-32 5.4029e-18 -2.28011e-18 5.4029e-18 2.07978e-33
Plastic strain_mean 4.31813e-18 0.00747712 0 0.00747712 -4.31813e-18 0 0 0 0
Plastic strain_rate_mean 0 0 0 0 0 0 0 0 0
Dissipation 0.0345263
End step 24
Begin step 25
Stress 2.33035e-12 104.782 2.99593e-12 104.782 -2.14053e-12 9.68131e-13 2.99593e-12 9.68131e-13 5.69961e-14
Strain 0 0.00833333 0 0.00833333 0 0 0 0 0
Strain mean 3.79131e-19 0.00833333 1.49796e-17 0.00833333 -1.20371e-33 4.84065e-18 1.49796e-17 4.84065e-18 -1.67434e-33
Plastic strain_mean -1.09876e-17 0.00780942 0 0.00780942 1.09876e-17 0 0 0 0
Plastic strain_rate_mean 0 0 0 0 0 0 0 0 0
Dissipation 0.0345851
End step 25
Begin step 26
Stress -2.15547e-13 104.988 -3.65976e-12 104.988 9.41197e-13 -5.59824e-13 -3.65976e-12 -5.59824e-13 2.17888e-13
Strain 0 0.00866667 0 0.00866667 0 0 0 0 0
Strain mean 1.44937e-18 0.00866667 -1.82988e-17 0.00866667 3.58103e-34 -2.79912e-18 -1.82988e-17 -2.79912e-18 -7.55326e-34
Plastic strain_mean 3.61654e-18 0.00814172 0 0.00814172 -3.61654e-18 0 0 0 0
Plastic strain_rate_mean 0 0 0 0 0 0 0 0 0
Dissipation 0.0346438
End step 26
Begin step 27
Stress -3.68861e-12 105.195 -1.02151e-11 105.195 3.64719e-12 -2.08778e-12 -1.02151e-11 -2.08778e-12 -1.24368e-14
Strain 0 0.009 0 0.009 0 0 0 0 0
Strain mean -8.2728e-20 0.009 -5.10756e-17 0.009 -2.58797e-33 -1.04389e-17 -5.10756e-17 -1.04389e-17 -8.06483e-34
Plastic strain_mean 1.82981e-17 0.00847403 0 0.00847403 -1.82981e-17 0 0 0 0
Plastic strain_rate_mean 0 0 0 0 0 0 0 0 0
Dissipation 0.0347026
End step 27
Begin step 28
Stress -1.22987e-12 105.401 -5.74247e-12 105.401 1.18548e-12 -1.17543e-12 -5.74247e-12 -1.17543e-12 -1.33276e-14
Strain 0 0.00933333 0 0.00933333 0 0 0 0 0
Strain mean -8.86538e-20 0.00933333 -2.87124e-17 0.00933333 1.35718e-33 -5.87714e-18 -2.87124e-17 -5.87714e-18 -1.625e-33
Plastic strain_mean 5.99406e-18 0.00880633 0 0.00880633 -5.99406e-18 0 0 0 0
Plastic strain_rate_mean 0 0 0 0 0 0 0 0 0
Dissipation 0.0347614
End step 28
Begin step 29
Stress 1.5154e-12 105.607 -4.39668e-13 105.607 -1.2243e-12 -2.63078e-13 -4.39668e-13 -2.63078e-13 8.74068e-14
Strain 0 0.00966667 0 0.00966667 0 0 0 0 0
Strain mean 5.8142e-19 0.00966667 -2.19834e-18 0.00966667 -7.71877e-34 -1.31539e-18 -2.19834e-18 -1.31539e-18 -3.47871e-33
Plastic strain_mean -6.55852e-18 0.00913863 0 0.00913863 6.55852e-18 0 0 0 0
Plastic strain_rate_mean 0 0 0 0 0 0 0 0 0
Dissipation 0.0348201
End step 29
Begin step 30
Stress 4.08157e-12 105.813 3.91937e-12 105.813 -3.70879e-12 6.49272e-13 3.91937e-12 6.49272e-13 1.11931e-13
Strain 0 0.01 0 0.01 0 0 0 0 0
Strain mean 7.44552e-19 0.01 1.95969e-17 0.01 -5.03751e-33 3.24636e-18 1.95969e-17 3.24636e-18 -4.96228e-33
Plastic strain_mean -1.91036e-17 0.00947093 0 0.00947093 1.91036e-17 0 0 0 0
Plastic strain_rate_mean 0 0 0 0 0 0 0 0 0
Dissipation 0.0348789
End step 30
