Begin step 0
Stress 0 0 0 0 0 0 0 0 0
Strain 0 0 0 0 0 0 0 0 0
Strain mean 0 0 0 0 0 0 0 0 0
Plastic strain_mean 0 0 0 0 0 0 0 0 0
Plastic strain_rate_mean 0 0 0 0 0 0 0 0 0
Dissipation 0
End step 0
Begin step 1
Stress 1.17028e-16 6.66667 -1.05278e-15 6.66667 5.02191e-17 9.34904e-17 -1.05278e-15 9.34904e-17 5.02187e-17
Strain 0 3.33333e-05 0 3.33333e-05 0 0 0 0 0
Strain mean 3.34049e-22 3.33333e-05 -5.26392e-21 3.33333e-05 1.58692e-36 4.67452e-22 -5.26392e-21 4.67452e-22 -9.14314e-37
Plastic strain_mean 1.78926e-27 1.29129e-20 0 1.29129e-20 -1.78926e-27 0 0 0 0
Plastic strain_rate_mean 0 0 0 0 0 0 0 0 0
Dissipation 8.6086e-20
End step 1
Begin step 2
Stress 1.0787e-15 13.3333 4.17443e-16 13.3333 4.62887e-16 1.06128e-16 4.17443e-16 1.06128e-16 4.62886e-16
Strain 0 6.66667e-05 0 6.66667e-05 0 0 0 0 0
Strain mean 3.07906e-21 6.66667e-05 2.08722e-21 6.66667e-05 -8.99253e-37 5.30639e-22 2.08722e-21 5.30639e-22 1.41647e-36
Plastic strain_mean 7.97588e-27 7.48126e-17 0 7.48126e-17 -7.97588e-27 0 0 0 0
Plastic strain_rate_mean 0 0 0 0 0 0 0 0 0
Dissipation 9.97329e-16
End step 2
Begin step 3
Stress -5.13424e-15 20 -7.56429e-16 20 -2.20283e-15 1.38807e-16 -7.56429e-16 1.38807e-16 -2.20307e-15
Strain 0 0.0001 0 0.0001 0 0 0 0 0
Strain mean -1.46546e-20 0.0001 -3.78215e-21 0.0001 2.58609e-36 6.94033e-22 -3.78215e-21 6.94033e-22 -1.93222e-36
Plastic strain_mean 1.21884e-24 1.19609e-14 0 1.19609e-14 -1.21884e-24 0 0 0 0
Plastic strain_rate_mean 0 0 0 0 0 0 0 0 0
Dissipation 2.37723e-13
End step 3
Begin step 4
Stress -3.58764e-16 26.6667 2.94715e-14 26.6667 -1.57521e-16 3.59304e-16 2.94715e-14 3.59304e-16 -1.55023e-16
Strain 0 0.000133333 0 0.000133333 0 0 0 0 0
Strain mean -1.0312e-21 0.000133333 1.47357e-19 0.000133333 -3.4442e-36 1.79652e-21 1.47357e-19 1.79652e-21 -4.70051e-36
Plastic strain_mean -1.24917e-23 4.45247e-13 0 4.45247e-13 1.24917e-23 0 0 0 0
Plastic strain_rate_mean 0 0 0 0 0 0 0 0 0
Dissipation 1.15543e-11
End step 4
Begin step 5
Stress -3.83869e-15 33.3333 1.55096e-13 33.3333 -1.48777e-15 3.80195e-14 1.55096e-13 3.80195e-14 -1.59936e-15
Strain 0 0.000166667 0 0.000166667 0 0 0 0 0
Strain mean -1.06387e-20 0.000166667 7.75481e-19 0.000166667 -6.30065e-36 1.90097e-19 7.75481e-19 1.90097e-19 -4.57032e-35
Plastic strain_mean 5.57918e-22 7.49458e-12 0 7.49458e-12 -5.57918e-22 0 0 0 0
Plastic strain_rate_mean 0 0 0 0 0 0 0 0 0
Dissipation 2.34978e-10
End step 5
Begin step 6
Stress 1.59864e-14 40 6.35286e-13 40 8.09721e-15 1.43568e-13 6.35286e-13 1.43568e-13 7.2315e-15
Strain 0 0.0002 0 0.0002 0 0 0 0 0
Strain mean 4.81031e-20 0.0002 3.17643e-18 0.0002 1.20371e-35 7.17841e-19 3.17643e-18 7.17841e-19 4.81012e-35
Plastic strain_mean 4.32857e-21 7.63461e-11 0 7.63461e-11 -4.32857e-21 0 0 0 0
Plastic strain_rate_mean 0 0 0 0 0 0 0 0 0
Dissipation 2.75406e-09
End step 6
Begin step 7
Stress -2.25832e-14 46.6666 6.41841e-13 46.6666 -4.39451e-15 2.01939e-13 6.41841e-13 2.01939e-13 -8.1005e-15
Strain 0 0.000233333 0 0.000233333 0 0 0 0 0
Strain mean -5.38836e-20 0.000233333 3.2092e-18 0.000233333 2.25695e-35 1.0097e-18 3.2092e-18 1.0097e-18 1.89584e-34
Plastic strain_mean 1.853e-20 5.49212e-10 0 5.49212e-10 -1.853e-20 0 0 0 0
Plastic strain_rate_mean 0 0 0 0 0 0 0 0 0
Dissipation 2.2067e-08
End step 7
Begin step 8
Stress 2.7438e-14 53.3327 4.05076e-12 53.3327 -9.01168e-15 4.9625e-13 4.05076e-12 4.9625e-13 5.5328e-15
Strain 0 0.000266667 0 0.000266667 0 0 0 0 0
Strain mean 3.68035e-20 0.000266667 2.02538e-17 0.000266667 -1.30903e-34 2.48125e-18 2.02538e-17 2.48125e-18 -1.04873e-33
Plastic strain_mean -7.27224e-20 3.05871e-09 0 3.05871e-09 7.27224e-20 0 0 0 0
Plastic strain_rate_mean 0 0 0 0 0 0 0 0 0
Dissipation 1.33838e-07
End step 8
Begin step 9
Stress -4.86927e-14 59.9972 9.89334e-12 59.9972 2.1206e-14 7.50587e-13 9.89334e-12 7.50587e-13 -8.25334e-15
Strain 0 0.0003 0 0.0003 0 0 0 0 0
Strain mean -5.49003e-20 0.0003 4.94667e-17 0.0003 -8.1852e-34 3.75294e-18 4.94667e-17 3.75294e-18 -3.8338e-33
Plastic strain_mean 1.47297e-19 1.39933e-08 0 1.39933e-08 -1.47297e-19 0 0 0 0
Plastic strain_rate_mean 0 0 0 0 0 0 0 0 0
Dissipation 6.56044e-07
End step 9
Begin step 10
Stress -3.94467e-14 66.6557 2.66965e-12 66.6557 1.42868e-14 -1.4595e-12 2.66965e-12 -1.4595e-12 -7.55465e-15
Strain 0 0.000333333 0 0.000333333 0 0 0 0 0
Strain mean -5.02526e-20 0.000333333 1.33483e-17 0.000333333 3.46066e-34 -7.29751e-18 1.33483e-17 -7.29751e-18 4.48982e-33
Plastic strain_mean 1.09207e-19 5.47434e-08 0 5.47434e-08 -1.09207e-19 0 0 0 0
Plastic strain_rate_mean 0 0 0 0 0 0 0 0 0
Dissipation 2.71623e-06
End step 10
Begin step 11
Stress -9.79098e-14 73.2957 5.66532e-12 73.2957 5.72687e-14 -3.21231e-12 5.66532e-12 -3.21231e-12 -1.22032e-14
Strain 0 0.000366667 0 0.000366667 0 0 0 0 0
Strain mean -8.1174e-20 0.000366667 2.83266e-17 0.000366667 -1.30722e-32 -1.60616e-17 2.83266e-17 -1.60616e-17 7.6014e-33
Plastic strain_mean 3.47359e-19 1.8829e-07 0 1.8829e-07 -3.47359e-19 0 0 0 0
Plastic strain_rate_mean 0 0 0 0 0 0 0 0 0
Dissipation 9.7884e-06
End step 11
Begin step 12
Stress -2.94972e-14 79.884 6.06941e-13 79.884 8.33363e-14 -1.63508e-12 6.06941e-13 -1.63508e-12 1.61661e-14
Strain 0 0.0004 0 0.0004 0 0 0 0 0
Strain mean 1.07535e-19 0.0004 3.03471e-18 0.0004 -4.16949e-32 -8.17538e-18 3.03471e-18 -8.17538e-18 -1.75741e-33
Plastic strain_mean 3.35851e-19 5.79926e-07 0 5.79926e-07 -3.35851e-19 0 0 0 0
Plastic strain_rate_mean 0 0 0 0 0 0 0 0 0
Dissipation 3.12853e-05
End step 12
Begin step 13
Stress -6.51242e-14 86.3437 1.50766e-12 86.3437 6.64621e-14 1.36227e-12 1.50766e-12 1.36227e-12 4.0175e-16
Strain 0 0.000433333 0 0.000433333 0 0 0 0 0
Strain mean 2.67239e-21 0.000433333 7.53831e-18 0.000433333 4.56927e-31 6.81136e-18 7.53831e-18 6.81136e-18 -1.82211e-33
Plastic strain_mean 3.30302e-19 1.61498e-06 0 1.61498e-06 -3.30302e-19 0 0 0 0
Plastic strain_rate_mean 0 0 0 0 0 0 0 0 0
Dissipation 8.93693e-05
End step 13
Begin step 14
Stress -2.01219e-13 92.5195 1.66384e-12 92.5195 2.04302e-13 1.36847e-12 1.66384e-12 1.36847e-12 9.25772e-16
Strain 0 0.000466667 0 0.000466667 0 0 0 0 0
Strain mean 6.15813e-21 0.000466667 8.3192e-18 0.000466667 -3.30297e-31 6.84237e-18 8.3192e-18 6.84237e-18 1.44445e-34
Plastic strain_mean 1.01688e-18 4.06897e-06 0 4.06897e-06 -1.01688e-18 0 0 0 0
Plastic strain_rate_mean 0 0 0 0 0 0 0 0 0
Dissipation 0.000227039
End step 14
Begin step 15
Stress -6.20127e-13 98.1586 1.82113e-12 98.1586 6.5535e-13 3.13593e-12 1.82113e-12 3.13593e-12 1.05765e-14
Strain 0 0.0005 0 0.0005 0 0 0 0 0
Strain mean 7.03537e-20 0.0005 9.10566e-18 0.0005 3.10845e-31 1.56796e-17 9.10566e-18 1.56796e-17 5.7176e-35
Plastic strain_mean 3.22387e-18 9.20714e-06 0 9.20714e-06 -3.22387e-18 0 0 0 0
Plastic strain_rate_mean 0 0 0 0 0 0 0 0 0
Dissipation 0.000504336
End step 15
Begin step 16
Stress 1.26573e-13 102.96 2.17816e-14 102.96 -1.62102e-13 -1.60716e-12 2.17816e-14 -1.60716e-12 -1.06682e-14
Strain 0 0.000533333 0 0.000533333 0 0 0 0 0
Strain mean -7.09637e-20 0.000533333 1.08908e-19 0.000533333 -9.13613e-32 -8.03578e-18 1.08908e-19 -8.03578e-18 -3.82177e-34
Plastic strain_mean -7.5717e-19 1.85318e-05 0 1.85318e-05 7.5717e-19 0 0 0 0
Plastic strain_rate_mean 0 0 0 0 0 0 0 0 0
Dissipation 0.000960002
End step 16
Begin step 17
Stress 5.30889e-13 106.714 -3.646e-13 106.714 -5.42349e-13 2.05124e-12 -3.646e-13 2.05124e-12 -3.44108e-15
Strain 0 0.000566667 0 0.000566667 0 0 0 0 0
Strain mean -2.28896e-20 0.000566667 -1.823e-18 0.000566667 3.98547e-32 1.02562e-17 -1.823e-18 1.02562e-17 -1.50463e-33
Plastic strain_mean -2.69454e-18 3.30978e-05 0 3.30978e-05 2.69454e-18 0 0 0 0
Plastic strain_rate_mean 0 0 0 0 0 0 0 0 0
Dissipation 0.00155419
End step 17
Begin step 18
Stress 4.67047e-12 109.41 4.84582e-13 109.41 -4.61736e-12 2.57641e-12 4.84582e-13 2.57641e-12 1.59477e-14
Strain 0 0.0006 0 0.0006 0 0 0 0 0
Strain mean 1.06082e-19 0.0006 2.42291e-18 0.0006 2.36408e-32 1.28821e-17 2.42291e-18 1.28821e-17 -1.76945e-33
Plastic strain_mean -2.31665e-17 5.29524e-05 0 5.29524e-05 2.31665e-17 0 0 0 0
Plastic strain_rate_mean 0 0 0 0 0 0 0 0 0
Dissipation 0.00217186
End step 18
Begin step 19
Stress 1.82923e-12 111.216 -1.16061e-13 111.216 -1.79017e-12 -5.64752e-13 -1.16061e-13 -5.64752e-13 1.17294e-14
Strain 0 0.000633333 0 0.000633333 0 0 0 0 0
Strain mean 7.80223e-20 0.000633333 -5.80306e-19 0.000633333 -6.50001e-33 -2.82376e-18 -5.80306e-19 -2.82376e-18 1.77848e-33
Plastic strain_mean -9.00949e-18 7.72547e-05 0 7.72547e-05 9.00949e-18 0 0 0 0
Plastic strain_rate_mean 0 0 0 0 0 0 0 0 0
Dissipation 0.00270207
End step 19
Begin step 20
Stress -2.27592e-12 112.369 1.36762e-12 112.369 2.25826e-12 1.84637e-12 1.36762e-12 1.84637e-12 -5.30135e-15
Strain 0 0.000666667 0 0.000666667 0 0 0 0 0
Strain mean -3.5264e-20 0.000666667 6.83812e-18 0.000666667 2.31112e-33 9.23185e-18 6.83812e-18 9.23185e-18 -3.56899e-33
Plastic strain_mean 1.13178e-17 0.000104823 0 0.000104823 -1.13178e-17 0 0 0 0
Plastic strain_rate_mean 0 0 0 0 0 0 0 0 0
Dissipation 0.00309669
End step 20
Begin step 21
Stress 3.74455e-13 113.084 -9.89133e-13 113.084 -3.62574e-13 1.42831e-12 -9.89133e-13 1.42831e-12 3.56771e-15
Strain 0 0.0007 0 0.0007 0 0 0 0 0
Strain mean 2.3732e-20 0.0007 -4.94566e-18 0.0007 8.66668e-34 7.14153e-18 -4.94566e-18 7.14153e-18 -1.63704e-33
Plastic strain_mean -1.83071e-18 0.000134578 0 0.000134578 1.83071e-18 0 0 0 0
Plastic strain_rate_mean 0 0 0 0 0 0 0 0 0
Dissipation 0.0033633
End step 21
Begin step 22
Stress 1.74779e-12 113.524 -1.12288e-12 113.524 -1.70142e-12 -4.16504e-13 -1.12288e-12 -4.16504e-13 1.39215e-14
Strain 0 0.000733333 0 0.000733333 0 0 0 0 0
Strain mean 9.26043e-20 0.000733333 -5.61442e-18 0.000733333 1.54074e-33 -2.08252e-18 -5.61442e-18 -2.08252e-18 -1.95602e-33
Plastic strain_mean -8.57672e-18 0.000165713 0 0.000165713 8.57672e-18 0 0 0 0
Plastic strain_rate_mean 0 0 0 0 0 0 0 0 0
Dissipation 0.00353271
End step 22
Begin step 23
Stress 3.66698e-12 113.796 -3.82906e-13 113.796 -3.60728e-12 -2.21144e-12 -3.82906e-13 -2.21144e-12 1.79259e-14
Strain 0 0.000766667 0 0.000766667 0 0 0 0 0
Strain mean 1.19241e-19 0.000766667 -1.91453e-18 0.000766667 8.17317e-33 -1.10572e-17 -1.91453e-18 -1.10572e-17 -1.27593e-33
Plastic strain_mean -1.81261e-17 0.000197689 0 0.000197689 1.81261e-17 0 0 0 0
Plastic strain_rate_mean 0 0 0 0 0 0 0 0 0
Dissipation 0.00363647
End step 23
Begin step 24
Stress -2.70984e-13 113.967 -5.99435e-13 113.967 2.42086e-13 9.12061e-14 -5.99435e-13 9.12061e-14 -8.67693e-15
Strain 0 0.0008 0 0.0008 0 0 0 0 0
Strain mean -5.77179e-20 0.0008 -2.99718e-18 0.0008 -6.74075e-34 4.56031e-19 -2.99718e-18 4.56031e-19 -5.80412e-34
Plastic strain_mean 1.25382e-18 0.000230166 0 0.000230166 -1.25382e-18 0 0 0 0
Plastic strain_rate_mean 0 0 0 0 0 0 0 0 0
Dissipation 0.00369874
End step 24
Begin step 25
Stress -2.01696e-12 114.079 -1.89856e-12 114.079 2.04087e-12 4.11669e-13 -1.89856e-12 4.11669e-13 7.1791e-15
Strain 0 0.000833333 0 0.000833333 0 0 0 0 0
Strain mean 4.77545e-20 0.000833333 -9.49279e-18 0.000833333 4.84492e-33 2.05835e-18 -9.49279e-18 2.05835e-18 -1.74048e-33
Plastic strain_mean 1.01685e-17 0.000262939 0 0.000262939 -1.01685e-17 0 0 0 0
Plastic strain_rate_mean 0 0 0 0 0 0 0 0 0
Dissipation 0.00373575
End step 25
Begin step 26
Stress -1.55067e-12 114.156 -1.06201e-12 114.156 1.56818e-12 2.08143e-13 -1.06201e-12 2.08143e-13 5.25768e-15
Strain 0 0.000866667 0 0.000866667 0 0 0 0 0
Strain mean 3.49735e-20 0.000866667 -5.31004e-18 0.000866667 -2.91824e-33 1.04071e-18 -5.31004e-18 1.04071e-18 -6.942e-34
Plastic strain_mean 7.8146e-18 0.000295886 0 0.000295886 -7.8146e-18 0 0 0 0
Plastic strain_rate_mean 0 0 0 0 0 0 0 0 0
Dissipation 0.00375772
End step 26
Begin step 27
Stress -1.47458e-12 114.213 -2.28e-13 114.213 1.38934e-12 -4.18808e-13 -2.28e-13 -4.18808e-13 -2.55941e-14
Strain 0 0.0009 0 0.0009 0 0 0 0 0
Strain mean -1.70249e-19 0.0009 -1.14e-18 0.0009 8.86891e-32 -2.09404e-18 -1.14e-18 -2.09404e-18 1.16308e-33
Plastic strain_mean 7.07466e-18 0.000328933 0 0.000328933 -7.07466e-18 0 0 0 0
Plastic strain_rate_mean 0 0 0 0 0 0 0 0 0
Dissipation 0.00377085
End step 27
Begin step 28
Stress 2.91458e-13 114.259 -9.10501e-13 114.259 -2.92156e-13 -5.54288e-13 -9.10501e-13 -5.54288e-13 -2.09609e-16
Strain 0 0.000933333 0 0.000933333 0 0 0 0 0
Strain mean -1.39429e-21 0.000933333 -4.5525e-18 0.000933333 7.61946e-33 -2.77144e-18 -4.5525e-18 -2.77144e-18 -4.67941e-34
Plastic strain_mean -1.45973e-18 0.000362039 0 0.000362039 1.45973e-18 0 0 0 0
Plastic strain_rate_mean 0 0 0 0 0 0 0 0 0
Dissipation 0.00377881
End step 28
Begin step 29
Stress -1.96943e-13 114.297 3.886e-13 114.297 1.57734e-13 -1.58839e-12 3.886e-13 -1.58839e-12 -1.1773e-14
Strain 0 0.000966667 0 0.000966667 0 0 0 0 0
Strain mean -7.83128e-20 0.000966667 1.943e-18 0.000966667 -4.48742e-32 -7.94197e-18 1.943e-18 -7.94197e-18 4.6779e-33
Plastic strain_mean 8.47536e-19 0.00039518 0 0.00039518 -8.47536e-19 0 0 0 0
Plastic strain_rate_mean 0 0 0 0 0 0 0 0 0
Dissipation 0.00378376
End step 29
Begin step 30
Stress 5.77713e-13 114.332 -6.05993e-13 114.332 -5.17387e-13 -5.63424e-13 -6.05993e-13 -5.63424e-13 1.81137e-14
Strain 0 0.001 0 0.001 0 0 0 0 0
Strain mean 1.2049e-19 0.001 -3.02997e-18 0.001 -3.68334e-33 -2.81712e-18 -3.02997e-18 -2.81712e-18 2.05947e-35
Plastic strain_mean -2.6775e-18 0.000428342 0 0.000428342 2.6775e-18 0 0 0 0
Plastic strain_rate_mean 0 0 0 0 0 0 0 0 0
Dissipation 0.00378697
End step 30
