Begin step 0
Stress 0 0 0 0 0 0 0 0 0
Strain 0 0 0 0 0 0 0 0 0
Strain mean 0 0 0 0 0 0 0 0 0
Plastic strain_mean 0 0 0 0 0 0 0 0 0
Plastic strain_rate_mean 0 0 0 0 0 0 0 0 0
Dissipation 0
End step 0
Begin step 1
Stress -5.80474e-14 6.64532 -2.89012e-12 6.64532 5.29081e-14 1.69645e-12 -2.89012e-12 1.69645e-12 -1.54313e-15
Strain 0 3.33333e-05 0 3.33333e-05 0 0 0 0 0
Strain mean -1.02648e-20 3.33333e-05 -1.44506e-17 3.33333e-05 -4.11668e-33 8.48227e-18 -1.44506e-17 8.48227e-18 -1.78449e-33
Plastic strain_mean 2.72256e-19 1.06758e-07 0 1.06758e-07 -2.72256e-19 0 0 0 0
Plastic strain_rate_mean 0 0 0 0 0 0 0 0 0
Dissipation 7.09438e-07
End step 1
Begin step 2
Stress -6.50271e-14 13.2693 -2.52432e-13 13.2693 6.33983e-14 2.34038e-12 -2.52432e-13 2.34038e-12 -4.89087e-16
Strain 0 6.66667e-05 0 6.66667e-05 0 0 0 0 0
Strain mean -3.25335e-21 6.66667e-05 -1.26216e-18 6.66667e-05 1.68519e-34 1.17019e-17 -1.26216e-18 1.17019e-17 1.4783e-33
Plastic strain_mean 3.19437e-19 3.19931e-07 0 3.19931e-07 -3.19437e-19 0 0 0 0
Plastic strain_rate_mean 0 0 0 0 0 0 0 0 0
Dissipation 2.82865e-06
End step 2
Begin step 3
Stress -6.63649e-14 19.8722 -2.47871e-13 19.8722 7.6138e-14 2.33127e-12 -2.47871e-13 2.33127e-12 2.93452e-15
Strain 0 0.0001 0 0.0001 0 0 0 0 0
Strain mean 1.95201e-20 0.0001 -1.23936e-18 0.0001 8.1852e-34 1.16564e-17 -1.23936e-18 1.16564e-17 1.37223e-33
Plastic strain_mean 3.66017e-19 6.39178e-07 0 6.39178e-07 -3.66017e-19 0 0 0 0
Plastic strain_rate_mean 0 0 0 0 0 0 0 0 0
Dissipation 6.34405e-06
End step 3
Begin step 4
Stress -8.77115e-14 26.4538 -2.45327e-13 26.4538 8.01235e-14 2.3225e-12 -2.45327e-13 2.3225e-12 -2.2784e-15
Strain 0 0.000133333 0 0.000133333 0 0 0 0 0
Strain mean -1.51557e-20 0.000133333 -1.22663e-18 0.000133333 -1.10741e-33 1.16125e-17 -1.22663e-18 1.16125e-17 1.20295e-33
Plastic strain_mean 4.1201e-19 1.06416e-06 0 1.06416e-06 -4.1201e-19 0 0 0 0
Plastic strain_rate_mean 0 0 0 0 0 0 0 0 0
Dissipation 1.12422e-05
End step 4
Begin step 5
Stress -9.25412e-14 33.0144 -2.35613e-13 33.0144 9.10905e-14 2.31453e-12 -2.35613e-13 2.31453e-12 -4.35593e-16
Strain 0 0.000166667 0 0.000166667 0 0 0 0 0
Strain mean -2.89751e-21 0.000166667 -1.17806e-18 0.000166667 -4.30927e-33 1.15727e-17 -1.17806e-18 1.15727e-17 1.38501e-33
Plastic strain_mean 4.57631e-19 1.59453e-06 0 1.59453e-06 -4.57631e-19 0 0 0 0
Plastic strain_rate_mean 0 0 0 0 0 0 0 0 0
Dissipation 1.75096e-05
End step 5
Begin step 6
Stress -9.99404e-14 39.554 -2.30318e-13 39.554 1.00784e-13 2.305e-12 -2.30318e-13 2.305e-12 2.53277e-16
Strain 0 0.0002 0 0.0002 0 0 0 0 0
Strain mean 1.68477e-21 0.0002 -1.15159e-18 0.0002 -4.57408e-34 1.1525e-17 -1.15159e-18 1.1525e-17 1.16609e-33
Plastic strain_mean 5.02653e-19 2.22996e-06 0 2.22996e-06 -5.02653e-19 0 0 0 0
Plastic strain_rate_mean 0 0 0 0 0 0 0 0 0
Dissipation 2.51331e-05
End step 6
Begin step 7
Stress -9.7628e-14 46.0725 -2.5452e-12 46.0725 1.08179e-13 1.58962e-12 -2.5452e-12 1.58962e-12 3.16815e-15
Strain 0 0.000233333 0 0.000233333 0 0 0 0 0
Strain mean 2.10742e-20 0.000233333 -1.2726e-17 0.000233333 -2.22926e-32 7.94812e-18 -1.2726e-17 7.94812e-18 2.88889e-33
Plastic strain_mean 5.25055e-19 2.97077e-06 0 2.97077e-06 -5.25055e-19 0 0 0 0
Plastic strain_rate_mean 0 0 0 0 0 0 0 0 0
Dissipation 3.41302e-05
End step 7
Begin step 8
Stress -5.80458e-14 52.5687 1.38065e-12 52.5687 2.92792e-14 -1.9405e-12 1.38065e-12 -1.9405e-12 -8.63762e-15
Strain 0 0.000266667 0 0.000266667 0 0 0 0 0
Strain mean -5.74565e-20 0.000266667 6.90326e-18 0.000266667 4.39232e-32 -9.70252e-18 6.90326e-18 -9.70252e-18 -4.48381e-34
Plastic strain_mean 1.89584e-19 3.82296e-06 0 3.82296e-06 -1.89584e-19 0 0 0 0
Plastic strain_rate_mean 0 0 0 0 0 0 0 0 0
Dissipation 4.47976e-05
End step 8
Begin step 9
Stress 4.38747e-14 59.037 8.64448e-13 59.037 -2.40959e-14 -2.20778e-12 8.64448e-13 -2.20778e-12 5.93891e-15
Strain 0 0.0003 0 0.0003 0 0 0 0 0
Strain mean 3.9505e-20 0.0003 4.32224e-18 0.0003 -1.39991e-32 -1.10389e-17 4.32224e-18 -1.10389e-17 -6.1389e-34
Plastic strain_mean -1.50174e-19 4.81518e-06 0 4.81518e-06 1.50174e-19 0 0 0 0
Plastic strain_rate_mean 0 0 0 0 0 0 0 0 0
Dissipation 5.85756e-05
End step 9
Begin step 10
Stress 1.2604e-13 65.4674 2.7453e-13 65.4674 -1.21604e-13 -2.44203e-12 2.7453e-13 -2.44203e-12 1.33189e-15
Strain 0 0.000333333 0 0.000333333 0 0 0 0 0
Strain mean 8.85957e-21 0.000333333 1.37265e-18 0.000333333 -1.72154e-31 -1.22102e-17 1.37265e-18 -1.22102e-17 -1.40834e-33
Plastic strain_mean -6.14679e-19 5.99622e-06 0 5.99622e-06 6.14679e-19 0 0 0 0
Plastic strain_rate_mean 0 0 0 0 0 0 0 0 0
Dissipation 7.73171e-05
End step 10
Begin step 11
Stress 8.97824e-14 71.8437 2.75536e-12 71.8437 -1.09445e-13 5.17947e-14 2.75536e-12 5.17947e-14 -5.90398e-15
Strain 0 0.000366667 0 0.000366667 0 0 0 0 0
Strain mean -3.92726e-20 0.000366667 1.37768e-17 0.000366667 5.51779e-32 2.58973e-19 1.37768e-17 2.58973e-19 -3.33126e-33
Plastic strain_mean -5.17704e-19 7.44806e-06 0 7.44806e-06 5.17704e-19 0 0 0 0
Plastic strain_rate_mean 0 0 0 0 0 0 0 0 0
Dissipation 0.0001043
End step 11
Begin step 12
Stress 1.75527e-13 78.1354 -3.6231e-12 78.1354 -1.92245e-13 1.55971e-12 -3.6231e-12 1.55971e-12 -5.01969e-15
Strain 0 0.0004 0 0.0004 0 0 0 0 0
Strain mean -3.33904e-20 0.0004 -1.81155e-17 0.0004 -7.41483e-33 7.79855e-18 -1.81155e-17 7.79855e-18 -6.57525e-34
Plastic strain_mean -9.36126e-19 9.32304e-06 0 9.32304e-06 9.36126e-19 0 0 0 0
Plastic strain_rate_mean 0 0 0 0 0 0 0 0 0
Dissipation 0.000146494
End step 12
Begin step 13
Stress -2.22889e-13 84.2789 7.88957e-12 84.2789 2.23587e-13 -3.89709e-12 7.88957e-12 -3.89709e-12 2.09609e-16
Strain 0 0.000433333 0 0.000433333 0 0 0 0 0
Strain mean 1.39429e-21 0.000433333 3.94478e-17 0.000433333 2.41006e-31 -1.94854e-17 3.94478e-17 -1.94854e-17 8.119e-33
Plastic strain_mean 1.11689e-18 1.19388e-05 0 1.19388e-05 -1.11689e-18 0 0 0 0
Plastic strain_rate_mean 0 0 0 0 0 0 0 0 0
Dissipation 0.000220442
End step 13
Begin step 14
Stress 3.92471e-14 90.1145 -1.52892e-12 90.1145 -7.01661e-14 -6.18793e-12 -1.52892e-12 -6.18793e-12 -9.28392e-15
Strain 0 0.000466667 0 0.000466667 0 0 0 0 0
Strain mean -6.17556e-20 0.000466667 -7.6446e-18 0.000466667 4.02519e-32 -3.09396e-17 -7.6446e-18 -3.09396e-17 9.37386e-33
Plastic strain_mean -3.04411e-19 1.60943e-05 0 1.60943e-05 3.04411e-19 0 0 0 0
Plastic strain_rate_mean 0 0 0 0 0 0 0 0 0
Dissipation 0.000374431
End step 14
Begin step 15
Stress 1.00126e-12 95.1339 1.46426e-12 95.1339 -1.00937e-12 1.0567e-11 1.46426e-12 1.0567e-11 -2.4367e-15
Strain 0 0.0005 0 0.0005 0 0 0 0 0
Strain mean -1.62087e-20 0.0005 7.32131e-18 0.0005 2.88889e-31 5.28348e-17 7.32131e-18 5.28348e-17 -2.05834e-33
Plastic strain_mean -5.03468e-18 2.43304e-05 0 2.43304e-05 5.03468e-18 0 0 0 0
Plastic strain_rate_mean 0 0 0 0 0 0 0 0 0
Dissipation 0.000783421
End step 15
Begin step 16
Stress 4.16893e-13 98.0351 4.29094e-13 98.0351 -3.97303e-13 2.88331e-12 4.29094e-13 2.88331e-12 5.88214e-15
Strain 0 0.000533333 0 0.000533333 0 0 0 0 0
Strain mean 3.91273e-20 0.000533333 2.14547e-18 0.000533333 -8.3778e-33 1.44166e-17 2.14547e-18 1.44166e-17 -1.46777e-33
Plastic strain_mean -2.01593e-18 4.31577e-05 0 4.31577e-05 2.01593e-18 0 0 0 0
Plastic strain_rate_mean 0 0 0 0 0 0 0 0 0
Dissipation 0.00184533
End step 16
Begin step 17
Stress 6.84912e-14 98.8583 -3.78895e-13 98.8583 -7.20979e-14 2.92073e-12 -3.78895e-13 2.92073e-12 -1.08298e-15
Strain 0 0.000566667 0 0.000566667 0 0 0 0 0
Strain mean -7.20385e-21 0.000566667 -1.89447e-18 0.000566667 -1.93345e-33 1.46037e-17 -1.89447e-18 1.46037e-17 1.48681e-33
Plastic strain_mean -3.55075e-19 7.23753e-05 0 7.23753e-05 3.55075e-19 0 0 0 0
Plastic strain_rate_mean 0 0 0 0 0 0 0 0 0
Dissipation 0.00288752
End step 17
Begin step 18
Stress -7.79783e-13 99.028 -2.32573e-13 99.028 8.09801e-13 -1.89214e-12 -2.32573e-13 -1.89214e-12 9.01317e-15
Strain 0 0.0006 0 0.0006 0 0 0 0 0
Strain mean 5.99546e-20 0.0006 -1.16286e-18 0.0006 -8.59446e-33 -9.46069e-18 -1.16286e-18 -9.46069e-18 -9.20835e-34
Plastic strain_mean 4.00394e-18 0.00010486 0 0.00010486 -4.00394e-18 0 0 0 0
Plastic strain_rate_mean 0 0 0 0 0 0 0 0 0
Dissipation 0.00321568
End step 18
Begin step 19
Stress -2.22782e-13 99.0755 3.07562e-13 99.0755 1.8718e-13 -3.42265e-12 3.07562e-13 -3.42265e-12 -1.069e-14
Strain 0 0.000633333 0 0.000633333 0 0 0 0 0
Strain mean -7.11089e-20 0.000633333 1.53781e-18 0.000633333 -2.35926e-33 -1.71133e-17 1.53781e-18 -1.71133e-17 -2.15162e-33
Plastic strain_mean 9.89352e-19 0.000137956 0 0.000137956 -9.89352e-19 0 0 0 0
Plastic strain_rate_mean 0 0 0 0 0 0 0 0 0
Dissipation 0.0032775
End step 19
Begin step 20
Stress -1.24171e-12 99.1024 -2.90777e-13 99.1024 1.26517e-12 -2.05834e-12 -2.90777e-13 -2.05834e-12 7.04373e-15
Strain 0 0.000666667 0 0.000666667 0 0 0 0 0
Strain mean 4.68541e-20 0.000666667 -1.45388e-18 0.000666667 2.94908e-34 -1.02917e-17 -1.45388e-18 -1.02917e-17 -1.57084e-33
Plastic strain_mean 6.29062e-18 0.000171155 0 0.000171155 -6.29062e-18 0 0 0 0
Plastic strain_rate_mean 0 0 0 0 0 0 0 0 0
Dissipation 0.00328841
End step 20
Begin step 21
Stress -1.36358e-12 99.1255 -3.15261e-13 99.1255 1.32014e-12 -1.37965e-12 -3.15261e-13 -1.37965e-12 -1.30438e-14
Strain 0 0.0007 0 0.0007 0 0 0 0 0
Strain mean -8.67657e-20 0.0007 -1.57631e-18 0.0007 1.80556e-35 -6.89827e-18 -1.57631e-18 -6.89827e-18 -1.51592e-33
Plastic strain_mean 6.66592e-18 0.000204373 0 0.000204373 -6.66592e-18 0 0 0 0
Plastic strain_rate_mean 0 0 0 0 0 0 0 0 0
Dissipation 0.00329084
End step 21
Begin step 22
Stress -1.01173e-12 99.1476 -2.5451e-13 99.1476 1.13277e-12 -1.03564e-12 -2.5451e-13 -1.03564e-12 3.63453e-14
Strain 0 0.000733333 0 0.000733333 0 0 0 0 0
Strain mean 2.41765e-19 0.000733333 -1.27255e-18 0.000733333 4.99538e-34 -5.17822e-18 -1.27255e-18 -5.17822e-18 -8.50494e-34
Plastic strain_mean 5.48214e-18 0.000237595 0 0.000237595 -5.48214e-18 0 0 0 0
Plastic strain_rate_mean 0 0 0 0 0 0 0 0 0
Dissipation 0.00329184
End step 22
Begin step 23
Stress 5.34975e-13 99.1694 -1.57984e-12 99.1694 -5.36516e-13 1.31307e-12 -1.57984e-12 1.31307e-12 -4.62886e-16
Strain 0 0.000766667 0 0.000766667 0 0 0 0 0
Strain mean -3.07906e-21 0.000766667 -7.89922e-18 0.000766667 1.69121e-33 6.56534e-18 -7.89922e-18 6.56534e-18 1.79051e-33
Plastic strain_mean -2.68027e-18 0.00027082 0 0.00027082 2.68027e-18 0 0 0 0
Plastic strain_rate_mean 0 0 0 0 0 0 0 0 0
Dissipation 0.00329259
End step 23
Begin step 24
Stress -1.41452e-12 99.191 -6.43845e-12 99.191 1.5096e-12 -9.18589e-13 -6.43845e-12 -9.18589e-13 2.85504e-14
Strain 0 0.0008 0 0.0008 0 0 0 0 0
Strain mean 1.89914e-19 0.0008 -3.21923e-17 0.0008 1.01111e-33 -4.59294e-18 -3.21923e-17 -4.59294e-18 4.68543e-33
Plastic strain_mean 7.40525e-18 0.000304045 0 0.000304045 -7.40525e-18 0 0 0 0
Plastic strain_rate_mean 0 0 0 0 0 0 0 0 0
Dissipation 0.00329327
End step 24
Begin step 25
Stress -1.50206e-12 99.2123 -5.41262e-12 99.2123 1.43256e-12 -6.65564e-13 -5.41262e-12 -6.65564e-13 -2.08692e-14
Strain 0 0.000833333 0 0.000833333 0 0 0 0 0
Strain mean -1.38819e-19 0.000833333 -2.70631e-17 0.000833333 -2.93704e-33 -3.32782e-18 -2.70631e-17 -3.32782e-18 4.58462e-33
Plastic strain_mean 7.26714e-18 0.000337272 0 0.000337272 -7.26714e-18 0 0 0 0
Plastic strain_rate_mean 0 0 0 0 0 0 0 0 0
Dissipation 0.00329392
End step 25
Begin step 26
Stress -1.4346e-12 99.2335 -4.54469e-12 99.2335 1.274e-12 -4.90963e-13 -4.54469e-12 -4.90963e-13 -4.82231e-14
Strain 0 0.000866667 0 0.000866667 0 0 0 0 0
Strain mean -3.20775e-19 0.000866667 -2.27234e-17 0.000866667 1.88982e-33 -2.45481e-18 -2.27234e-17 -2.45481e-18 3.2643e-33
Plastic strain_mean 6.61111e-18 0.000370499 0 0.000370499 -6.61111e-18 0 0 0 0
Plastic strain_rate_mean 0 0 0 0 0 0 0 0 0
Dissipation 0.00329455
End step 26
Begin step 27
Stress -1.19164e-12 99.2545 -3.87413e-12 99.2545 1.16819e-12 -3.71065e-13 -3.87413e-12 -3.71065e-13 -7.03936e-15
Strain 0 0.0009 0 0.0009 0 0 0 0 0
Strain mean -4.6825e-20 0.0009 -1.93706e-17 0.0009 -1.19167e-33 -1.85533e-18 -1.93706e-17 -1.85533e-18 3.34104e-33
Plastic strain_mean 5.87616e-18 0.000403728 0 0.000403728 -5.87616e-18 0 0 0 0
Plastic strain_rate_mean 0 0 0 0 0 0 0 0 0
Dissipation 0.00329517
End step 27
Begin step 28
Stress -9.97565e-13 99.2754 -3.33032e-12 99.2754 1.07693e-12 -2.85958e-13 -3.33032e-12 -2.85958e-13 2.38299e-14
Strain 0 0.000933333 0 0.000933333 0 0 0 0 0
Strain mean 1.58514e-19 0.000933333 -1.66516e-17 0.000933333 7.94446e-34 -1.42979e-18 -1.66516e-17 -1.42979e-18 3.49112e-33
Plastic strain_mean 5.26549e-18 0.000436956 0 0.000436956 -5.26549e-18 0 0 0 0
Plastic strain_rate_mean 0 0 0 0 0 0 0 0 0
Dissipation 0.00329578
End step 28
Begin step 29
Stress -9.16121e-13 99.2962 -2.81932e-12 99.2962 9.63793e-13 -2.27846e-13 -2.81932e-12 -2.27846e-13 1.43145e-14
Strain 0 0.000966667 0 0.000966667 0 0 0 0 0
Strain mean 9.52186e-20 0.000966667 -1.40966e-17 0.000966667 -1.23982e-33 -1.13923e-18 -1.40966e-17 -1.13923e-18 2.58251e-33
Plastic strain_mean 4.74739e-18 0.000470186 0 0.000470186 -4.74739e-18 0 0 0 0
Plastic strain_rate_mean 0 0 0 0 0 0 0 0 0
Dissipation 0.00329638
End step 29
Begin step 30
Stress -8.35749e-13 99.317 -2.45014e-12 99.317 8.52444e-13 -1.88207e-13 -2.45014e-12 -1.88207e-13 5.01314e-15
Strain 0 0.001 0 0.001 0 0 0 0 0
Strain mean 3.33468e-20 0.001 -1.22507e-17 0.001 -3.85186e-34 -9.41035e-19 -1.22507e-17 -9.41035e-19 2.60602e-33
Plastic strain_mean 4.23716e-18 0.000503415 0 0.000503415 -4.23716e-18 0 0 0 0
Plastic strain_rate_mean 0 0 0 0 0 0 0 0 0
Dissipation 0.00329698
End step 30
