Begin step 0
Stress 0 0 0 0 0 0 0 0 0
Strain 0 0 0 0 0 0 0 0 0
Strain mean 0 0 0 0 0 0 0 0 0
Plastic strain_mean 0 0 0 0 0 0 0 0 0
Plastic strain_rate_mean 0 0 0 0 0 0 0 0 0
Dissipation 0
End step 0
Begin step 1
Stress 3.53445e-13 3.37489 -1.18995e-12 3.37489 -3.69053e-13 2.45651e-12 -1.18995e-12 2.45651e-12 -4.68672e-15
Strain 0 0.000333333 0 0.000333333 0 0 0 0 0
Strain mean -3.11755e-20 0.000333333 -5.94976e-18 0.000333333 -4.14075e-33 1.22825e-17 -5.94976e-18 1.22825e-17 -3.71268e-33
Plastic strain_mean -1.82183e-18 0.000316459 0 0.000316459 1.82183e-18 0 0 0 0
Plastic strain_rate_mean 0 0 0 0 0 0 0 0 0
Dissipation 0.00104561
End step 1
Begin step 2
Stress -5.95169e-14 3.61854 4.06237e-13 3.61854 1.15792e-13 -3.1665e-12 4.06237e-13 -3.1665e-12 1.68975e-14
Strain 0 0.000666667 0 0.000666667 0 0 0 0 0
Strain mean 1.124e-19 0.000666667 2.03119e-18 0.000666667 1.80556e-35 -1.58325e-17 2.03119e-18 -1.58325e-17 4.73057e-33
Plastic strain_mean 4.94473e-19 0.000648574 0 0.000648574 -4.94473e-19 0 0 0 0
Plastic strain_rate_mean 0 0 0 0 0 0 0 0 0
Dissipation 0.0011623
End step 2
Begin step 3
Stress 2.40786e-12 3.69768 1.33848e-12 3.69768 -2.46837e-12 -3.57665e-13 1.33848e-12 -3.57665e-13 -1.81705e-14
Strain 0 0.001 0 0.001 0 0 0 0 0
Strain mean -1.20868e-19 0.001 6.69239e-18 0.001 8.61854e-33 -1.78833e-18 6.69239e-18 -1.78833e-18 -2.64815e-34
Plastic strain_mean -1.2251e-17 0.000981512 0 0.000981512 1.2251e-17 0 0 0 0
Plastic strain_rate_mean 0 0 0 0 0 0 0 0 0
Dissipation 0.0011793
End step 3
Begin step 4
Stress -9.48557e-13 3.76193 -2.65847e-13 3.76193 9.2976e-13 -8.17287e-13 -2.65847e-13 -8.17287e-13 -5.64415e-15
Strain 0 0.00133333 0 0.00133333 0 0 0 0 0
Strain mean -3.75442e-20 0.00133333 -1.32924e-18 0.00133333 -2.16667e-34 -4.08643e-18 -1.32924e-18 -4.08643e-18 1.42639e-33
Plastic strain_mean 4.67702e-18 0.00131452 0 0.00131452 -4.67702e-18 0 0 0 0
Plastic strain_rate_mean 0 0 0 0 0 0 0 0 0
Dissipation 0.0011904
End step 4
Begin step 5
Stress 1.12279e-12 3.82066 2.84361e-13 3.82066 -1.12702e-12 -6.63182e-13 2.84361e-13 -6.63182e-13 -1.26857e-15
Strain 0 0.00166667 0 0.00166667 0 0 0 0 0
Strain mean -8.43838e-21 0.00166667 1.42181e-18 0.00166667 -1.26389e-33 -3.31591e-18 1.42181e-18 -3.31591e-18 -1.16609e-33
Plastic strain_mean -5.62874e-18 0.00164756 0 0.00164756 5.62874e-18 0 0 0 0
Plastic strain_rate_mean 0 0 0 0 0 0 0 0 0
Dissipation 0.0012004
End step 5
Begin step 6
Stress 1.29549e-12 3.87559 4.83378e-13 3.87559 -1.35844e-12 -8.40973e-13 4.83378e-13 -8.40973e-13 -1.88997e-14
Strain 0 0.002 0 0.002 0 0 0 0 0
Strain mean -1.25719e-19 0.002 2.41689e-18 0.002 -7.94446e-34 -4.20487e-18 2.41689e-18 -4.20487e-18 7.71877e-34
Plastic strain_mean -6.69768e-18 0.00198062 0 0.00198062 6.69768e-18 0 0 0 0
Plastic strain_rate_mean 0 0 0 0 0 0 0 0 0
Dissipation 0.00120967
End step 6
Begin step 7
Stress 1.18121e-12 3.92761 1.30568e-12 3.92761 -1.60709e-12 -2.75764e-12 1.30568e-12 -2.75764e-12 -1.27879e-13
Strain 0 0.00233333 0 0.00233333 0 0 0 0 0
Strain mean -8.50635e-19 0.00233333 6.52838e-18 0.00233333 -1.45408e-32 -1.37882e-17 6.52838e-18 -1.37882e-17 -1.02315e-33
Plastic strain_mean -7.39607e-18 0.0023137 0 0.0023137 7.39607e-18 0 0 0 0
Plastic strain_rate_mean 0 0 0 0 0 0 0 0 0
Dissipation 0.00121835
End step 7
Begin step 8
Stress -1.62297e-12 3.97733 7.69601e-14 3.97733 1.77801e-12 9.4907e-13 7.69601e-14 9.4907e-13 4.65506e-14
Strain 0 0.00266667 0 0.00266667 0 0 0 0 0
Strain mean 3.09649e-19 0.00266667 3.848e-19 0.00266667 8.76298e-33 4.74535e-18 3.848e-19 4.74535e-18 3.11459e-34
Plastic strain_mean 8.65727e-18 0.00264678 0 0.00264678 -8.65727e-18 0 0 0 0
Plastic strain_rate_mean 0 0 0 0 0 0 0 0 0
Dissipation 0.00122653
End step 8
Begin step 9
Stress -3.1555e-12 4.02518 3.3603e-13 4.02518 3.08795e-12 2.40482e-13 3.3603e-13 2.40482e-13 -2.0284e-14
Strain 0 0.003 0 0.003 0 0 0 0 0
Strain mean -1.34927e-19 0.003 1.68015e-18 0.003 1.76704e-32 1.20241e-18 1.68015e-18 1.20241e-18 -1.26953e-33
Plastic strain_mean 1.55412e-17 0.00297987 0 0.00297987 -1.55412e-17 0 0 0 0
Plastic strain_rate_mean 0 0 0 0 0 0 0 0 0
Dissipation 0.0012343
End step 9
Begin step 10
Stress -3.09869e-12 4.07149 5.09127e-13 4.07149 2.9319e-12 -3.68494e-13 5.09127e-13 -3.68494e-13 -5.0079e-14
Strain 0 0.00333333 0 0.00333333 0 0 0 0 0
Strain mean -3.3312e-19 0.00333333 2.54563e-18 0.00333333 -1.9163e-32 -1.84247e-18 2.54563e-18 -1.84247e-18 -1.49034e-33
Plastic strain_mean 1.49099e-17 0.00331298 0 0.00331298 -1.49099e-17 0 0 0 0
Plastic strain_rate_mean 0 0 0 0 0 0 0 0 0
Dissipation 0.00124172
End step 10
Begin step 11
Stress 2.33428e-13 4.11649 -1.75454e-12 4.11649 -3.46633e-13 3.64601e-12 -1.75454e-12 3.64601e-12 -3.39915e-14
Strain 0 0.00366667 0 0.00366667 0 0 0 0 0
Strain mean -2.26108e-19 0.00366667 -8.77268e-18 0.00366667 -1.45408e-32 1.82301e-17 -8.77268e-18 1.82301e-17 6.85511e-33
Plastic strain_mean -1.56321e-18 0.00364608 0 0.00364608 1.56321e-18 0 0 0 0
Plastic strain_rate_mean 0 0 0 0 0 0 0 0 0
Dissipation 0.00124883
End step 11
Begin step 12
Stress -5.82097e-13 4.16037 -1.21432e-12 4.16037 1.1551e-12 2.88492e-12 -1.21432e-12 2.88492e-12 1.72054e-13
Strain 0 0.004 0 0.004 0 0 0 0 0
Strain mean 1.14448e-18 0.004 -6.07158e-18 0.004 1.41074e-32 1.44246e-17 -6.07158e-18 1.44246e-17 3.97825e-33
Plastic strain_mean 4.91524e-18 0.0039792 0 0.0039792 -4.91524e-18 0 0 0 0
Plastic strain_rate_mean 0 0 0 0 0 0 0 0 0
Dissipation 0.00125567
End step 12
Begin step 13
Stress -7.58117e-13 4.20327 -9.33463e-13 4.20327 7.45785e-13 2.25249e-12 -9.33463e-13 2.25249e-12 -3.70309e-15
Strain 0 0.00433333 0 0.00433333 0 0 0 0 0
Strain mean -2.46325e-20 0.00433333 -4.66731e-18 0.00433333 -6.74075e-33 1.12624e-17 -4.66731e-18 1.12624e-17 2.72038e-33
Plastic strain_mean 3.74744e-18 0.00431232 0 0.00431232 -3.74744e-18 0 0 0 0
Plastic strain_rate_mean 0 0 0 0 0 0 0 0 0
Dissipation 0.00126227
End step 13
Begin step 14
Stress -2.8328e-12 4.24533 -1.83789e-12 4.24533 2.99173e-12 3.43557e-12 -1.83789e-12 3.43557e-12 4.77209e-14
Strain 0 0.00466667 0 0.00466667 0 0 0 0 0
Strain mean 3.17434e-19 0.00466667 -9.18944e-18 0.00466667 -3.49797e-32 1.71778e-17 -9.18944e-18 1.71778e-17 3.17778e-33
Plastic strain_mean 1.47201e-17 0.00464544 0 0.00464544 -1.47201e-17 0 0 0 0
Plastic strain_rate_mean 0 0 0 0 0 0 0 0 0
Dissipation 0.00126866
End step 14
Begin step 15
Stress -1.32511e-12 4.28664 -1.40574e-12 4.28664 1.72814e-12 2.67311e-12 -1.40574e-12 2.67311e-12 1.21014e-13
Strain 0 0.005 0 0.005 0 0 0 0 0
Strain mean 8.04972e-19 0.005 -7.0287e-18 0.005 -2.20278e-33 1.33655e-17 -7.0287e-18 1.33655e-17 4.20394e-33
Plastic strain_mean 8.03562e-18 0.00497857 0 0.00497857 -8.03562e-18 0 0 0 0
Plastic strain_rate_mean 0 0 0 0 0 0 0 0 0
Dissipation 0.00127485
End step 15
Begin step 16
Stress -2.14348e-12 4.32728 -1.4575e-12 4.32728 1.69081e-12 2.36228e-12 -1.4575e-12 2.36228e-12 -1.35922e-13
Strain 0 0.00533333 0 0.00533333 0 0 0 0 0
Strain mean -9.04141e-19 0.00533333 -7.28749e-18 0.00533333 2.63311e-33 1.18114e-17 -7.28749e-18 1.18114e-17 3.34931e-33
Plastic strain_mean 9.13365e-18 0.0053117 0 0.0053117 -9.13365e-18 0 0 0 0
Plastic strain_rate_mean 0 0 0 0 0 0 0 0 0
Dissipation 0.00128086
End step 16
Begin step 17
Stress -1.16745e-12 4.36732 -1.31359e-12 4.36732 8.53433e-13 1.76468e-12 -1.31359e-12 1.76468e-12 -9.4289e-14
Strain 0 0.00566667 0 0.00566667 0 0 0 0 0
Strain mean -6.27199e-19 0.00566667 -6.56796e-18 0.00566667 1.03037e-32 8.82342e-18 -6.56796e-18 8.82342e-18 1.96656e-33
Plastic strain_mean 4.73861e-18 0.00564483 0 0.00564483 -4.73861e-18 0 0 0 0
Plastic strain_rate_mean 0 0 0 0 0 0 0 0 0
Dissipation 0.00128671
End step 17
Begin step 18
Stress 1.74166e-12 4.40682 5.83032e-13 4.40682 -1.69e-12 -8.56192e-13 5.83032e-13 -8.56192e-13 1.5511e-14
Strain 0 0.006 0 0.006 0 0 0 0 0
Strain mean 1.03178e-19 0.006 2.91516e-18 0.006 -1.77186e-32 -4.28096e-18 2.91516e-18 -4.28096e-18 -2.23588e-33
Plastic strain_mean -8.52756e-18 0.00597797 0 0.00597797 8.52756e-18 0 0 0 0
Plastic strain_rate_mean 0 0 0 0 0 0 0 0 0
Dissipation 0.00129241
End step 18
Begin step 19
Stress -2.09767e-13 4.44584 -7.76157e-13 4.44584 1.27887e-12 1.65855e-12 -7.76157e-13 1.65855e-12 3.21016e-13
Strain 0 0.00633333 0 0.00633333 0 0 0 0 0
Strain mean 2.13536e-18 0.00633333 -3.88078e-18 0.00633333 -6.58427e-33 8.29274e-18 -3.88078e-18 8.29274e-18 2.76251e-33
Plastic strain_mean 4.78927e-18 0.0063111 0 0.0063111 -4.78927e-18 0 0 0 0
Plastic strain_rate_mean 0 0 0 0 0 0 0 0 0
Dissipation 0.00129797
End step 19
Begin step 20
Stress -1.12641e-12 4.48442 -5.13028e-13 4.48442 6.02849e-13 1.3954e-12 -5.13028e-13 1.3954e-12 -1.57207e-13
Strain 0 0.00666667 0 0.00666667 0 0 0 0 0
Strain mean -1.04572e-18 0.00666667 -2.56514e-18 0.00666667 -2.38334e-33 6.97698e-18 -2.56514e-18 6.97698e-18 1.78901e-33
Plastic strain_mean 3.80028e-18 0.00664424 0 0.00664424 -3.80028e-18 0 0 0 0
Plastic strain_rate_mean 0 0 0 0 0 0 0 0 0
Dissipation 0.00130339
End step 20
Begin step 21
Stress -8.17652e-13 4.52259 -9.52083e-13 4.52259 7.33737e-13 1.40643e-12 -9.52083e-13 1.40643e-12 -2.51967e-14
Strain 0 0.007 0 0.007 0 0 0 0 0
Strain mean -1.67606e-19 0.007 -4.76042e-18 0.007 -2.55186e-33 7.03213e-18 -4.76042e-18 7.03213e-18 1.70324e-33
Plastic strain_mean 3.79467e-18 0.00697739 0 0.00697739 -3.79467e-18 0 0 0 0
Plastic strain_rate_mean 0 0 0 0 0 0 0 0 0
Dissipation 0.00130869
End step 21
Begin step 22
Stress -7.96569e-13 4.56039 2.59736e-13 4.56039 3.35024e-13 4.55742e-13 2.59736e-13 4.55742e-13 -1.38586e-13
Strain 0 0.00733333 0 0.00733333 0 0 0 0 0
Strain mean -9.2186e-19 0.00733333 1.29868e-18 0.00733333 2.39643e-32 2.27871e-18 1.29868e-18 2.27871e-18 2.63913e-33
Plastic strain_mean 2.36805e-18 0.00731053 0 0.00731053 -2.36805e-18 0 0 0 0
Plastic strain_rate_mean 0 0 0 0 0 0 0 0 0
Dissipation 0.00131388
End step 22
Begin step 23
Stress -1.22813e-13 4.59785 -5.75238e-13 4.59785 8.50179e-13 1.08551e-12 -5.75238e-13 1.08551e-12 2.18404e-13
Strain 0 0.00766667 0 0.00766667 0 0 0 0 0
Strain mean 1.4528e-18 0.00766667 -2.87619e-18 0.00766667 -1.44445e-34 5.42755e-18 -2.87619e-18 5.42755e-18 1.75365e-33
Plastic strain_mean 3.15888e-18 0.00764368 0 0.00764368 -3.15888e-18 0 0 0 0
Plastic strain_rate_mean 0 0 0 0 0 0 0 0 0
Dissipation 0.00131896
End step 23
Begin step 24
Stress -7.11264e-13 4.635 -5.89872e-13 4.635 4.61324e-13 1.15497e-12 -5.89872e-13 1.15497e-12 -7.50486e-14
Strain 0 0.008 0 0.008 0 0 0 0 0
Strain mean -4.99215e-19 0.008 -2.94936e-18 0.008 -3.49075e-34 5.77483e-18 -2.94936e-18 5.77483e-18 1.57385e-33
Plastic strain_mean 2.68186e-18 0.00797682 0 0.00797682 -2.68186e-18 0 0 0 0
Plastic strain_rate_mean 0 0 0 0 0 0 0 0 0
Dissipation 0.00132393
End step 24
Begin step 25
Stress 1.88735e-13 4.67187 1.42808e-13 4.67187 -9.23134e-14 -1.23529e-12 1.42808e-13 -1.23529e-12 2.89522e-14
Strain 0 0.00833333 0 0.00833333 0 0 0 0 0
Strain mean 1.92587e-19 0.00833333 7.14038e-19 0.00833333 3.46667e-33 -6.17645e-18 7.14038e-19 -6.17645e-18 -6.74075e-34
Plastic strain_mean -6.06328e-19 0.00830997 0 0.00830997 6.06328e-19 0 0 0 0
Plastic strain_rate_mean 0 0 0 0 0 0 0 0 0
Dissipation 0.0013288
End step 25
Begin step 26
Stress 2.8022e-12 4.70846 -1.56017e-13 4.70846 -2.38461e-12 5.15429e-13 -1.56017e-13 5.15429e-13 1.2539e-13
Strain 0 0.00866667 0 0.00866667 0 0 0 0 0
Strain mean 8.34078e-19 0.00866667 -7.80083e-19 0.00866667 -2.70593e-32 2.57715e-18 -7.80083e-19 2.57715e-18 3.20186e-33
Plastic strain_mean -1.255e-17 0.00864312 0 0.00864312 1.255e-17 0 0 0 0
Plastic strain_rate_mean 0 0 0 0 0 0 0 0 0
Dissipation 0.00133359
End step 26
Begin step 27
Stress 1.91082e-13 4.7448 8.39083e-13 4.7448 -9.93724e-13 -1.30182e-12 8.39083e-13 -1.30182e-12 -2.41006e-13
Strain 0 0.009 0 0.009 0 0 0 0 0
Strain mean -1.60315e-18 0.009 4.19541e-18 0.009 -3.5389e-33 -6.50912e-18 4.19541e-18 -6.50912e-18 -5.41668e-35
Plastic strain_mean -3.76359e-18 0.00897628 0 0.00897628 3.76359e-18 0 0 0 0
Plastic strain_rate_mean 0 0 0 0 0 0 0 0 0
Dissipation 0.00133828
End step 27
Begin step 28
Stress -2.74606e-12 4.78092 -7.73212e-13 4.78092 3.23751e-12 -1.37991e-12 -7.73212e-13 -1.37991e-12 1.47565e-13
Strain 0 0.00933333 0 0.00933333 0 0 0 0 0
Strain mean 9.81582e-19 0.00933333 -3.86606e-18 0.00933333 5.77779e-34 -6.89957e-18 -3.86606e-18 -6.89957e-18 -8.07499e-33
Plastic strain_mean 1.54497e-17 0.00930943 0 0.00930943 -1.54497e-17 0 0 0 0
Plastic strain_rate_mean 0 0 0 0 0 0 0 0 0
Dissipation 0.00134289
End step 28
Begin step 29
Stress -4.15438e-13 4.81682 4.47457e-13 4.81682 -5.44882e-13 -1.04796e-12 4.47457e-13 -1.04796e-12 -2.88352e-13
Strain 0 0.00966667 0 0.00966667 0 0 0 0 0
Strain mean -1.91808e-18 0.00966667 2.23729e-18 0.00966667 -6.74075e-33 -5.23982e-18 2.23729e-18 -5.23982e-18 -4.21297e-35
Plastic strain_mean -1.28265e-18 0.00964258 0 0.00964258 1.28265e-18 0 0 0 0
Plastic strain_rate_mean 0 0 0 0 0 0 0 0 0
Dissipation 0.00134741
End step 29
Begin step 30
Stress -3.28195e-12 4.85251 -1.41729e-12 4.85251 3.72185e-12 -1.16027e-12 -1.41729e-12 -1.16027e-12 1.32088e-13
Strain 0 0.01 0 0.01 0 0 0 0 0
Strain mean 8.78637e-19 0.01 -7.08643e-18 0.01 -2.24371e-32 -5.80136e-18 -7.08643e-18 -5.80136e-18 -5.98712e-33
Plastic strain_mean 1.79488e-17 0.00997574 0 0.00997574 -1.79488e-17 0 0 0 0
Plastic strain_rate_mean 0 0 0 0 0 0 0 0 0
Dissipation 0.00135186
End step 30
