Begin step 0
Stress 0 0 0 0 0 0 0 0 0
Strain 0 0 0 0 0 0 0 0 0
Strain mean 0 0 0 0 0 0 0 0 0
Plastic strain_mean 0 0 0 0 0 0 0 0 0
Plastic strain_rate_mean 0 0 0 0 0 0 0 0 0
Dissipation 0
End step 0
Begin step 1
Stress 1.34253e-13 66.5833 -4.48428e-12 66.5833 -1.095e-13 2.88197e-12 -4.48428e-12 2.88197e-12 7.43237e-15
Strain 0 0.000333333 0 0.000333333 0 0 0 0 0
Strain mean 4.94393e-20 0.000333333 -2.24214e-17 0.000333333 -6.50302e-33 1.44099e-17 -2.24214e-17 1.44099e-17 -4.42362e-34
Plastic strain_mean -5.84663e-19 4.16588e-07 0 4.16588e-07 5.84663e-19 0 0 0 0
Plastic strain_rate_mean 0 0 0 0 0 0 0 0 0
Dissipation 2.77377e-05
End step 1
Begin step 2
Stress 8.69707e-13 114.521 1.31392e-12 114.521 -8.81734e-13 1.22539e-12 1.31392e-12 1.22539e-12 -3.61138e-15
Strain 0 0.000666667 0 0.000666667 0 0 0 0 0
Strain mean -2.40225e-20 0.000666667 6.56958e-18 0.000666667 -1.05926e-33 6.12693e-18 6.56958e-18 6.12693e-18 4.36344e-33
Plastic strain_mean -4.39061e-18 9.40615e-05 0 9.40615e-05 4.39061e-18 0 0 0 0
Plastic strain_rate_mean 0 0 0 0 0 0 0 0 0
Dissipation 0.0107209
End step 2
Begin step 3
Stress 1.19615e-12 127.499 -1.4666e-13 127.499 -1.3909e-12 -1.55726e-12 -1.4666e-13 -1.55726e-12 -5.84765e-14
Strain 0 0.001 0 0.001 0 0 0 0 0
Strain mean -3.88979e-19 0.001 -7.333e-19 0.001 6.9514e-34 -7.78629e-18 -7.333e-19 -7.78629e-18 9.62965e-35
Plastic strain_mean -6.6621e-18 0.000362506 0 0.000362506 6.6621e-18 0 0 0 0
Plastic strain_rate_mean 0 0 0 0 0 0 0 0 0
Dissipation 0.0341935
End step 3
Begin step 4
Stress 1.32027e-13 130.077 -8.67519e-13 130.077 -1.73737e-13 7.70246e-13 -8.67519e-13 7.70246e-13 -1.25241e-14
Strain 0 0.00133333 0 0.00133333 0 0 0 0 0
Strain mean -8.3309e-20 0.00133333 -4.33759e-18 0.00133333 1.85371e-33 3.85123e-18 -4.33759e-18 3.85123e-18 -1.31956e-33
Plastic strain_mean -8.06064e-19 0.000682946 0 0.000682946 8.06064e-19 0 0 0 0
Plastic strain_rate_mean 0 0 0 0 0 0 0 0 0
Dissipation 0.0416163
End step 4
Begin step 5
Stress 1.10858e-12 130.759 9.25391e-13 130.759 -1.31535e-12 -2.51434e-12 9.25391e-13 -2.51434e-12 -6.20878e-14
Strain 0 0.00166667 0 0.00166667 0 0 0 0 0
Strain mean -4.13001e-19 0.00166667 4.62696e-18 0.00166667 1.50463e-34 -1.25717e-17 4.62696e-18 -1.25717e-17 -1.14352e-34
Plastic strain_mean -6.26633e-18 0.00101287 0 0.00101287 6.26633e-18 0 0 0 0
Plastic strain_rate_mean 0 0 0 0 0 0 0 0 0
Dissipation 0.0430497
End step 5
Begin step 6
Stress -3.08272e-13 131.118 1.29136e-12 131.118 3.26276e-13 -1.288e-12 1.29136e-12 -1.288e-12 5.40616e-15
Strain 0 0.002 0 0.002 0 0 0 0 0
Strain mean 3.59611e-20 0.002 6.4568e-18 0.002 7.94446e-34 -6.44001e-18 6.4568e-18 -6.44001e-18 -6.04862e-34
Plastic strain_mean 1.60435e-18 0.00134441 0 0.00134441 -1.60435e-18 0 0 0 0
Plastic strain_rate_mean 0 0 0 0 0 0 0 0 0
Dissipation 0.0433585
End step 6
Begin step 7
Stress -3.73327e-12 131.42 -6.62366e-13 131.42 3.73301e-12 -4.94483e-12 -6.62366e-13 -4.94483e-12 -7.86033e-17
Strain 0 0.00233333 0 0.00233333 0 0 0 0 0
Strain mean -5.2286e-22 0.00233333 -3.31183e-18 0.00233333 3.22593e-33 -2.47241e-17 -3.31183e-18 -2.47241e-17 -5.30383e-33
Plastic strain_mean 1.86655e-17 0.00167623 0 0.00167623 -1.86655e-17 0 0 0 0
Plastic strain_rate_mean 0 0 0 0 0 0 0 0 0
Dissipation 0.043478
End step 7
Begin step 8
Stress -3.26525e-12 131.708 -7.23183e-13 131.708 3.143e-12 -3.8307e-12 -7.23183e-13 -3.8307e-12 -3.67077e-14
Strain 0 0.00266667 0 0.00266667 0 0 0 0 0
Strain mean -2.44176e-19 0.00266667 -3.61591e-18 0.00266667 1.36019e-33 -1.91535e-17 -3.61591e-18 -1.91535e-17 -4.73809e-33
Plastic strain_mean 1.58985e-17 0.00200812 0 0.00200812 -1.58985e-17 0 0 0 0
Plastic strain_rate_mean 0 0 0 0 0 0 0 0 0
Dissipation 0.0435654
End step 8
Begin step 9
Stress -2.43506e-12 131.992 -3.84454e-13 131.992 2.68543e-12 -2.9567e-12 -3.84454e-13 -2.9567e-12 7.51796e-14
Strain 0 0.003 0 0.003 0 0 0 0 0
Strain mean 5.00086e-19 0.003 -1.92227e-18 0.003 2.3713e-33 -1.47835e-17 -1.92227e-18 -1.47835e-17 -2.922e-33
Plastic strain_mean 1.30513e-17 0.00234004 0 0.00234004 -1.30513e-17 0 0 0 0
Plastic strain_rate_mean 0 0 0 0 0 0 0 0 0
Dissipation 0.043647
End step 9
Begin step 10
Stress -1.83905e-12 132.272 -6.44754e-13 132.272 2.02567e-12 -2.2856e-12 -6.44754e-13 -2.2856e-12 5.60354e-14
Strain 0 0.00333333 0 0.00333333 0 0 0 0 0
Strain mean 3.72741e-19 0.00333333 -3.22377e-18 0.00333333 -2.07037e-33 -1.1428e-17 -3.22377e-18 -1.1428e-17 -2.4834e-33
Plastic strain_mean 9.84818e-18 0.00267197 0 0.00267197 -9.84818e-18 0 0 0 0
Plastic strain_rate_mean 0 0 0 0 0 0 0 0 0
Dissipation 0.0437271
End step 10
Begin step 11
Stress -1.39511e-12 132.55 -2.92682e-13 132.55 1.59365e-12 -1.74561e-12 -2.92682e-13 -1.74561e-12 5.96162e-14
Strain 0 0.00366667 0 0.00366667 0 0 0 0 0
Strain mean 3.9656e-19 0.00366667 -1.46341e-18 0.00366667 7.82409e-35 -8.72804e-18 -1.46341e-18 -8.72804e-18 -2.56841e-33
Plastic strain_mean 7.67019e-18 0.00300392 0 0.00300392 -7.67019e-18 0 0 0 0
Plastic strain_rate_mean 0 0 0 0 0 0 0 0 0
Dissipation 0.0438065
End step 11
Begin step 12
Stress -1.1821e-12 132.826 -1.29659e-13 132.826 1.09356e-12 -1.25209e-12 -1.29659e-13 -1.25209e-12 -2.65854e-14
Strain 0 0.004 0 0.004 0 0 0 0 0
Strain mean -1.76843e-19 0.004 -6.48295e-19 0.004 -3.73149e-34 -6.26043e-18 -6.48295e-19 -6.26043e-18 -1.48883e-33
Plastic strain_mean 5.60071e-18 0.00333587 0 0.00333587 -5.60071e-18 0 0 0 0
Plastic strain_rate_mean 0 0 0 0 0 0 0 0 0
Dissipation 0.0438856
End step 12
Begin step 13
Stress -1.18783e-12 133.1 -1.33362e-13 133.1 9.52815e-13 -1.04189e-12 -1.33362e-13 -1.04189e-12 -7.05683e-14
Strain 0 0.00433333 0 0.00433333 0 0 0 0 0
Strain mean -4.69412e-19 0.00433333 -6.66809e-19 0.00433333 -7.82409e-35 -5.20943e-18 -6.66809e-19 -5.20943e-18 -9.11431e-34
Plastic strain_mean 5.11691e-18 0.00366783 0 0.00366783 -5.11691e-18 0 0 0 0
Plastic strain_rate_mean 0 0 0 0 0 0 0 0 0
Dissipation 0.0439644
End step 13
Begin step 14
Stress -5.88256e-13 133.373 -7.02219e-14 133.373 9.29498e-13 -8.02231e-13 -7.02219e-14 -8.02231e-13 1.02464e-13
Strain 0 0.00466667 0 0.00466667 0 0 0 0 0
Strain mean 6.81577e-19 0.00466667 -3.5111e-19 0.00466667 -4.12269e-34 -4.01115e-18 -3.5111e-19 -4.01115e-18 -6.11257e-34
Plastic strain_mean 4.13517e-18 0.0039998 0 0.0039998 -4.13517e-18 0 0 0 0
Plastic strain_rate_mean 0 0 0 0 0 0 0 0 0
Dissipation 0.0440428
End step 14
Begin step 15
Stress -1.10825e-12 133.645 -6.0379e-12 133.645 1.49748e-12 -5.67672e-13 -6.0379e-12 -5.67672e-13 1.16874e-13
Strain 0 0.005 0 0.005 0 0 0 0 0
Strain mean 7.77434e-19 0.005 -3.01895e-17 0.005 -4.32131e-33 -2.83836e-18 -3.01895e-17 -2.83836e-18 5.45411e-33
Plastic strain_mean 6.90304e-18 0.00433178 0 0.00433178 -6.90304e-18 0 0 0 0
Plastic strain_rate_mean 0 0 0 0 0 0 0 0 0
Dissipation 0.0441211
End step 15
Begin step 16
Stress -1.50701e-12 133.916 -4.74032e-12 133.916 1.30782e-12 -2.96306e-13 -4.74032e-12 -2.96306e-13 -5.98083e-14
Strain 0 0.00533333 0 0.00533333 0 0 0 0 0
Strain mean -3.97838e-19 0.00533333 -2.37016e-17 0.00533333 2.76251e-33 -1.48153e-18 -2.37016e-17 -1.48153e-18 4.97704e-33
Plastic strain_mean 6.83817e-18 0.00466376 0 0.00466376 -6.83817e-18 0 0 0 0
Plastic strain_rate_mean 0 0 0 0 0 0 0 0 0
Dissipation 0.0441992
End step 16
Begin step 17
Stress -1.30539e-12 134.185 -4.08735e-12 134.185 1.119e-12 -1.20476e-13 -4.08735e-12 -1.20476e-13 -5.59655e-14
Strain 0 0.00566667 0 0.00566667 0 0 0 0 0
Strain mean -3.72276e-19 0.00566667 -2.04367e-17 0.00566667 -1.02315e-33 -6.0238e-19 -2.04367e-17 -6.0238e-19 3.85205e-33
Plastic strain_mean 5.87483e-18 0.00499574 0 0.00499574 -5.87483e-18 0 0 0 0
Plastic strain_rate_mean 0 0 0 0 0 0 0 0 0
Dissipation 0.0442771
End step 17
Begin step 18
Stress -1.21868e-12 134.454 -3.41093e-12 134.454 1.14078e-12 7.4029e-16 -3.41093e-12 7.4029e-16 -2.33888e-14
Strain 0 0.006 0 0.006 0 0 0 0 0
Strain mean -1.5558e-19 0.006 -1.70547e-17 0.006 -2.67825e-33 3.70145e-21 -1.70547e-17 3.70145e-21 3.65739e-33
Plastic strain_mean 5.82087e-18 0.00532773 0 0.00532773 -5.82087e-18 0 0 0 0
Plastic strain_rate_mean 0 0 0 0 0 0 0 0 0
Dissipation 0.0443549
End step 18
Begin step 19
Stress -1.26273e-12 134.722 -2.63793e-12 134.722 7.27364e-13 4.66969e-14 -2.63793e-12 4.66969e-14 -1.60752e-13
Strain 0 0.00633333 0 0.00633333 0 0 0 0 0
Strain mean -1.06931e-18 0.00633333 -1.31897e-17 0.00633333 -1.37824e-33 2.33485e-19 -1.31897e-17 2.33485e-19 3.93461e-33
Plastic strain_mean 4.44058e-18 0.00565972 0 0.00565972 -4.44058e-18 0 0 0 0
Plastic strain_rate_mean 0 0 0 0 0 0 0 0 0
Dissipation 0.0444326
End step 19
Begin step 20
Stress -4.21592e-13 134.99 -2.19913e-12 134.99 8.97621e-13 7.20181e-14 -2.19913e-12 7.20181e-14 1.42936e-13
Strain 0 0.00666667 0 0.00666667 0 0 0 0 0
Strain mean 9.50792e-19 0.00666667 -1.09957e-17 0.00666667 -1.15556e-33 3.6009e-19 -1.09957e-17 3.6009e-19 3.0055e-33
Plastic strain_mean 3.77343e-18 0.00599172 0 0.00599172 -3.77343e-18 0 0 0 0
Plastic strain_rate_mean 0 0 0 0 0 0 0 0 0
Dissipation 0.0445102
End step 20
Begin step 21
Stress -9.28904e-13 135.257 -1.42195e-12 135.257 6.99295e-13 7.96162e-14 -1.42195e-12 7.96162e-14 -6.89438e-14
Strain 0 0.007 0 0.007 0 0 0 0 0
Strain mean -4.58606e-19 0.007 -7.10974e-18 0.007 1.12847e-33 3.98081e-19 -7.10974e-18 3.98081e-19 2.8746e-33
Plastic strain_mean 3.84119e-18 0.00632371 0 0.00632371 -3.84119e-18 0 0 0 0
Plastic strain_rate_mean 0 0 0 0 0 0 0 0 0
Dissipation 0.0445877
End step 21
Begin step 22
Stress -1.08495e-12 135.524 -1.73187e-12 135.524 5.38297e-13 8.1209e-14 -1.73187e-12 8.1209e-14 -1.64141e-13
Strain 0 0.00733333 0 0.00733333 0 0 0 0 0
Strain mean -1.09185e-18 0.00733333 -8.65933e-18 0.00733333 1.72356e-33 4.06045e-19 -8.65933e-18 4.06045e-19 1.94624e-33
Plastic strain_mean 3.51219e-18 0.00665572 0 0.00665572 -3.51219e-18 0 0 0 0
Plastic strain_rate_mean 0 0 0 0 0 0 0 0 0
Dissipation 0.0446651
End step 22
Begin step 23
Stress -2.99986e-13 135.79 -1.16231e-12 135.79 1.12907e-12 3.58976e-14 -1.16231e-12 3.58976e-14 2.48945e-13
Strain 0 0.00766667 0 0.00766667 0 0 0 0 0
Strain mean 1.65596e-18 0.00766667 -5.81157e-18 0.00766667 4.81482e-35 1.79488e-19 -5.81157e-18 1.79488e-19 2.02749e-33
Plastic strain_mean 4.40061e-18 0.00698772 0 0.00698772 -4.40061e-18 0 0 0 0
Plastic strain_rate_mean 0 0 0 0 0 0 0 0 0
Dissipation 0.0447424
End step 23
Begin step 24
Stress 4.32139e-14 136.055 -2.1225e-12 136.055 -7.5339e-13 7.33959e-14 -2.1225e-12 7.33959e-14 -2.13242e-13
Strain 0 0.008 0 0.008 0 0 0 0 0
Strain mean -1.41846e-18 0.008 -1.06125e-17 0.008 4.36344e-34 3.66979e-19 -1.06125e-17 3.66979e-19 6.9815e-34
Plastic strain_mean -2.70074e-18 0.00731972 0 0.00731972 2.70074e-18 0 0 0 0
Plastic strain_rate_mean 0 0 0 0 0 0 0 0 0
Dissipation 0.0448197
End step 24
Begin step 25
Stress 6.02305e-13 136.321 -1.37471e-12 136.321 -4.28484e-13 5.70233e-14 -1.37471e-12 5.70233e-14 5.21926e-14
Strain 0 0.00833333 0 0.00833333 0 0 0 0 0
Strain mean 3.47179e-19 0.00833333 -6.87353e-18 0.00833333 4.25811e-34 2.85116e-19 -6.87353e-18 2.85116e-19 1.08935e-33
Plastic strain_mean -2.40338e-18 0.00765173 0 0.00765173 2.40338e-18 0 0 0 0
Plastic strain_rate_mean 0 0 0 0 0 0 0 0 0
Dissipation 0.0448969
End step 25
Begin step 26
Stress 5.29427e-13 136.586 -1.23224e-12 136.586 1.65266e-14 -1.04609e-14 -1.23224e-12 -1.04609e-14 1.63931e-13
Strain 0 0.00866667 0 0.00866667 0 0 0 0 0
Strain mean 1.09045e-18 0.00866667 -6.16118e-18 0.00866667 -1.05926e-33 -5.23045e-20 -6.16118e-18 -5.23045e-20 9.47919e-34
Plastic strain_mean -7.37024e-19 0.00798374 0 0.00798374 7.37024e-19 0 0 0 0
Plastic strain_rate_mean 0 0 0 0 0 0 0 0 0
Dissipation 0.044974
End step 26
Begin step 27
Stress 8.41334e-13 136.85 -8.13584e-13 136.85 -3.36601e-14 -4.53533e-14 -8.13584e-13 -4.53533e-14 2.42517e-13
Strain 0 0.009 0 0.009 0 0 0 0 0
Strain mean 1.6132e-18 0.009 -4.06792e-18 0.009 1.14051e-33 -2.26767e-19 -4.06792e-18 -2.26767e-19 1.33611e-33
Plastic strain_mean -1.38089e-18 0.00831575 0 0.00831575 1.38089e-18 0 0 0 0
Plastic strain_rate_mean 0 0 0 0 0 0 0 0 0
Dissipation 0.0450511
End step 27
Begin step 28
Stress 5.52853e-13 137.115 -6.88641e-13 137.115 -3.84877e-14 -1.15599e-13 -6.88641e-13 -1.15599e-13 1.54447e-13
Strain 0 0.00933333 0 0.00933333 0 0 0 0 0
Strain mean 1.02736e-18 0.00933333 -3.44321e-18 0.00933333 -1.11343e-33 -5.77997e-19 -3.44321e-18 -5.77997e-19 4.48381e-34
Plastic strain_mean -9.64672e-19 0.00864776 0 0.00864776 9.64672e-19 0 0 0 0
Plastic strain_rate_mean 0 0 0 0 0 0 0 0 0
Dissipation 0.0451282
End step 28
Begin step 29
Stress 8.1018e-13 137.379 -7.19479e-13 137.379 -2.88484e-13 -1.43974e-13 -7.19479e-13 -1.43974e-13 1.56648e-13
Strain 0 0.00966667 0 0.00966667 0 0 0 0 0
Strain mean 1.042e-18 0.00966667 -3.59739e-18 0.00966667 6.92131e-34 -7.19869e-19 -3.59739e-18 -7.19869e-19 -3.897e-34
Plastic strain_mean -2.22566e-18 0.00897977 0 0.00897977 2.22566e-18 0 0 0 0
Plastic strain_rate_mean 0 0 0 0 0 0 0 0 0
Dissipation 0.0452052
End step 29
Begin step 30
Stress 2.73989e-13 137.643 -1.4596e-13 137.643 -2.24775e-13 -2.03244e-13 -1.4596e-13 -2.03244e-13 1.47774e-14
Strain 0 0.01 0 0.01 0 0 0 0 0
Strain mean 9.82977e-20 0.01 -7.29801e-19 0.01 -8.33567e-34 -1.01622e-18 -7.29801e-19 -1.01622e-18 4.45371e-34
Plastic strain_mean -1.19776e-18 0.00931179 0 0.00931179 1.19776e-18 0 0 0 0
Plastic strain_rate_mean 0 0 0 0 0 0 0 0 0
Dissipation 0.0452822
End step 30
