Begin step 0
Stress 0 0 0 0 0 0 0 0 0
Strain 0 0 0 0 0 0 0 0 0
Strain mean 0 0 0 0 0 0 0 0 0
Plastic strain_mean 0 0 0 0 0 0 0 0 0
Plastic strain_rate_mean 0 0 0 0 0 0 0 0 0
Dissipation 0
End step 0
Begin step 1
Stress 3.69816e-14 66.4259 2.75453e-12 66.4259 -1.38724e-14 -3.17403e-12 2.75453e-12 -3.17403e-12 6.93892e-15
Strain 0 0.000333333 0 0.000333333 0 0 0 0 0
Strain mean 4.61569e-20 0.000333333 1.37726e-17 0.000333333 -8.10817e-32 -1.58702e-17 1.37726e-17 -1.58702e-17 -1.52871e-33
Plastic strain_mean -1.04057e-19 1.20383e-06 0 1.20383e-06 1.04057e-19 0 0 0 0
Plastic strain_rate_mean 0 0 0 0 0 0 0 0 0
Dissipation 7.9965e-05
End step 1
Begin step 2
Stress 3.71668e-12 105.111 -3.85403e-12 105.111 -3.66781e-12 5.63837e-12 -3.85403e-12 5.63837e-12 1.46726e-14
Strain 0 0.000666667 0 0.000666667 0 0 0 0 0
Strain mean 9.76005e-20 0.000666667 -1.92701e-17 0.000666667 -3.5389e-33 2.81918e-17 -1.92701e-17 2.81918e-17 1.50463e-34
Plastic strain_mean -1.84124e-17 0.000141114 0 0.000141114 1.84124e-17 0 0 0 0
Plastic strain_rate_mean 0 0 0 0 0 0 0 0 0
Dissipation 0.0147017
End step 2
Begin step 3
Stress 5.10614e-13 105.613 2.33626e-12 105.613 -5.33316e-13 -8.28079e-13 2.33626e-12 -8.28079e-13 -6.81665e-15
Strain 0 0.001 0 0.001 0 0 0 0 0
Strain mean -4.53436e-20 0.001 1.16813e-17 0.001 5.29631e-33 -4.1404e-18 1.16813e-17 -4.1404e-18 -3.02205e-33
Plastic strain_mean -2.6325e-18 0.000471935 0 0.000471935 2.6325e-18 0 0 0 0
Plastic strain_rate_mean 0 0 0 0 0 0 0 0 0
Dissipation 0.0349213
End step 3
Begin step 4
Stress 2.23711e-13 105.828 3.20106e-12 105.828 -1.96311e-13 -4.39978e-12 3.20106e-12 -4.39978e-12 8.22714e-15
Strain 0 0.00133333 0 0.00133333 0 0 0 0 0
Strain mean 5.4726e-20 0.00133333 1.60053e-17 0.00133333 5.82594e-33 -2.19989e-17 1.60053e-17 -2.19989e-17 1.25562e-33
Plastic strain_mean -1.02269e-18 0.000804193 0 0.000804193 1.02269e-18 0 0 0 0
Plastic strain_rate_mean 0 0 0 0 0 0 0 0 0
Dissipation 0.0351349
End step 4
Begin step 5
Stress -3.58761e-12 106.043 -6.86695e-12 106.043 3.58702e-12 -1.45897e-12 -6.86695e-12 -1.45897e-12 -1.79041e-16
Strain 0 0.00166667 0 0.00166667 0 0 0 0 0
Strain mean -1.19096e-21 0.00166667 -3.43348e-17 0.00166667 -6.69261e-33 -7.29487e-18 -3.43348e-17 -7.29487e-18 -1.73936e-33
Plastic strain_mean 1.7936e-17 0.00113645 0 0.00113645 -1.7936e-17 0 0 0 0
Plastic strain_rate_mean 0 0 0 0 0 0 0 0 0
Dissipation 0.0351968
End step 5
Begin step 6
Stress -9.83982e-14 106.258 -7.51386e-12 106.258 -1.01179e-13 5.27224e-12 -7.51386e-12 5.27224e-12 -5.99262e-14
Strain 0 0.002 0 0.002 0 0 0 0 0
Strain mean -3.98623e-19 0.002 -3.75693e-17 0.002 -1.07506e-33 2.63612e-17 -3.75693e-17 2.63612e-17 -1.26765e-34
Plastic strain_mean -2.06263e-19 0.00146871 0 0.00146871 2.06263e-19 0 0 0 0
Plastic strain_rate_mean 0 0 0 0 0 0 0 0 0
Dissipation 0.0352585
End step 6
Begin step 7
Stress -5.70036e-13 106.473 -1.02e-11 106.473 6.65207e-13 -1.37583e-12 -1.02e-11 -1.37583e-12 2.85767e-14
Strain 0 0.00233333 0 0.00233333 0 0 0 0 0
Strain mean 1.90089e-19 0.00233333 -5.10001e-17 0.00233333 -6.03094e-33 -6.87917e-18 -5.10001e-17 -6.87917e-18 -1.47379e-33
Plastic strain_mean 3.18315e-18 0.00180097 0 0.00180097 -3.18315e-18 0 0 0 0
Plastic strain_rate_mean 0 0 0 0 0 0 0 0 0
Dissipation 0.0353202
End step 7
Begin step 8
Stress 1.29566e-12 106.689 1.8476e-12 106.689 -2.00732e-12 -2.75857e-14 1.8476e-12 -2.75857e-14 -2.13687e-13
Strain 0 0.00266667 0 0.00266667 0 0 0 0 0
Strain mean -1.42142e-18 0.00266667 9.23802e-18 0.00266667 -1.72852e-32 -1.37928e-19 9.23802e-18 -1.37928e-19 -8.24915e-34
Plastic strain_mean -8.96818e-18 0.00213322 0 0.00213322 8.96818e-18 0 0 0 0
Plastic strain_rate_mean 0 0 0 0 0 0 0 0 0
Dissipation 0.0353819
End step 8
Begin step 9
Stress -3.21814e-13 106.904 -8.87792e-12 106.904 -1.77194e-13 -5.19137e-13 -8.87792e-12 -5.19137e-13 -1.49835e-13
Strain 0 0.003 0 0.003 0 0 0 0 0
Strain mean -9.96687e-19 0.003 -4.43896e-17 0.003 6.50001e-33 -2.59569e-18 -4.43896e-17 -2.59569e-18 -3.01994e-33
Plastic strain_mean -1.36791e-19 0.00246548 0 0.00246548 1.36791e-19 0 0 0 0
Plastic strain_rate_mean 0 0 0 0 0 0 0 0 0
Dissipation 0.0354437
End step 9
Begin step 10
Stress 5.3781e-13 107.12 -4.4297e-12 107.12 -4.85455e-13 4.10685e-13 -4.4297e-12 4.10685e-13 1.57207e-14
Strain 0 0.00333333 0 0.00333333 0 0 0 0 0
Strain mean 1.04572e-19 0.00333333 -2.21485e-17 0.00333333 9.82224e-33 2.05342e-18 -2.21485e-17 2.05342e-18 -2.03351e-33
Plastic strain_mean -2.50588e-18 0.00279773 0 0.00279773 2.50588e-18 0 0 0 0
Plastic strain_rate_mean 0 0 0 0 0 0 0 0 0
Dissipation 0.0355055
End step 10
Begin step 11
Stress 9.21167e-13 107.335 -5.30538e-12 107.335 -6.8766e-13 2.23702e-12 -5.30538e-12 2.23702e-12 7.01141e-14
Strain 0 0.00366667 0 0.00366667 0 0 0 0 0
Strain mean 4.66391e-19 0.00366667 -2.65269e-17 0.00366667 -2.41945e-33 1.11851e-17 -2.65269e-17 1.11851e-17 1.08334e-34
Plastic strain_mean -3.78887e-18 0.00312999 0 0.00312999 3.78887e-18 0 0 0 0
Plastic strain_rate_mean 0 0 0 0 0 0 0 0 0
Dissipation 0.0355672
End step 11
Begin step 12
Stress 2.99966e-13 107.551 -2.82677e-12 107.551 -7.94785e-13 1.13629e-12 -2.82677e-12 1.13629e-12 -1.48578e-13
Strain 0 0.004 0 0.004 0 0 0 0 0
Strain mean -9.88321e-19 0.004 -1.41338e-17 0.004 -8.42594e-35 5.68145e-18 -1.41338e-17 5.68145e-18 -5.55209e-34
Plastic strain_mean -3.23104e-18 0.00346225 0 0.00346225 3.23104e-18 0 0 0 0
Plastic strain_rate_mean 0 0 0 0 0 0 0 0 0
Dissipation 0.035629
End step 12
Begin step 13
Stress -4.26206e-12 107.766 -3.18007e-12 107.766 4.64856e-12 6.59906e-14 -3.18007e-12 6.59906e-14 1.16053e-13
Strain 0 0.00433333 0 0.00433333 0 0 0 0 0
Strain mean 7.71974e-19 0.00433333 -1.59004e-17 0.00433333 -1.36019e-33 3.29953e-19 -1.59004e-17 3.29953e-19 -1.49861e-33
Plastic strain_mean 2.26625e-17 0.0037945 0 0.0037945 -2.26625e-17 0 0 0 0
Plastic strain_rate_mean 0 0 0 0 0 0 0 0 0
Dissipation 0.0356908
End step 13
Begin step 14
Stress -2.45691e-12 107.982 -1.6122e-12 107.982 2.15929e-12 3.15454e-14 -1.6122e-12 3.15454e-14 -8.93632e-14
Strain 0 0.00466667 0 0.00466667 0 0 0 0 0
Strain mean -5.94434e-19 0.00466667 -8.06098e-18 0.00466667 -2.43751e-34 1.57727e-19 -8.06098e-18 1.57727e-19 -2.10649e-34
Plastic strain_mean 1.12433e-17 0.00412676 0 0.00412676 -1.12433e-17 0 0 0 0
Plastic strain_rate_mean 0 0 0 0 0 0 0 0 0
Dissipation 0.0357525
End step 14
Begin step 15
Stress 2.04056e-13 108.198 -2.14474e-13 108.198 1.27123e-13 -2.8997e-15 -2.14474e-13 -2.8997e-15 9.94419e-14
Strain 0 0.005 0 0.005 0 0 0 0 0
Strain mean 6.61476e-19 0.005 -1.07237e-18 0.005 4.48381e-34 -1.44985e-20 -1.07237e-18 -1.44985e-20 2.21087e-34
Plastic strain_mean 1.38404e-19 0.00445901 0 0.00445901 -1.38404e-19 0 0 0 0
Plastic strain_rate_mean 0 0 0 0 0 0 0 0 0
Dissipation 0.0358143
End step 15
Begin step 16
Stress -2.33366e-12 108.413 -1.60029e-12 108.413 2.40824e-12 4.3198e-14 -1.60029e-12 4.3198e-14 2.23932e-14
Strain 0 0.00533333 0 0.00533333 0 0 0 0 0
Strain mean 1.48957e-19 0.00533333 -8.00144e-18 0.00533333 -8.12502e-34 2.1599e-19 -8.00144e-18 2.1599e-19 -3.18982e-34
Plastic strain_mean 1.19292e-17 0.00479127 0 0.00479127 -1.19292e-17 0 0 0 0
Plastic strain_rate_mean 0 0 0 0 0 0 0 0 0
Dissipation 0.0358761
End step 16
Begin step 17
Stress -4.40519e-12 108.629 -2.76647e-12 108.629 4.9241e-12 8.92957e-14 -2.76647e-12 8.92957e-14 1.55809e-13
Strain 0 0.00566667 0 0.00566667 0 0 0 0 0
Strain mean 1.03642e-18 0.00566667 -1.38323e-17 0.00566667 2.26899e-33 4.46478e-19 -1.38323e-17 4.46478e-19 -9.7425e-34
Plastic strain_mean 2.38414e-17 0.00512352 0 0.00512352 -2.38414e-17 0 0 0 0
Plastic strain_rate_mean 0 0 0 0 0 0 0 0 0
Dissipation 0.0359378
End step 17
Begin step 18
Stress -6.58729e-12 108.844 -4.2596e-12 108.844 7.40797e-12 1.35393e-13 -4.2596e-12 1.35393e-13 2.46421e-13
Strain 0 0.006 0 0.006 0 0 0 0 0
Strain mean 1.63917e-18 0.006 -2.1298e-17 0.006 3.97223e-34 6.76967e-19 -2.1298e-17 6.76967e-19 -5.56714e-34
Plastic strain_mean 3.58077e-17 0.00545578 0 0.00545578 -3.58077e-17 0 0 0 0
Plastic strain_rate_mean 0 0 0 0 0 0 0 0 0
Dissipation 0.0359996
End step 18
Begin step 19
Stress -9.45577e-12 109.06 -5.62125e-12 109.06 9.58171e-12 1.81491e-13 -5.62125e-12 1.81491e-13 3.78169e-14
Strain 0 0.00633333 0 0.00633333 0 0 0 0 0
Strain mean 2.51554e-19 0.00633333 -2.81063e-17 0.00633333 -2.3713e-33 9.07455e-19 -2.81063e-17 9.07455e-19 -2.13206e-33
Plastic strain_mean 4.77195e-17 0.00578803 0 0.00578803 -4.77195e-17 0 0 0 0
Plastic strain_rate_mean 0 0 0 0 0 0 0 0 0
Dissipation 0.0360613
End step 19
Begin step 20
Stress -1.23407e-11 109.275 -6.86506e-12 109.275 1.17518e-11 2.27589e-13 -6.86506e-12 2.27589e-13 -1.7684e-13
Strain 0 0.00666667 0 0.00666667 0 0 0 0 0
Strain mean -1.17632e-18 0.00666667 -3.43253e-17 0.00666667 2.56149e-32 1.13794e-18 -3.43253e-17 1.13794e-18 -4.31077e-33
Plastic strain_mean 5.96432e-17 0.00612029 0 0.00612029 -5.96432e-17 0 0 0 0
Plastic strain_rate_mean 0 0 0 0 0 0 0 0 0
Dissipation 0.0361231
End step 20
Begin step 21
Stress -1.45363e-11 109.491 -8.51194e-12 109.491 1.42026e-11 2.73686e-13 -8.51194e-12 2.73686e-13 -1.00193e-13
Strain 0 0.007 0 0.007 0 0 0 0 0
Strain mean -6.66472e-19 0.007 -4.25597e-17 0.007 -1.51065e-33 1.36843e-18 -4.25597e-17 1.36843e-18 -3.83681e-33
Plastic strain_mean 7.15141e-17 0.00645254 0 0.00645254 -7.15141e-17 0 0 0 0
Plastic strain_rate_mean 0 0 0 0 0 0 0 0 0
Dissipation 0.0361849
End step 21
Begin step 22
Stress -1.71419e-11 109.707 -9.55061e-12 109.707 1.64455e-11 3.19784e-13 -9.55061e-12 3.19784e-13 -2.0912e-13
Strain 0 0.00733333 0 0.00733333 0 0 0 0 0
Strain mean -1.39104e-18 0.00733333 -4.77531e-17 0.00733333 1.43963e-32 1.59892e-18 -4.77531e-17 1.59892e-18 -1.40382e-33
Plastic strain_mean 8.32729e-17 0.0067848 0 0.0067848 -8.32729e-17 0 0 0 0
Plastic strain_rate_mean 0 0 0 0 0 0 0 0 0
Dissipation 0.0362466
End step 22
Begin step 23
Stress -1.90846e-11 109.922 -1.10139e-11 109.922 1.90254e-11 3.65882e-13 -1.10139e-11 3.65882e-13 -1.77818e-14
Strain 0 0.00766667 0 0.00766667 0 0 0 0 0
Strain mean -1.18283e-19 0.00766667 -5.50697e-17 0.00766667 -1.08334e-34 1.82941e-18 -5.50697e-17 1.82941e-18 -3.89399e-33
Plastic strain_mean 9.52157e-17 0.00711706 0 0.00711706 -9.52157e-17 0 0 0 0
Plastic strain_rate_mean 0 0 0 0 0 0 0 0 0
Dissipation 0.0363084
End step 23
Begin step 24
Stress -2.12651e-11 110.138 -1.23424e-11 110.138 2.14349e-11 4.11979e-13 -1.23424e-11 4.11979e-13 5.09873e-14
Strain 0 0.008 0 0.008 0 0 0 0 0
Strain mean 3.39162e-19 0.008 -6.17122e-17 0.008 -2.33519e-33 2.0599e-18 -6.17122e-17 2.0599e-18 -7.2749e-33
Plastic strain_mean 1.06919e-16 0.00744931 0 0.00744931 -1.06919e-16 0 0 0 0
Plastic strain_rate_mean 0 0 0 0 0 0 0 0 0
Dissipation 0.0363702
End step 24
Begin step 25
Stress -2.40238e-11 110.353 -1.36242e-11 110.353 2.36193e-11 4.58077e-13 -1.36242e-11 4.58077e-13 -1.21486e-13
Strain 0 0.00833333 0 0.00833333 0 0 0 0 0
Strain mean -8.08109e-19 0.00833333 -6.81212e-17 0.00833333 -1.20371e-34 2.29039e-18 -6.81212e-17 2.29039e-18 4.49885e-34
Plastic strain_mean 1.18704e-16 0.00778157 0 0.00778157 -1.18704e-16 0 0 0 0
Plastic strain_rate_mean 0 0 0 0 0 0 0 0 0
Dissipation 0.0364319
End step 25
Begin step 26
Stress -2.58079e-11 110.569 -1.48418e-11 110.569 2.62212e-11 5.04175e-13 -1.48418e-11 5.04175e-13 1.24088e-13
Strain 0 0.00866667 0 0.00866667 0 0 0 0 0
Strain mean 8.25421e-19 0.00866667 -7.42092e-17 0.00866667 1.04e-32 2.52087e-18 -7.42092e-17 2.52087e-18 -5.64538e-33
Plastic strain_mean 1.30485e-16 0.00811382 0 0.00811382 -1.30485e-16 0 0 0 0
Plastic strain_rate_mean 0 0 0 0 0 0 0 0 0
Dissipation 0.0364937
End step 26
Begin step 27
Stress -2.83198e-11 110.785 -1.59623e-11 110.785 2.84723e-11 5.50273e-13 -1.59623e-11 5.50273e-13 4.5782e-14
Strain 0 0.009 0 0.009 0 0 0 0 0
Strain mean 3.04537e-19 0.009 -7.98113e-17 0.009 8.78706e-34 2.75136e-18 -7.98113e-17 2.75136e-18 -9.74701e-33
Plastic strain_mean 1.42133e-16 0.00844608 0 0.00844608 -1.42133e-16 0 0 0 0
Plastic strain_rate_mean 0 0 0 0 0 0 0 0 0
Dissipation 0.0365554
End step 27
Begin step 28
Stress -3.02624e-11 111 -1.69151e-11 111 3.09765e-11 5.9637e-13 -1.69151e-11 5.9637e-13 2.1443e-13
Strain 0 0.00933333 0 0.00933333 0 0 0 0 0
Strain mean 1.42636e-18 0.00933333 -8.45753e-17 0.00933333 -1.01593e-32 2.98185e-18 -8.45753e-17 2.98185e-18 -1.15315e-32
Plastic strain_mean 1.5381e-16 0.00877833 0 0.00877833 -1.5381e-16 0 0 0 0
Plastic strain_rate_mean 0 0 0 0 0 0 0 0 0
Dissipation 0.0366172
End step 28
Begin step 29
Stress -3.31332e-11 111.216 -1.80537e-11 111.216 3.31013e-11 6.42468e-13 -1.80537e-11 6.42468e-13 -9.57213e-15
Strain 0 0.00966667 0 0.00966667 0 0 0 0 0
Strain mean -6.36727e-20 0.00966667 -9.02683e-17 0.00966667 -1.04e-32 3.21234e-18 -9.02683e-17 3.21234e-18 -8.19724e-33
Plastic strain_mean 1.65554e-16 0.00911059 0 0.00911059 -1.65554e-16 0 0 0 0
Plastic strain_rate_mean 0 0 0 0 0 0 0 0 0
Dissipation 0.036679
End step 29
Begin step 30
Stress -3.50516e-11 111.431 -1.89867e-11 111.431 3.55967e-11 6.88566e-13 -1.89867e-11 6.88566e-13 1.63652e-13
Strain 0 0.01 0 0.01 0 0 0 0 0
Strain mean 1.08859e-18 0.01 -9.49336e-17 0.01 1.03314e-31 3.44283e-18 -9.49336e-17 3.44283e-18 -1.31986e-32
Plastic strain_mean 1.77165e-16 0.00944284 0 0.00944284 -1.77165e-16 0 0 0 0
Plastic strain_rate_mean 0 0 0 0 0 0 0 0 0
Dissipation 0.0367407
End step 30
