Begin step 0
Stress 0 0 0 0 0 0 0 0 0
Strain 0 0 0 0 0 0 0 0 0
Strain mean 0 0 0 0 0 0 0 0 0
Plastic strain_mean 0 0 0 0 0 0 0 0 0
Plastic strain_rate_mean 0 0 0 0 0 0 0 0 0
Dissipation 0
End step 0
Begin step 1
Stress -1.78843e-14 6.60302 2.97921e-12 6.60302 2.34671e-14 -3.81817e-12 2.97921e-12 -3.81817e-12 1.67632e-15
Strain 0 3.33333e-05 0 3.33333e-05 0 0 0 0 0
Strain mean 1.11507e-20 3.33333e-05 1.4896e-17 3.33333e-05 1.25185e-33 -1.90909e-17 1.4896e-17 -1.90909e-17 -5.99032e-34
Plastic strain_mean 1.08954e-19 3.18232e-07 0 3.18232e-07 -1.08954e-19 0 0 0 0
Plastic strain_rate_mean 0 0 0 0 0 0 0 0 0
Dissipation 2.10126e-06
End step 1
Begin step 2
Stress -6.65127e-14 13.143 1.22421e-12 13.143 7.4926e-14 -3.01258e-12 1.22421e-12 -3.01258e-12 2.52622e-15
Strain 0 6.66667e-05 0 6.66667e-05 0 0 0 0 0
Strain mean 1.68041e-20 6.66667e-05 6.12106e-18 6.66667e-05 8.99018e-34 -1.50629e-17 6.12106e-18 -1.50629e-17 -2.03803e-33
Plastic strain_mean 3.61999e-19 9.51651e-07 0 9.51651e-07 -3.61999e-19 0 0 0 0
Plastic strain_rate_mean 0 0 0 0 0 0 0 0 0
Dissipation 8.32481e-06
End step 2
Begin step 3
Stress -1.1537e-13 19.6206 1.20871e-12 19.6206 1.23252e-13 -2.97672e-12 1.20871e-12 -2.97672e-12 2.36683e-15
Strain 0 0.0001 0 0.0001 0 0 0 0 0
Strain mean 1.57439e-20 0.0001 6.04353e-18 0.0001 9.19538e-33 -1.48836e-17 6.04353e-18 -1.48836e-17 -1.90938e-33
Plastic strain_mean 6.04427e-19 1.89724e-06 0 1.89724e-06 -6.04427e-19 0 0 0 0
Plastic strain_rate_mean 0 0 0 0 0 0 0 0 0
Dissipation 1.85523e-05
End step 3
Begin step 4
Stress -1.65004e-13 26.0363 1.20011e-12 26.0363 1.68625e-13 -2.94153e-12 1.20011e-12 -2.94153e-12 1.08735e-15
Strain 0 0.000133333 0 0.000133333 0 0 0 0 0
Strain mean 7.23289e-21 0.000133333 6.00057e-18 0.000133333 3.27747e-33 -1.47077e-17 6.00057e-18 -1.47077e-17 -1.82738e-33
Plastic strain_mean 8.3769e-19 3.152e-06 0 3.152e-06 -8.3769e-19 0 0 0 0
Plastic strain_rate_mean 0 0 0 0 0 0 0 0 0
Dissipation 3.2668e-05
End step 4
Begin step 5
Stress -2.05485e-13 32.3907 1.17731e-12 32.3907 2.15261e-13 -2.90607e-12 1.17731e-12 -2.90607e-12 2.93561e-15
Strain 0 0.000166667 0 0.000166667 0 0 0 0 0
Strain mean 1.95274e-20 0.000166667 5.88654e-18 0.000166667 -1.08792e-32 -1.45303e-17 5.88654e-18 -1.45303e-17 -1.67466e-33
Plastic strain_mean 1.06163e-18 4.71298e-06 0 4.71298e-06 -1.06163e-18 0 0 0 0
Plastic strain_rate_mean 0 0 0 0 0 0 0 0 0
Dissipation 5.05586e-05
End step 5
Begin step 6
Stress -2.69346e-13 38.6846 1.16825e-12 38.6846 2.49408e-13 -2.87126e-12 1.16825e-12 -2.87126e-12 -5.98695e-15
Strain 0 0.0002 0 0.0002 0 0 0 0 0
Strain mean -3.98245e-20 0.0002 5.84124e-18 0.0002 -1.2432e-33 -1.43563e-17 5.84124e-18 -1.43563e-17 -1.67089e-33
Plastic strain_mean 1.27697e-18 6.57724e-06 0 6.57724e-06 -1.27697e-18 0 0 0 0
Plastic strain_rate_mean 0 0 0 0 0 0 0 0 0
Dissipation 7.21136e-05
End step 6
Begin step 7
Stress -2.20027e-13 44.9181 -1.6913e-12 44.9181 2.29626e-13 1.17891e-12 -1.6913e-12 1.17891e-12 2.88212e-15
Strain 0 0.000233333 0 0.000233333 0 0 0 0 0
Strain mean 1.91715e-20 0.000233333 -8.45652e-18 0.000233333 -2.65417e-33 5.89453e-18 -8.45652e-18 5.89453e-18 2.63612e-33
Plastic strain_mean 1.13372e-18 8.74298e-06 0 8.74298e-06 -1.13372e-18 0 0 0 0
Plastic strain_rate_mean 0 0 0 0 0 0 0 0 0
Dissipation 9.72741e-05
End step 7
Begin step 8
Stress -1.60947e-14 51.0897 1.61889e-12 51.0897 3.69206e-14 -3.48094e-12 1.61889e-12 -3.48094e-12 6.25333e-15
Strain 0 0.000266667 0 0.000266667 0 0 0 0 0
Strain mean 4.15964e-20 0.000266667 8.09446e-18 0.000266667 -7.38594e-32 -1.74047e-17 8.09446e-18 -1.74047e-17 -1.87176e-33
Plastic strain_mean 1.53337e-19 1.12184e-05 0 1.12184e-05 -1.53337e-19 0 0 0 0
Plastic strain_rate_mean 0 0 0 0 0 0 0 0 0
Dissipation 0.000126457
End step 8
Begin step 9
Stress 9.16641e-14 57.1877 5.41785e-13 57.1877 -8.61886e-14 -4.40601e-12 5.41785e-13 -4.40601e-12 1.64412e-15
Strain 0 0.0003 0 0.0003 0 0 0 0 0
Strain mean 1.09365e-20 0.0003 2.70892e-18 0.0003 1.9476e-31 -2.20301e-17 2.70892e-18 -2.20301e-17 -4.81482e-33
Plastic strain_mean -4.39163e-19 1.40615e-05 0 1.40615e-05 4.39163e-19 0 0 0 0
Plastic strain_rate_mean 0 0 0 0 0 0 0 0 0
Dissipation 0.000162577
End step 9
Begin step 10
Stress -6.05194e-14 63.1905 -2.1742e-12 63.1905 6.66349e-14 -2.18092e-12 -2.1742e-12 -2.18092e-12 1.83626e-15
Strain 0 0.000333333 0 0.000333333 0 0 0 0 0
Strain mean 1.22146e-20 0.000333333 -1.0871e-17 0.000333333 2.15295e-31 -1.09046e-17 -1.0871e-17 -1.09046e-17 -4.3198e-33
Plastic strain_mean 3.23993e-19 1.73808e-05 0 1.73808e-05 -3.23993e-19 0 0 0 0
Plastic strain_rate_mean 0 0 0 0 0 0 0 0 0
Dissipation 0.000209721
End step 10
Begin step 11
Stress 1.165e-14 69.066 2.03172e-12 69.066 3.32959e-15 -7.89605e-13 2.03172e-12 -7.89605e-13 4.49785e-15
Strain 0 0.000366667 0 0.000366667 0 0 0 0 0
Strain mean 2.99192e-20 0.000366667 1.01586e-17 0.000366667 7.07779e-33 -3.94803e-18 1.01586e-17 -3.94803e-18 -5.49943e-33
Plastic strain_mean -5.8413e-21 2.13365e-05 0 2.13365e-05 5.8413e-21 0 0 0 0
Plastic strain_rate_mean 0 0 0 0 0 0 0 0 0
Dissipation 0.000273168
End step 11
Begin step 12
Stress -3.66934e-13 74.7618 -5.37444e-12 74.7618 3.29267e-13 3.48741e-12 -5.37444e-12 3.48741e-12 -1.13101e-14
Strain 0 0.0004 0 0.0004 0 0 0 0 0
Strain mean -7.52337e-20 0.0004 -2.68722e-17 0.0004 3.07547e-32 1.74371e-17 -2.68722e-17 1.74371e-17 -9.81021e-34
Plastic strain_mean 1.70289e-18 2.6191e-05 0 2.6191e-05 -1.70289e-18 0 0 0 0
Plastic strain_rate_mean 0 0 0 0 0 0 0 0 0
Dissipation 0.000362875
End step 12
Begin step 13
Stress -8.05506e-14 80.1906 1.61264e-12 80.1906 3.5292e-14 -1.43707e-12 1.61264e-12 -1.43707e-12 -1.35896e-14
Strain 0 0.000433333 0 0.000433333 0 0 0 0 0
Strain mean -9.03967e-20 0.000433333 8.06318e-18 0.000433333 1.05282e-31 -7.18533e-18 8.06318e-18 -7.18533e-18 2.09746e-33
Plastic strain_mean 2.44408e-19 3.23803e-05 0 3.23803e-05 -2.44408e-19 0 0 0 0
Plastic strain_rate_mean 0 0 0 0 0 0 0 0 0
Dissipation 0.000496234
End step 13
Begin step 14
Stress 1.31341e-13 85.2022 4.08895e-12 85.2022 -2.12958e-13 7.06749e-13 4.08895e-12 7.06749e-13 -2.45067e-14
Strain 0 0.000466667 0 0.000466667 0 0 0 0 0
Strain mean -1.63016e-19 0.000466667 2.04448e-17 0.000466667 1.30987e-31 3.53375e-18 2.04448e-17 3.53375e-18 -1.60695e-33
Plastic strain_mean -9.42257e-19 4.06558e-05 0 4.06558e-05 9.42257e-19 0 0 0 0
Plastic strain_rate_mean 0 0 0 0 0 0 0 0 0
Dissipation 0.000704923
End step 14
Begin step 15
Stress -9.96859e-13 89.5436 -2.00819e-12 89.5436 9.96234e-13 -2.07643e-12 -2.00819e-12 -2.07643e-12 -1.87774e-16
Strain 0 0.0005 0 0.0005 0 0 0 0 0
Strain mean -1.24905e-21 0.0005 -1.00409e-17 0.0005 2.47651e-31 -1.03822e-17 -1.00409e-17 -1.03822e-17 -8.78706e-34
Plastic strain_mean 4.98211e-18 5.22821e-05 0 5.22821e-05 -4.98211e-18 0 0 0 0
Plastic strain_rate_mean 0 0 0 0 0 0 0 0 0
Dissipation 0.00104075
End step 15
Begin step 16
Stress -3.69821e-13 92.8702 8.36518e-13 92.8702 4.10018e-13 5.91345e-13 8.36518e-13 5.91345e-13 1.207e-14
Strain 0 0.000533333 0 0.000533333 0 0 0 0 0
Strain mean 8.0288e-20 0.000533333 4.18259e-18 0.000533333 -9.63928e-32 2.95673e-18 4.18259e-18 2.95673e-18 2.42509e-33
Plastic strain_mean 1.98974e-18 6.89822e-05 0 6.89822e-05 -1.98974e-18 0 0 0 0
Plastic strain_rate_mean 0 0 0 0 0 0 0 0 0
Dissipation 0.00155035
End step 16
Begin step 17
Stress -6.29609e-13 94.9581 -6.144e-14 94.9581 6.46712e-13 -5.63589e-12 -6.144e-14 -5.63589e-12 5.13541e-15
Strain 0 0.000566667 0 0.000566667 0 0 0 0 0
Strain mean 3.41602e-20 0.000566667 -3.072e-19 0.000566667 1.64787e-32 -2.81795e-17 -3.072e-19 -2.81795e-17 5.80186e-33
Plastic strain_mean 3.20788e-18 9.18759e-05 0 9.18759e-05 -3.20788e-18 0 0 0 0
Plastic strain_rate_mean 0 0 0 0 0 0 0 0 0
Dissipation 0.0021729
End step 17
Begin step 18
Stress 5.03082e-13 96.0119 -7.57133e-17 96.0119 -4.6268e-13 -8.52411e-13 -7.57133e-17 -8.52411e-13 1.21311e-14
Strain 0 0.0006 0 0.0006 0 0 0 0 0
Strain mean 8.06947e-20 0.0006 -3.78566e-22 0.0006 2.89491e-33 -4.26206e-18 -3.78566e-22 -4.26206e-18 -2.0463e-33
Plastic strain_mean -2.37406e-18 0.00011994 0 0.00011994 2.37406e-18 0 0 0 0
Plastic strain_rate_mean 0 0 0 0 0 0 0 0 0
Dissipation 0.00269292
End step 18
Begin step 19
Stress -8.07153e-13 96.4734 -7.82192e-13 96.4734 7.97613e-13 1.55356e-12 -7.82192e-13 1.55356e-12 -2.86465e-15
Strain 0 0.000633333 0 0.000633333 0 0 0 0 0
Strain mean -1.90553e-20 0.000633333 -3.91096e-18 0.000633333 1.07852e-32 7.76778e-18 -3.91096e-18 7.76778e-18 4.75614e-33
Plastic strain_mean 4.00239e-18 0.000150967 0 0.000150967 -4.00239e-18 0 0 0 0
Plastic strain_rate_mean 0 0 0 0 0 0 0 0 0
Dissipation 0.00299112
End step 19
Begin step 20
Stress 8.40295e-13 96.6689 -2.85893e-13 96.6689 -8.26625e-13 1.23962e-12 -2.85893e-13 1.23962e-12 4.10484e-15
Strain 0 0.000666667 0 0.000666667 0 0 0 0 0
Strain mean 2.73049e-20 0.000666667 -1.42946e-18 0.000666667 3.00927e-33 6.19809e-18 -1.42946e-18 6.19809e-18 1.29398e-33
Plastic strain_mean -4.15365e-18 0.000183322 0 0.000183322 4.15365e-18 0 0 0 0
Plastic strain_rate_mean 0 0 0 0 0 0 0 0 0
Dissipation 0.00312528
End step 20
Begin step 21
Stress 2.75095e-13 96.7583 -1.18658e-12 96.7583 -2.89479e-13 4.46071e-12 -1.18658e-12 4.46071e-12 -4.31881e-15
Strain 0 0.0007 0 0.0007 0 0 0 0 0
Strain mean -2.87282e-20 0.0007 -5.93292e-18 0.0007 3.12964e-33 2.23036e-17 -5.93292e-18 2.23036e-17 -5.26621e-34
Plastic strain_mean -1.4258e-18 0.000216208 0 0.000216208 1.4258e-18 0 0 0 0
Plastic strain_rate_mean 0 0 0 0 0 0 0 0 0
Dissipation 0.00317916
End step 21
Begin step 22
Stress 1.6972e-12 96.8072 1.3263e-12 96.8072 -1.72278e-12 -1.23697e-12 1.3263e-12 -1.23697e-12 -7.68128e-15
Strain 0 0.000733333 0 0.000733333 0 0 0 0 0
Strain mean -5.1095e-20 0.000733333 6.63149e-18 0.000733333 2.76251e-33 -6.18484e-18 6.63149e-18 -6.18484e-18 1.30452e-33
Plastic strain_mean -8.57549e-18 0.000249297 0 0.000249297 8.57549e-18 0 0 0 0
Plastic strain_rate_mean 0 0 0 0 0 0 0 0 0
Dissipation 0.00320007
End step 22
Begin step 23
Stress 3.37363e-13 96.8407 -1.58678e-13 96.8407 -3.99346e-13 -8.94323e-13 -1.58678e-13 -8.94323e-13 -1.86115e-14
Strain 0 0.000766667 0 0.000766667 0 0 0 0 0
Strain mean -1.23802e-19 0.000766667 -7.93392e-19 0.000766667 2.11852e-33 -4.47162e-18 -7.93392e-19 -4.47162e-18 2.13658e-33
Plastic strain_mean -1.90367e-18 0.000282463 0 0.000282463 1.90367e-18 0 0 0 0
Plastic strain_rate_mean 0 0 0 0 0 0 0 0 0
Dissipation 0.00320833
End step 23
Begin step 24
Stress -4.50266e-13 96.8682 -1.00248e-12 96.8682 4.52913e-13 -3.26913e-13 -1.00248e-12 -3.26913e-13 7.94766e-16
Strain 0 0.0008 0 0.0008 0 0 0 0 0
Strain mean 5.28669e-21 0.0008 -5.01241e-18 0.0008 -6.34955e-33 -1.63457e-18 -5.01241e-18 -1.63457e-18 4.48381e-34
Plastic strain_mean 2.26059e-18 0.000315659 0 0.000315659 -2.26059e-18 0 0 0 0
Plastic strain_rate_mean 0 0 0 0 0 0 0 0 0
Dissipation 0.00321186
End step 24
Begin step 25
Stress -7.22096e-13 96.8933 -1.33859e-12 96.8933 8.16394e-13 -1.14938e-12 -1.33859e-12 -1.14938e-12 2.83146e-14
Strain 0 0.000833333 0 0.000833333 0 0 0 0 0
Strain mean 1.88346e-19 0.000833333 -6.69297e-18 0.000833333 -3.26769e-33 -5.7469e-18 -6.69297e-18 -5.7469e-18 -9.96067e-34
Plastic strain_mean 3.9404e-18 0.000348867 0 0.000348867 -3.9404e-18 0 0 0 0
Plastic strain_rate_mean 0 0 0 0 0 0 0 0 0
Dissipation 0.00321363
End step 25
Begin step 26
Stress -8.52409e-13 96.9173 -1.49525e-12 96.9173 8.97319e-13 -1.77319e-12 -1.49525e-12 -1.77319e-12 1.34848e-14
Strain 0 0.000866667 0 0.000866667 0 0 0 0 0
Strain mean 8.96995e-20 0.000866667 -7.47623e-18 0.000866667 3.99029e-33 -8.86594e-18 -7.47623e-18 -8.86594e-18 6.31946e-35
Plastic strain_mean 4.41917e-18 0.00038208 0 0.00038208 -4.41917e-18 0 0 0 0
Plastic strain_rate_mean 0 0 0 0 0 0 0 0 0
Dissipation 0.00321472
End step 26
Begin step 27
Stress -6.50038e-13 96.9407 -1.41413e-12 96.9407 7.38301e-13 -1.62827e-12 -1.41413e-12 -1.62827e-12 2.65024e-14
Strain 0 0.0009 0 0.0009 0 0 0 0 0
Strain mean 1.76291e-19 0.0009 -7.07066e-18 0.0009 -5.54909e-33 -8.14133e-18 -7.07066e-18 -8.14133e-18 -6.74075e-34
Plastic strain_mean 3.55899e-18 0.000415297 0 0.000415297 -3.55899e-18 0 0 0 0
Plastic strain_rate_mean 0 0 0 0 0 0 0 0 0
Dissipation 0.00321556
End step 27
Begin step 28
Stress -4.53019e-13 96.9637 -1.14882e-12 96.9637 3.2261e-13 -8.3615e-13 -1.14882e-12 -8.3615e-13 -3.91575e-14
Strain 0 0.000933333 0 0.000933333 0 0 0 0 0
Strain mean -2.60471e-19 0.000933333 -5.74412e-18 0.000933333 -3.56297e-33 -4.18075e-18 -5.74412e-18 -4.18075e-18 -4.15279e-34
Plastic strain_mean 1.80884e-18 0.000448515 0 0.000448515 -1.80884e-18 0 0 0 0
Plastic strain_rate_mean 0 0 0 0 0 0 0 0 0
Dissipation 0.00321628
End step 28
Begin step 29
Stress 1.68931e-13 96.9864 -9.04724e-13 96.9864 -9.67385e-14 1.37518e-13 -9.04724e-13 1.37518e-13 2.1677e-14
Strain 0 0.000966667 0 0.000966667 0 0 0 0 0
Strain mean 1.44193e-19 0.000966667 -4.52362e-18 0.000966667 2.88889e-33 6.87591e-19 -4.52362e-18 6.87591e-19 -8.17016e-34
Plastic strain_mean -5.92077e-19 0.000481735 0 0.000481735 5.92077e-19 0 0 0 0
Plastic strain_rate_mean 0 0 0 0 0 0 0 0 0
Dissipation 0.00321696
End step 29
Begin step 30
Stress 5.05649e-13 97.0089 -6.68045e-13 97.0089 -5.3014e-13 9.60862e-13 -6.68045e-13 9.60862e-13 -7.35377e-15
Strain 0 0.001 0 0.001 0 0 0 0 0
Strain mean -4.89164e-20 0.001 -3.34022e-18 0.001 -1.54074e-33 4.80431e-18 -3.34022e-18 4.80431e-18 1.95602e-34
Plastic strain_mean -2.61393e-18 0.000514956 0 0.000514956 2.61393e-18 0 0 0 0
Plastic strain_rate_mean 0 0 0 0 0 0 0 0 0
Dissipation 0.00321761
End step 30
