Begin step 0
Stress 0 0 0 0 0 0 0 0 0
Strain 0 0 0 0 0 0 0 0 0
Strain mean 0 0 0 0 0 0 0 0 0
Plastic strain_mean 0 0 0 0 0 0 0 0 0
Plastic strain_rate_mean 0 0 0 0 0 0 0 0 0
Dissipation 0
End step 0
Begin step 1
Stress 2.29374e-13 6.41918 8.92658e-13 6.41918 -2.28817e-13 -1.07288e-12 8.92658e-13 -1.07288e-12 1.67032e-16
Strain 0 3.33333e-05 0 3.33333e-05 0 0 0 0 0
Strain mean 1.11108e-21 3.33333e-05 4.46329e-18 3.33333e-05 1.09748e-32 -5.3644e-18 4.46329e-18 -5.3644e-18 2.31413e-33
Plastic strain_mean -1.14492e-18 1.23742e-06 0 1.23742e-06 1.14492e-18 0 0 0 0
Plastic strain_rate_mean 0 0 0 0 0 0 0 0 0
Dissipation 7.94266e-06
End step 1
Begin step 2
Stress 4.16507e-13 12.6001 8.30454e-13 12.6001 -4.16962e-13 -1.01574e-12 8.30454e-13 -1.01574e-12 -1.36464e-16
Strain 0 6.66667e-05 0 6.66667e-05 0 0 0 0 0
Strain mean -9.07743e-22 6.66667e-05 4.15227e-18 6.66667e-05 1.41435e-34 -5.07868e-18 4.15227e-18 -5.07868e-18 1.9169e-33
Plastic strain_mean -2.08413e-18 3.6662e-06 0 3.6662e-06 2.08413e-18 0 0 0 0
Plastic strain_rate_mean 0 0 0 0 0 0 0 0 0
Dissipation 3.05998e-05
End step 2
Begin step 3
Stress 5.7566e-13 18.5516 7.69674e-13 18.5516 -5.66785e-13 -9.60774e-13 7.69674e-13 -9.60774e-13 2.66487e-15
Strain 0 0.0001 0 0.0001 0 0 0 0 0
Strain mean 1.77264e-20 0.0001 3.84837e-18 0.0001 5.54909e-33 -4.80387e-18 3.84837e-18 -4.80387e-18 1.84769e-33
Plastic strain_mean -2.84725e-18 7.24201e-06 0 7.24201e-06 2.84725e-18 0 0 0 0
Plastic strain_rate_mean 0 0 0 0 0 0 0 0 0
Dissipation 6.63277e-05
End step 3
Begin step 4
Stress 2.06442e-13 24.2822 -6.42976e-12 24.2822 -1.93811e-13 1.5461e-12 -6.42976e-12 1.5461e-12 3.79261e-15
Strain 0 0.000133333 0 0.000133333 0 0 0 0 0
Strain mean 2.5228e-20 0.000133333 -3.21488e-17 0.000133333 -2.1426e-33 7.73048e-18 -3.21488e-17 7.73048e-18 -1.28797e-33
Plastic strain_mean -9.88018e-19 1.19221e-05 0 1.19221e-05 9.88018e-19 0 0 0 0
Plastic strain_rate_mean 0 0 0 0 0 0 0 0 0
Dissipation 0.000113624
End step 4
Begin step 5
Stress -1.1053e-13 29.8003 -5.95053e-12 29.8003 1.11439e-13 1.43034e-12 -5.95053e-12 1.43034e-12 2.72928e-16
Strain 0 0.000166667 0 0.000166667 0 0 0 0 0
Strain mean 1.81549e-21 0.000166667 -2.97527e-17 0.000166667 3.41853e-33 7.15171e-18 -2.97527e-17 7.15171e-18 -7.82409e-34
Plastic strain_mean 5.55828e-19 1.76654e-05 0 1.76654e-05 -5.55828e-19 0 0 0 0
Plastic strain_rate_mean 0 0 0 0 0 0 0 0 0
Dissipation 0.000171114
End step 5
Begin step 6
Stress -3.49299e-13 35.1136 -5.50358e-12 35.1136 3.72906e-13 1.3236e-12 -5.50358e-12 1.3236e-12 7.08849e-15
Strain 0 0.0002 0 0.0002 0 0 0 0 0
Strain mean 4.71518e-20 0.0002 -2.75179e-17 0.0002 -1.60093e-33 6.61801e-18 -2.75179e-17 6.61801e-18 -1.09537e-33
Plastic strain_mean 1.82909e-18 2.44322e-05 0 2.44322e-05 -1.82909e-18 0 0 0 0
Plastic strain_rate_mean 0 0 0 0 0 0 0 0 0
Dissipation 0.000237547
End step 6
Begin step 7
Stress -5.70058e-13 40.2298 -5.09907e-12 40.2298 5.74421e-13 1.22462e-12 -5.09907e-12 1.22462e-12 1.31005e-15
Strain 0 0.000233333 0 0.000233333 0 0 0 0 0
Strain mean 8.71433e-21 0.000233333 -2.54953e-17 0.000233333 7.6315e-33 6.12309e-18 -2.54953e-17 6.12309e-18 -1.84769e-33
Plastic strain_mean 2.86555e-18 3.21843e-05 0 3.21843e-05 -2.86555e-18 0 0 0 0
Plastic strain_rate_mean 0 0 0 0 0 0 0 0 0
Dissipation 0.000311779
End step 7
Begin step 8
Stress -6.183e-13 45.1554 6.5018e-14 45.1554 6.39337e-13 -2.61585e-12 6.5018e-14 -2.61585e-12 6.31664e-15
Strain 0 0.000266667 0 0.000266667 0 0 0 0 0
Strain mean 4.20176e-20 0.000266667 3.2509e-19 0.000266667 -3.07186e-32 -1.30792e-17 3.2509e-19 -1.30792e-17 1.46852e-33
Plastic strain_mean 3.1651e-18 4.08895e-05 0 4.08895e-05 -3.1651e-18 0 0 0 0
Plastic strain_rate_mean 0 0 0 0 0 0 0 0 0
Dissipation 0.00039296
End step 8
Begin step 9
Stress -6.79983e-13 49.893 -5.61971e-13 49.893 6.85801e-13 -1.3253e-13 -5.61971e-13 -1.3253e-13 1.74674e-15
Strain 0 0.0003 0 0.0003 0 0 0 0 0
Strain mean 1.16191e-20 0.0003 -2.80986e-18 0.0003 4.15038e-32 -6.6265e-19 -2.80986e-18 -6.6265e-19 1.13656e-33
Plastic strain_mean 3.42027e-18 5.05348e-05 0 5.05348e-05 -3.42027e-18 0 0 0 0
Plastic strain_rate_mean 0 0 0 0 0 0 0 0 0
Dissipation 0.000481057
End step 9
Begin step 10
Stress -3.83449e-13 54.4313 1.35037e-13 54.4313 3.84002e-13 -4.24373e-13 1.35037e-13 -4.24373e-13 1.6594e-16
Strain 0 0.000333333 0 0.000333333 0 0 0 0 0
Strain mean 1.10382e-21 0.000333333 6.75183e-19 0.000333333 -1.91149e-32 -2.12186e-18 6.75183e-19 -2.12186e-18 -1.18264e-33
Plastic strain_mean 1.91918e-18 6.1177e-05 0 6.1177e-05 -1.91918e-18 0 0 0 0
Plastic strain_rate_mean 0 0 0 0 0 0 0 0 0
Dissipation 0.000579021
End step 10
Begin step 11
Stress -5.00068e-13 58.7433 4.62437e-13 58.7433 5.11179e-13 -2.23802e-13 4.62437e-13 -2.23802e-13 3.33627e-15
Strain 0 0.000366667 0 0.000366667 0 0 0 0 0
Strain mean 2.21925e-20 0.000366667 2.31219e-18 0.000366667 4.27556e-31 -1.11901e-18 2.31219e-18 -1.11901e-18 9.31368e-34
Plastic strain_mean 2.53922e-18 7.29501e-05 0 7.29501e-05 -2.53922e-18 0 0 0 0
Plastic strain_rate_mean 0 0 0 0 0 0 0 0 0
Dissipation 0.000691252
End step 11
Begin step 12
Stress -6.48047e-13 62.8002 2.28573e-13 62.8002 6.36616e-13 -2.88854e-12 2.28573e-13 -2.88854e-12 -3.43234e-15
Strain 0 0.0004 0 0.0004 0 0 0 0 0
Strain mean -2.28315e-20 0.0004 1.14286e-18 0.0004 4.42194e-31 -1.44427e-17 1.14286e-18 -1.44427e-17 1.22552e-33
Plastic strain_mean 3.20024e-18 8.59992e-05 0 8.59992e-05 -3.20024e-18 0 0 0 0
Plastic strain_rate_mean 0 0 0 0 0 0 0 0 0
Dissipation 0.000819039
End step 12
Begin step 13
Stress -7.08947e-13 66.5719 -1.00999e-13 66.5719 6.9993e-13 -4.67467e-12 -1.00999e-13 -4.67467e-12 -2.70745e-15
Strain 0 0.000433333 0 0.000433333 0 0 0 0 0
Strain mean -1.80096e-20 0.000433333 -5.04996e-19 0.000433333 -1.15171e-31 -2.33734e-17 -5.04996e-19 -2.33734e-17 2.17419e-33
Plastic strain_mean 3.51319e-18 0.000100474 0 0.000100474 -3.51319e-18 0 0 0 0
Plastic strain_rate_mean 0 0 0 0 0 0 0 0 0
Dissipation 0.000962997
End step 13
Begin step 14
Stress -3.59674e-13 70.0272 -5.08508e-13 70.0272 3.10802e-13 -1.93936e-12 -5.08508e-13 -1.93936e-12 -1.46748e-14
Strain 0 0.000466667 0 0.000466667 0 0 0 0 0
Strain mean -9.7615e-20 0.000466667 -2.54254e-18 0.000466667 5.90298e-32 -9.69679e-18 -2.54254e-18 -9.69679e-18 -1.62651e-33
Plastic strain_mean 1.62738e-18 0.000116531 0 0.000116531 -1.62738e-18 0 0 0 0
Plastic strain_rate_mean 0 0 0 0 0 0 0 0 0
Dissipation 0.00112364
End step 14
Begin step 15
Stress 3.11802e-13 73.1367 -3.09783e-15 73.1367 -3.30359e-13 -3.19744e-12 -3.09783e-15 -3.19744e-12 -5.5721e-15
Strain 0 0.0005 0 0.0005 0 0 0 0 0
Strain mean -3.7065e-20 0.0005 -1.54891e-20 0.0005 -5.47927e-32 -1.59872e-17 -1.54891e-20 -1.59872e-17 -2.15012e-33
Plastic strain_mean -1.62394e-18 0.000134317 0 0.000134317 1.62394e-18 0 0 0 0
Plastic strain_rate_mean 0 0 0 0 0 0 0 0 0
Dissipation 0.00129981
End step 15
Begin step 16
Stress 1.46088e-12 75.8779 1.60345e-12 75.8779 -1.42533e-12 -2.96241e-12 1.60345e-12 -2.96241e-12 1.06726e-14
Strain 0 0.000533333 0 0.000533333 0 0 0 0 0
Strain mean 7.09927e-20 0.000533333 8.01726e-18 0.000533333 -4.23705e-32 -1.4812e-17 8.01726e-18 -1.4812e-17 -2.05683e-33
Plastic strain_mean -7.18002e-18 0.000153944 0 0.000153944 7.18002e-18 0 0 0 0
Plastic strain_rate_mean 0 0 0 0 0 0 0 0 0
Dissipation 0.00148799
End step 16
Begin step 17
Stress 1.52529e-13 78.2397 -5.17317e-13 78.2397 -2.20475e-13 2.53948e-12 -5.17317e-13 2.53948e-12 -2.04019e-14
Strain 0 0.000566667 0 0.000566667 0 0 0 0 0
Strain mean -1.35711e-19 0.000566667 -2.58658e-18 0.000566667 3.17297e-32 1.26974e-17 -2.58658e-18 1.26974e-17 -2.52176e-33
Plastic strain_mean -1.00037e-18 0.000175468 0 0.000175468 1.00037e-18 0 0 0 0
Plastic strain_rate_mean 0 0 0 0 0 0 0 0 0
Dissipation 0.0016824
End step 17
Begin step 18
Stress 1.90086e-15 80.2258 -2.92e-13 80.2258 2.74183e-14 3.96931e-12 -2.92e-13 3.96931e-12 8.80356e-15
Strain 0 0.0006 0 0.0006 0 0 0 0 0
Strain mean 5.85603e-20 0.0006 -1.46e-18 0.0006 2.06556e-32 1.98465e-17 -1.46e-18 1.98465e-17 -1.97408e-33
Plastic strain_mean 9.30738e-20 0.000198871 0 0.000198871 -9.30738e-20 0 0 0 0
Plastic strain_rate_mean 0 0 0 0 0 0 0 0 0
Dissipation 0.00187549
End step 18
Begin step 19
Stress -8.49406e-13 81.8555 -1.30995e-13 81.8555 8.28668e-13 3.13047e-12 -1.30995e-13 3.13047e-12 -6.22712e-15
Strain 0 0.000633333 0 0.000633333 0 0 0 0 0
Strain mean -4.14221e-20 0.000633333 -6.54977e-19 0.000633333 -2.02993e-31 1.56523e-17 -6.54977e-19 1.56523e-17 -1.84581e-33
Plastic strain_mean 4.17447e-18 0.000224056 0 0.000224056 -4.17447e-18 0 0 0 0
Plastic strain_rate_mean 0 0 0 0 0 0 0 0 0
Dissipation 0.00205905
End step 19
Begin step 20
Stress -2.12444e-12 83.162 -2.25032e-12 83.162 2.11573e-12 1.15974e-12 -2.25032e-12 1.15974e-12 -2.61574e-15
Strain 0 0.000666667 0 0.000666667 0 0 0 0 0
Strain mean -1.73996e-20 0.000666667 -1.12516e-17 0.000666667 -3.05452e-31 5.79868e-18 -1.12516e-17 5.79868e-18 -6.74075e-34
Plastic strain_mean 1.05917e-17 0.000250856 0 0.000250856 -1.05917e-17 0 0 0 0
Plastic strain_rate_mean 0 0 0 0 0 0 0 0 0
Dissipation 0.00222588
End step 20
Begin step 21
Stress -3.46875e-13 84.188 2.40455e-12 84.188 3.83786e-13 1.73858e-12 2.40455e-12 1.73858e-12 1.10831e-14
Strain 0 0.0007 0 0.0007 0 0 0 0 0
Strain mean 7.37232e-20 0.0007 1.20228e-17 0.0007 -5.80668e-32 8.69289e-18 1.20228e-17 8.69289e-18 -2.4345e-33
Plastic strain_mean 1.86351e-18 0.00027906 0 0.00027906 -1.86351e-18 0 0 0 0
Plastic strain_rate_mean 0 0 0 0 0 0 0 0 0
Dissipation 0.00237098
End step 21
Begin step 22
Stress -2.16094e-13 84.9798 7.05979e-13 84.9798 2.26914e-13 -3.38726e-12 7.05979e-13 -3.38726e-12 3.24893e-15
Strain 0 0.000733333 0 0.000733333 0 0 0 0 0
Strain mean 2.16115e-20 0.000733333 3.52989e-18 0.000733333 4.81964e-32 -1.69363e-17 3.52989e-18 -1.69363e-17 -2.42547e-33
Plastic strain_mean 1.11833e-18 0.000308434 0 0.000308434 -1.11833e-18 0 0 0 0
Plastic strain_rate_mean 0 0 0 0 0 0 0 0 0
Dissipation 0.00249227
End step 22
Begin step 23
Stress -1.24236e-12 85.5831 9.85349e-15 85.5831 1.23668e-12 3.5932e-12 9.85349e-15 3.5932e-12 -1.70307e-15
Strain 0 0.000766667 0 0.000766667 0 0 0 0 0
Strain mean -1.13286e-20 0.000766667 4.92674e-20 0.000766667 6.69261e-33 1.7966e-17 4.92674e-20 1.7966e-17 4.50487e-33
Plastic strain_mean 6.19194e-18 0.000338751 0 0.000338751 -6.19194e-18 0 0 0 0
Plastic strain_rate_mean 0 0 0 0 0 0 0 0 0
Dissipation 0.0025902
End step 23
Begin step 24
Stress 7.70907e-13 86.0386 2.00028e-13 86.0386 -8.11658e-13 3.92198e-12 2.00028e-13 3.92198e-12 -1.22359e-14
Strain 0 0.0008 0 0.0008 0 0 0 0 0
Strain mean -8.13918e-20 0.0008 1.00014e-18 0.0008 3.50519e-32 1.96099e-17 1.00014e-18 1.96099e-17 9.93058e-34
Plastic strain_mean -3.99711e-18 0.000369807 0 0.000369807 3.99711e-18 0 0 0 0
Plastic strain_rate_mean 0 0 0 0 0 0 0 0 0
Dissipation 0.00266706
End step 24
Begin step 25
Stress 1.09393e-12 86.3811 7.95356e-14 86.3811 -1.06654e-12 1.93392e-12 7.95356e-14 1.93392e-12 8.22714e-15
Strain 0 0.000833333 0 0.000833333 0 0 0 0 0
Strain mean 5.4726e-20 0.000833333 3.97678e-19 0.000833333 -2.10348e-33 9.66962e-18 3.97678e-19 9.66962e-18 -2.73843e-34
Plastic strain_mean -5.37381e-18 0.000401428 0 0.000401428 5.37381e-18 0 0 0 0
Plastic strain_rate_mean 0 0 0 0 0 0 0 0 0
Dissipation 0.00272605
End step 25
Begin step 26
Stress 1.39796e-12 86.6386 1.44606e-13 86.6386 -1.27824e-12 8.95857e-13 1.44606e-13 8.95857e-13 3.59479e-14
Strain 0 0.000866667 0 0.000866667 0 0 0 0 0
Strain mean 2.39121e-19 0.000866667 7.23032e-19 0.000866667 -1.17482e-32 4.47928e-18 7.23032e-19 4.47928e-18 1.54375e-33
Plastic strain_mean -6.57095e-18 0.000433474 0 0.000433474 6.57095e-18 0 0 0 0
Plastic strain_rate_mean 0 0 0 0 0 0 0 0 0
Dissipation 0.00277056
End step 26
Begin step 27
Stress 1.54488e-12 86.833 2.82147e-14 86.833 -1.49831e-12 5.57326e-13 2.82147e-14 5.57326e-13 1.39826e-14
Strain 0 0.0009 0 0.0009 0 0 0 0 0
Strain mean 9.3011e-20 0.0009 1.41074e-19 0.0009 1.58889e-33 2.78663e-18 1.41074e-19 2.78663e-18 1.51216e-33
Plastic strain_mean -7.56147e-18 0.000465835 0 0.000465835 7.56147e-18 0 0 0 0
Plastic strain_rate_mean 0 0 0 0 0 0 0 0 0
Dissipation 0.00280374
End step 27
Begin step 28
Stress 4.57223e-13 86.9811 8.13134e-13 86.9811 -3.11717e-13 1.29414e-12 8.13134e-13 1.29414e-12 4.36903e-14
Strain 0 0.000933333 0 0.000933333 0 0 0 0 0
Strain mean 2.90623e-19 0.000933333 4.06567e-18 0.000933333 -6.25927e-33 6.47069e-18 4.06567e-18 6.47069e-18 -3.46366e-33
Plastic strain_mean -1.77704e-18 0.000498428 0 0.000498428 1.77704e-18 0 0 0 0
Plastic strain_rate_mean 0 0 0 0 0 0 0 0 0
Dissipation 0.00282827
End step 28
Begin step 29
Stress -2.60817e-13 87.0954 -1.21758e-12 87.0954 2.98688e-13 -4.77896e-13 -1.21758e-12 -4.77896e-13 1.13713e-14
Strain 0 0.000966667 0 0.000966667 0 0 0 0 0
Strain mean 7.56404e-20 0.000966667 -6.08789e-18 0.000966667 9.31669e-33 -2.38948e-18 -6.08789e-18 -2.38948e-18 -1.76343e-33
Plastic strain_mean 1.43658e-18 0.00053119 0 0.00053119 -1.43658e-18 0 0 0 0
Plastic strain_rate_mean 0 0 0 0 0 0 0 0 0
Dissipation 0.00284632
End step 29
Begin step 30
Stress -9.24018e-13 87.1851 -2.67365e-13 87.1851 1.00436e-12 -6.01995e-13 -2.67365e-13 -6.01995e-13 2.41225e-14
Strain 0 0.001 0 0.001 0 0 0 0 0
Strain mean 1.6046e-19 0.001 -1.33682e-18 0.001 1.19287e-32 -3.00997e-18 -1.33682e-18 -3.00997e-18 -1.6724e-33
Plastic strain_mean 4.90116e-18 0.000564075 0 0.000564075 -4.90116e-18 0 0 0 0
Plastic strain_rate_mean 0 0 0 0 0 0 0 0 0
Dissipation 0.00285959
End step 30
