Begin step 0
Stress 0 0 0 0 0 0 0 0 0
Strain 0 0 0 0 0 0 0 0 0
Strain mean 0 0 0 0 0 0 0 0 0
Plastic strain_mean 0 0 0 0 0 0 0 0 0
Plastic strain_rate_mean 0 0 0 0 0 0 0 0 0
Dissipation 0
End step 0
Begin step 1
Stress -1.35154e-15 6.66667 1.37184e-16 6.66667 -5.79987e-16 2.24301e-17 1.37184e-16 2.24301e-17 -5.79972e-16
Strain 0 3.33333e-05 0 3.33333e-05 0 0 0 0 0
Strain mean -3.85791e-21 3.33333e-05 6.85921e-22 3.33333e-05 -2.18495e-36 1.1215e-22 6.85921e-22 1.1215e-22 -7.0346e-37
Plastic strain_mean -7.44638e-26 1.6874e-16 0 1.6874e-16 7.44638e-26 0 0 0 0
Plastic strain_rate_mean 0 0 0 0 0 0 0 0 0
Dissipation 1.12493e-15
End step 1
Begin step 2
Stress -1.81364e-15 13.3333 8.97654e-15 13.3333 -7.93236e-16 3.03792e-17 8.97654e-15 3.03792e-17 -7.82757e-16
Strain 0 6.66667e-05 0 6.66667e-05 0 0 0 0 0
Strain mean -5.20681e-21 6.66667e-05 4.48827e-20 6.66667e-05 -1.6163e-36 1.51896e-22 4.48827e-20 1.51896e-22 -7.05297e-38
Plastic strain_mean -5.23922e-23 1.72958e-13 0 1.72958e-13 5.23922e-23 0 0 0 0
Plastic strain_rate_mean 0 0 0 0 0 0 0 0 0
Dissipation 2.30386e-12
End step 2
Begin step 3
Stress 4.40416e-15 20 5.09706e-15 20 1.84944e-15 2.11242e-14 5.09706e-15 2.11242e-14 1.87774e-15
Strain 0 0.0001 0 0.0001 0 0 0 0 0
Strain mean 1.24905e-20 0.0001 2.54853e-20 0.0001 7.52316e-37 1.05621e-19 2.54853e-20 1.05621e-19 -1.45526e-35
Plastic strain_mean -1.41535e-22 1.01369e-11 0 1.01369e-11 1.41535e-22 0 0 0 0
Plastic strain_rate_mean 0 0 0 0 0 0 0 0 0
Dissipation 1.99278e-10
End step 3
Begin step 4
Stress -1.12228e-14 26.6666 -1.88514e-12 26.6666 -2.91324e-15 -8.30531e-13 -1.88514e-12 -8.30531e-13 -4.24458e-15
Strain 0 0.000133333 0 0.000133333 0 0 0 0 0
Strain mean -2.82344e-20 0.000133333 -9.42568e-18 0.000133333 -3.00927e-36 -4.15265e-18 -9.42568e-18 -4.15265e-18 1.02315e-33
Plastic strain_mean 6.6567e-21 1.8707e-10 0 1.8707e-10 -6.6567e-21 0 0 0 0
Plastic strain_rate_mean 0 0 0 0 0 0 0 0 0
Dissipation 4.71822e-09
End step 4
Begin step 5
Stress 1.91075e-14 33.333 -4.95991e-12 33.333 3.85631e-15 -8.87329e-13 -4.95991e-12 -8.87329e-13 6.89525e-15
Strain 0 0.000166667 0 0.000166667 0 0 0 0 0
Strain mean 4.58664e-20 0.000166667 -2.47995e-17 0.000166667 -1.38426e-34 -4.43664e-18 -2.47995e-17 -4.43664e-18 7.99148e-34
Plastic strain_mean -1.51947e-20 1.83474e-09 0 1.83474e-09 1.51947e-20 0 0 0 0
Plastic strain_rate_mean 0 0 0 0 0 0 0 0 0
Dissipation 5.49217e-08
End step 5
Begin step 6
Stress 4.30431e-14 39.9976 -5.6304e-12 39.9976 -3.19321e-14 1.84684e-12 -5.6304e-12 1.84684e-12 3.33627e-15
Strain 0 0.0002 0 0.0002 0 0 0 0 0
Strain mean 2.21925e-20 0.0002 -2.8152e-17 0.0002 5.05557e-34 9.23421e-18 -2.8152e-17 9.23421e-18 -3.00325e-33
Plastic strain_mean -1.76342e-19 1.20316e-08 0 1.20316e-08 1.76342e-19 0 0 0 0
Plastic strain_rate_mean 0 0 0 0 0 0 0 0 0
Dissipation 4.07851e-07
End step 6
Begin step 7
Stress 7.3609e-14 46.6548 -2.2703e-12 46.6548 -5.40701e-14 2.12131e-13 -2.2703e-12 2.12131e-13 5.86686e-15
Strain 0 0.000233333 0 0.000233333 0 0 0 0 0
Strain mean 3.90257e-20 0.000233333 -1.13515e-17 0.000233333 -2.40741e-35 1.06065e-18 -1.13515e-17 1.06065e-18 -1.91389e-33
Plastic strain_mean -2.99685e-19 5.95745e-08 0 5.95745e-08 2.99685e-19 0 0 0 0
Plastic strain_rate_mean 0 0 0 0 0 0 0 0 0
Dissipation 2.2181e-06
End step 7
Begin step 8
Stress 1.26964e-13 53.2855 1.58652e-12 53.2855 -1.18049e-13 -2.76077e-12 1.58652e-12 -2.76077e-12 2.67688e-15
Strain 0 0.000266667 0 0.000266667 0 0 0 0 0
Strain mean 1.78063e-20 0.000266667 7.93258e-18 0.000266667 -6.52108e-32 -1.38038e-17 7.93258e-18 -1.38038e-17 -5.35649e-34
Plastic strain_mean -6.03632e-19 2.39134e-07 0 2.39134e-07 6.03632e-19 0 0 0 0
Plastic strain_rate_mean 0 0 0 0 0 0 0 0 0
Dissipation 9.56788e-06
End step 8
Begin step 9
Stress 1.4969e-13 59.8377 1.47465e-12 59.8377 -1.26661e-13 2.45076e-12 1.47465e-12 2.45076e-12 6.9149e-15
Strain 0 0.0003 0 0.0003 0 0 0 0 0
Strain mean 4.59971e-20 0.0003 7.37326e-18 0.0003 -4.22068e-31 1.22538e-17 7.37326e-18 1.22538e-17 -2.73223e-33
Plastic strain_mean -6.6788e-19 8.11711e-07 0 8.11711e-07 6.6788e-19 0 0 0 0
Plastic strain_rate_mean 0 0 0 0 0 0 0 0 0
Dissipation 3.42615e-05
End step 9
Begin step 10
Stress 2.29917e-14 66.1903 1.24748e-13 66.1903 -9.95364e-15 2.05328e-12 1.24748e-13 2.05328e-12 3.91488e-15
Strain 0 0.000333333 0 0.000333333 0 0 0 0 0
Strain mean 2.60413e-20 0.000333333 6.23741e-19 0.000333333 -1.11319e-31 1.02664e-17 6.23741e-19 1.02664e-17 2.82871e-34
Plastic strain_mean -6.93426e-20 2.38192e-06 0 2.38192e-06 6.93426e-20 0 0 0 0
Plastic strain_rate_mean 0 0 0 0 0 0 0 0 0
Dissipation 0.000103931
End step 10
Begin step 11
Stress -3.7559e-13 72.1169 -2.98162e-13 72.1169 3.45209e-13 1.40247e-12 -2.98162e-13 1.40247e-12 -9.12234e-15
Strain 0 0.000366667 0 0.000366667 0 0 0 0 0
Strain mean -6.06808e-20 0.000366667 -1.49081e-18 0.000366667 -4.5529e-31 7.01237e-18 -1.49081e-18 7.01237e-18 3.82177e-34
Plastic strain_mean 1.77166e-18 6.08206e-06 0 6.08206e-06 -1.77166e-18 0 0 0 0
Plastic strain_rate_mean 0 0 0 0 0 0 0 0 0
Dissipation 0.000266834
End step 11
Begin step 12
Stress 1.13661e-13 77.3028 3.86764e-12 77.3028 -9.16862e-14 1.12187e-11 3.86764e-12 1.12187e-11 6.59831e-15
Strain 0 0.0004 0 0.0004 0 0 0 0 0
Strain mean 4.38912e-20 0.0004 1.93382e-17 0.0004 -9.98234e-32 5.60934e-17 1.93382e-17 5.60934e-17 -1.73334e-33
Plastic strain_mean -4.91422e-19 1.34862e-05 0 1.34862e-05 4.91422e-19 0 0 0 0
Plastic strain_rate_mean 0 0 0 0 0 0 0 0 0
Dissipation 0.000572322
End step 12
Begin step 13
Stress 4.43511e-13 81.4693 -4.2423e-13 81.4693 -4.18322e-13 5.91961e-13 -4.2423e-13 5.91961e-13 7.56338e-15
Strain 0 0.000433333 0 0.000433333 0 0 0 0 0
Strain mean 5.03107e-20 0.000433333 -2.12115e-18 0.000433333 -2.32075e-32 2.9598e-18 -2.12115e-18 2.9598e-18 -1.52269e-33
Plastic strain_mean -2.12943e-18 2.59871e-05 0 2.59871e-05 2.12943e-18 0 0 0 0
Plastic strain_rate_mean 0 0 0 0 0 0 0 0 0
Dissipation 0.0010183
End step 13
Begin step 14
Stress -6.67097e-13 84.5278 1.14929e-13 84.5278 6.98161e-13 -2.26577e-13 1.14929e-13 -2.26577e-13 9.32759e-15
Strain 0 0.000466667 0 0.000466667 0 0 0 0 0
Strain mean 6.2046e-20 0.000466667 5.74646e-19 0.000466667 -8.55685e-33 -1.13289e-18 5.74646e-19 -1.13289e-18 3.67206e-33
Plastic strain_mean 3.44417e-18 4.40279e-05 0 4.40279e-05 -3.44417e-18 0 0 0 0
Plastic strain_rate_mean 0 0 0 0 0 0 0 0 0
Dissipation 0.00152464
End step 14
Begin step 15
Stress -3.57896e-13 86.6047 -1.78578e-13 86.6047 2.63685e-13 -1.71441e-12 -1.78578e-13 -1.71441e-12 -2.82884e-14
Strain 0 0.0005 0 0.0005 0 0 0 0 0
Strain mean -1.88171e-19 0.0005 -8.92892e-19 0.0005 -4.02519e-32 -8.57204e-18 -8.92892e-19 -8.57204e-18 3.75556e-33
Plastic strain_mean 1.45987e-18 6.69765e-05 0 6.69765e-05 -1.45987e-18 0 0 0 0
Plastic strain_rate_mean 0 0 0 0 0 0 0 0 0
Dissipation 0.00198685
End step 15
Begin step 16
Stress -1.24378e-12 87.9374 -4.46025e-13 87.9374 1.30458e-12 -4.33178e-16 -4.46025e-13 -4.33178e-16 1.82578e-14
Strain 0 0.000533333 0 0.000533333 0 0 0 0 0
Strain mean 1.21449e-19 0.000533333 -2.23012e-18 0.000533333 -7.22224e-34 -2.16589e-21 -2.23012e-18 -2.16589e-21 -7.34261e-34
Plastic strain_mean 6.43163e-18 9.36462e-05 0 9.36462e-05 -6.43163e-18 0 0 0 0
Plastic strain_rate_mean 0 0 0 0 0 0 0 0 0
Dissipation 0.00234431
End step 16
Begin step 17
Stress 8.20792e-13 88.7631 -1.32874e-12 88.7631 -8.75649e-13 2.16576e-12 -1.32874e-12 2.16576e-12 -1.64717e-14
Strain 0 0.000566667 0 0.000566667 0 0 0 0 0
Strain mean -1.09568e-19 0.000566667 -6.64371e-18 0.000566667 -1.01834e-32 1.08288e-17 -6.64371e-18 1.08288e-17 -1.33912e-33
Plastic strain_mean -4.29589e-18 0.000122851 0 0.000122851 4.29589e-18 0 0 0 0
Plastic strain_rate_mean 0 0 0 0 0 0 0 0 0
Dissipation 0.00259099
End step 17
Begin step 18
Stress 2.22098e-12 89.2661 -1.2865e-12 89.2661 -2.22259e-12 5.89166e-15 -1.2865e-12 5.89166e-15 -4.8472e-16
Strain 0 0.0006 0 0.0006 0 0 0 0 0
Strain mean -3.2243e-21 0.0006 -6.43248e-18 0.0006 -1.55037e-32 2.94583e-20 -6.43248e-18 2.94583e-20 -2.07037e-33
Plastic strain_mean -1.11105e-17 0.000153669 0 0.000153669 1.11105e-17 0 0 0 0
Plastic strain_rate_mean 0 0 0 0 0 0 0 0 0
Dissipation 0.00274928
End step 18
Begin step 19
Stress 2.33292e-12 89.5723 -1.36894e-12 89.5723 -2.37748e-12 -9.85679e-13 -1.36894e-12 -9.85679e-13 -1.338e-14
Strain 0 0.000633333 0 0.000633333 0 0 0 0 0
Strain mean -8.90024e-20 0.000633333 -6.84469e-18 0.000633333 -4.40556e-33 -4.92839e-18 -6.84469e-18 -4.92839e-18 -1.62199e-33
Plastic strain_mean -1.18205e-17 0.000185472 0 0.000185472 1.18205e-17 0 0 0 0
Plastic strain_rate_mean 0 0 0 0 0 0 0 0 0
Dissipation 0.00284648
End step 19
Begin step 20
Stress -1.17243e-12 89.7614 -5.49238e-13 89.7614 1.20041e-12 -1.25719e-12 -5.49238e-13 -1.25719e-12 8.40181e-15
Strain 0 0.000666667 0 0.000666667 0 0 0 0 0
Strain mean 5.58879e-20 0.000666667 -2.74619e-18 0.000666667 -8.8352e-33 -6.28594e-18 -2.74619e-18 -6.28594e-18 -3.32524e-33
Plastic strain_mean 5.96005e-18 0.00021786 0 0.00021786 -5.96005e-18 0 0 0 0
Plastic strain_rate_mean 0 0 0 0 0 0 0 0 0
Dissipation 0.00290471
End step 20
Begin step 21
Stress -1.22954e-12 89.8817 -1.64713e-15 89.8817 1.25938e-12 -5.88244e-13 -1.64713e-15 -5.88244e-13 8.96077e-15
Strain 0 0.0007 0 0.0007 0 0 0 0 0
Strain mean 5.9606e-20 0.0007 -8.23567e-21 0.0007 -1.32408e-33 -2.94122e-18 -8.23567e-21 -2.94122e-18 -1.92499e-34
Plastic strain_mean 6.25211e-18 0.000250591 0 0.000250591 -6.25211e-18 0 0 0 0
Plastic strain_rate_mean 0 0 0 0 0 0 0 0 0
Dissipation 0.00293916
End step 21
Begin step 22
Stress -1.60879e-12 89.962 -1.51313e-12 89.962 1.70593e-12 2.94234e-13 -1.51313e-12 2.94234e-13 2.91662e-14
Strain 0 0.000733333 0 0.000733333 0 0 0 0 0
Strain mean 1.9401e-19 0.000733333 -7.56563e-18 0.000733333 7.46298e-34 1.47117e-18 -7.56563e-18 1.47117e-18 -1.4926e-33
Plastic strain_mean 8.3838e-18 0.000283523 0 0.000283523 -8.3838e-18 0 0 0 0
Plastic strain_rate_mean 0 0 0 0 0 0 0 0 0
Dissipation 0.00295948
End step 22
Begin step 23
Stress 2.95316e-14 90.019 -1.37826e-12 90.019 -4.48311e-14 5.74381e-13 -1.37826e-12 5.74381e-13 -4.59392e-15
Strain 0 0.000766667 0 0.000766667 0 0 0 0 0
Strain mean -3.05583e-20 0.000766667 -6.89132e-18 0.000766667 -4.47026e-33 2.87191e-18 -6.89132e-18 2.87191e-18 2.13206e-33
Plastic strain_mean -2.01186e-19 0.000316572 0 0.000316572 2.01186e-19 0 0 0 0
Plastic strain_rate_mean 0 0 0 0 0 0 0 0 0
Dissipation 0.00297151
End step 23
Begin step 24
Stress 8.68316e-13 90.0625 -1.10773e-12 90.0625 -8.46123e-13 -6.59824e-13 -1.10773e-12 -6.59824e-13 6.66381e-15
Strain 0 0.0008 0 0.0008 0 0 0 0 0
Strain mean 4.43269e-20 0.0008 -5.53867e-18 0.0008 -3.62316e-33 -3.29912e-18 -5.53867e-18 -3.29912e-18 -3.12964e-34
Plastic strain_mean -4.26393e-18 0.000349688 0 0.000349688 4.26393e-18 0 0 0 0
Plastic strain_rate_mean 0 0 0 0 0 0 0 0 0
Dissipation 0.00297874
End step 24
Begin step 25
Stress -9.99643e-13 90.0981 2.97493e-13 90.0981 1.024e-12 2.04564e-12 2.97493e-13 2.04564e-12 7.31447e-15
Strain 0 0.000833333 0 0.000833333 0 0 0 0 0
Strain mean 4.8655e-20 0.000833333 1.48747e-18 0.000833333 -1.36741e-32 1.02282e-17 1.48747e-18 1.02282e-17 2.93704e-33
Plastic strain_mean 5.08344e-18 0.000382843 0 0.000382843 -5.08344e-18 0 0 0 0
Plastic strain_rate_mean 0 0 0 0 0 0 0 0 0
Dissipation 0.00298318
End step 25
Begin step 26
Stress 2.59712e-13 90.1291 -8.87502e-13 90.1291 -3.42609e-13 -5.92172e-13 -8.87502e-13 -5.92172e-13 -2.4891e-14
Strain 0 0.000866667 0 0.000866667 0 0 0 0 0
Strain mean -1.65572e-19 0.000866667 -4.43751e-18 0.000866667 8.52224e-33 -2.96086e-18 -4.43751e-18 -2.96086e-18 -5.03206e-34
Plastic strain_mean -1.58859e-18 0.000416021 0 0.000416021 1.58859e-18 0 0 0 0
Plastic strain_rate_mean 0 0 0 0 0 0 0 0 0
Dissipation 0.00298601
End step 26
Begin step 27
Stress 6.74094e-13 90.1574 -7.97049e-13 90.1574 -6.63361e-13 -5.7267e-13 -7.97049e-13 -5.7267e-13 3.22273e-15
Strain 0 0.0009 0 0.0009 0 0 0 0 0
Strain mean 2.14373e-20 0.0009 -3.98525e-18 0.0009 2.11852e-33 -2.86335e-18 -3.98525e-18 -2.86335e-18 1.12283e-34
Plastic strain_mean -3.33292e-18 0.000449213 0 0.000449213 3.33292e-18 0 0 0 0
Plastic strain_rate_mean 0 0 0 0 0 0 0 0 0
Dissipation 0.00298791
End step 27
Begin step 28
Stress 7.92381e-13 90.1841 -9.4974e-13 90.1841 -7.80921e-13 -4.50838e-13 -9.4974e-13 -4.50838e-13 3.44108e-15
Strain 0 0.000933333 0 0.000933333 0 0 0 0 0
Strain mean 2.28896e-20 0.000933333 -4.7487e-18 0.000933333 2.64815e-33 -2.25419e-18 -4.7487e-18 -2.25419e-18 -3.8481e-34
Plastic strain_mean -3.92181e-18 0.000482413 0 0.000482413 3.92181e-18 0 0 0 0
Plastic strain_rate_mean 0 0 0 0 0 0 0 0 0
Dissipation 0.00298928
End step 28
Begin step 29
Stress 6.45617e-13 90.2097 -9.44211e-13 90.2097 -7.83836e-13 -3.66622e-13 -9.44211e-13 -3.66622e-13 -4.15025e-14
Strain 0 0.000966667 0 0.000966667 0 0 0 0 0
Strain mean -2.7607e-19 0.000966667 -4.72106e-18 0.000966667 -2.16186e-32 -1.83311e-18 -4.72106e-18 -1.83311e-18 -1.72657e-34
Plastic strain_mean -3.71167e-18 0.000515618 0 0.000515618 3.71167e-18 0 0 0 0
Plastic strain_rate_mean 0 0 0 0 0 0 0 0 0
Dissipation 0.00299035
End step 29
Begin step 30
Stress 5.9541e-13 90.2346 -1.01121e-12 90.2346 -6.84299e-13 -2.94511e-13 -1.01121e-12 -2.94511e-13 -2.66902e-14
Strain 0 0.001 0 0.001 0 0 0 0 0
Strain mean -1.7754e-19 0.001 -5.05605e-18 0.001 -1.19408e-32 -1.47256e-18 -5.05605e-18 -1.47256e-18 -4.61922e-34
Plastic strain_mean -3.28804e-18 0.000548827 0 0.000548827 3.28804e-18 0 0 0 0
Plastic strain_rate_mean 0 0 0 0 0 0 0 0 0
Dissipation 0.00299123
End step 30
