Begin step 0
Stress 0 0 0 0 0 0 0 0 0
Strain 0 0 0 0 0 0 0 0 0
Strain mean 0 0 0 0 0 0 0 0 0
Plastic strain_mean 0 0 0 0 0 0 0 0 0
Plastic strain_rate_mean 0 0 0 0 0 0 0 0 0
Dissipation 0
End step 0
Begin step 1
Stress -7.95737e-13 4.81249 -7.67934e-13 4.81249 7.97137e-13 -8.55283e-13 -7.67934e-13 -8.55283e-13 4.20309e-16
Strain 0 3.33333e-05 0 3.33333e-05 0 0 0 0 0
Strain mean 2.79585e-21 3.33333e-05 -3.83967e-18 3.33333e-05 5.25297e-32 -4.27642e-18 -3.83967e-18 -4.27642e-18 -2.29701e-33
Plastic strain_mean 3.98358e-18 9.27089e-06 0 9.27089e-06 -3.98358e-18 0 0 0 0
Plastic strain_rate_mean 0 0 0 0 0 0 0 0 0
Dissipation 4.45858e-05
End step 1
Begin step 2
Stress 2.57342e-12 8.28759 -2.64546e-12 8.28759 -2.57257e-12 -1.81095e-12 -2.64546e-12 -1.81095e-12 2.53277e-16
Strain 0 6.66667e-05 0 6.66667e-05 0 0 0 0 0
Strain mean 1.68477e-21 6.66667e-05 -1.32273e-17 6.66667e-05 -1.14978e-31 -9.05477e-18 -1.32273e-17 -9.05477e-18 2.68126e-33
Plastic strain_mean -1.28641e-17 2.52287e-05 0 2.52287e-05 1.28641e-17 0 0 0 0
Plastic strain_rate_mean 0 0 0 0 0 0 0 0 0
Dissipation 0.000132111
End step 2
Begin step 3
Stress 3.62689e-12 10.7981 -6.1078e-13 10.7981 -3.61639e-12 -8.45566e-14 -6.1078e-13 -8.45566e-14 3.15123e-15
Strain 0 0.0001 0 0.0001 0 0 0 0 0
Strain mean 2.09616e-20 0.0001 -3.0539e-18 0.0001 1.49741e-32 -4.22783e-19 -3.0539e-18 -4.22783e-19 -3.29627e-33
Plastic strain_mean -1.80977e-17 4.60095e-05 0 4.60095e-05 1.80977e-17 0 0 0 0
Plastic strain_rate_mean 0 0 0 0 0 0 0 0 0
Dissipation 0.000224062
End step 3
Begin step 4
Stress 2.13771e-13 12.6129 1.81933e-12 12.6129 -2.15643e-13 1.48645e-13 1.81933e-12 1.48645e-13 -5.62232e-16
Strain 0 0.000133333 0 0.000133333 0 0 0 0 0
Strain mean -3.7399e-21 0.000133333 9.09663e-18 0.000133333 4.75103e-32 7.43225e-19 9.09663e-18 7.43225e-19 2.56088e-33
Plastic strain_mean -1.0754e-18 7.02688e-05 0 7.02688e-05 1.0754e-18 0 0 0 0
Plastic strain_rate_mean 0 0 0 0 0 0 0 0 0
Dissipation 0.000305395
End step 4
Begin step 5
Stress -1.93161e-12 13.9259 -2.77816e-12 13.9259 1.95781e-12 -2.06447e-12 -2.77816e-12 -2.06447e-12 7.86578e-15
Strain 0 0.000166667 0 0.000166667 0 0 0 0 0
Strain mean 5.23223e-20 0.000166667 -1.38908e-17 0.000166667 -7.22224e-34 -1.03224e-17 -1.38908e-17 -1.03224e-17 -5.71159e-33
Plastic strain_mean 9.74971e-18 9.70371e-05 0 9.70371e-05 -9.74971e-18 0 0 0 0
Plastic strain_rate_mean 0 0 0 0 0 0 0 0 0
Dissipation 0.000371889
End step 5
Begin step 6
Stress -2.34429e-12 14.877 -1.8223e-12 14.877 2.35297e-12 -1.61306e-12 -1.8223e-12 -1.61306e-12 2.60701e-15
Strain 0 0.0002 0 0.0002 0 0 0 0 0
Strain mean 1.73415e-20 0.0002 -9.11148e-18 0.0002 3.82779e-33 -8.06532e-18 -9.11148e-18 -8.06532e-18 -2.38785e-33
Plastic strain_mean 1.17518e-17 0.000125615 0 0.000125615 -1.17518e-17 0 0 0 0
Plastic strain_rate_mean 0 0 0 0 0 0 0 0 0
Dissipation 0.000423942
End step 6
Begin step 7
Stress -2.11694e-12 15.5671 -1.17069e-12 15.5671 2.1086e-12 -1.28439e-12 -1.17069e-12 -1.28439e-12 -2.50657e-15
Strain 0 0.000233333 0 0.000233333 0 0 0 0 0
Strain mean -1.66734e-20 0.000233333 -5.85346e-18 0.000233333 3.85186e-33 -6.42195e-18 -5.85346e-18 -6.42195e-18 -1.78638e-33
Plastic strain_mean 1.05555e-17 0.000155498 0 0.000155498 -1.05555e-17 0 0 0 0
Plastic strain_rate_mean 0 0 0 0 0 0 0 0 0
Dissipation 0.00046364
End step 7
Begin step 8
Stress -1.67639e-12 16.0689 -7.31689e-13 16.0689 1.69895e-12 -1.05143e-12 -7.31689e-13 -1.05143e-12 6.77407e-15
Strain 0 0.000266667 0 0.000266667 0 0 0 0 0
Strain mean 4.50604e-20 0.000266667 -3.65844e-18 0.000266667 1.61297e-33 -5.25715e-18 -3.65844e-18 -5.25715e-18 -1.25938e-33
Plastic strain_mean 8.4609e-18 0.000186322 0 0.000186322 -8.4609e-18 0 0 0 0
Plastic strain_rate_mean 0 0 0 0 0 0 0 0 0
Dissipation 0.000493416
End step 8
Begin step 9
Stress -1.832e-12 16.4348 2.24704e-13 16.4348 1.81544e-12 -2.28784e-12 2.24704e-13 -2.28784e-12 -4.97384e-15
Strain 0 0.0003 0 0.0003 0 0 0 0 0
Strain mean -3.30854e-20 0.0003 1.12352e-18 0.0003 -4.1889e-33 -1.14392e-17 1.12352e-18 -1.14392e-17 1.5588e-33
Plastic strain_mean 9.10207e-18 0.000217826 0 0.000217826 -9.10207e-18 0 0 0 0
Plastic strain_rate_mean 0 0 0 0 0 0 0 0 0
Dissipation 0.00051551
End step 9
Begin step 10
Stress -1.6069e-12 16.7027 1.04313e-13 16.7027 1.58619e-12 -1.83873e-12 1.04313e-13 -1.83873e-12 -6.21948e-15
Strain 0 0.000333333 0 0.000333333 0 0 0 0 0
Strain mean -4.13713e-20 0.000333333 5.21566e-19 0.000333333 -1.10741e-32 -9.19366e-18 5.21566e-19 -9.19366e-18 1.22176e-33
Plastic strain_mean 7.96205e-18 0.00024982 0 0.00024982 -7.96205e-18 0 0 0 0
Plastic strain_rate_mean 0 0 0 0 0 0 0 0 0
Dissipation 0.000531791
End step 10
Begin step 11
Stress -1.19854e-12 16.8999 9.09167e-14 16.8999 1.24083e-12 -4.12685e-13 9.09167e-14 -4.12685e-13 1.26988e-14
Strain 0 0.000366667 0 0.000366667 0 0 0 0 0
Strain mean 8.44709e-20 0.000366667 4.54583e-19 0.000366667 3.29816e-33 -2.06343e-18 4.54583e-19 -2.06343e-18 2.88889e-34
Plastic strain_mean 6.14064e-18 0.000282167 0 0.000282167 -6.14064e-18 0 0 0 0
Plastic strain_rate_mean 0 0 0 0 0 0 0 0 0
Dissipation 0.000543737
End step 11
Begin step 12
Stress -1.19845e-12 17.046 -7.18071e-14 17.046 1.21521e-12 3.52403e-12 -7.18071e-14 3.52403e-12 5.03061e-15
Strain 0 0.0004 0 0.0004 0 0 0 0 0
Strain mean 3.3463e-20 0.0004 -3.59035e-19 0.0004 -7.27039e-33 1.76201e-17 -3.59035e-19 1.76201e-17 -2.43901e-33
Plastic strain_mean 6.05088e-18 0.00031477 0 0.00031477 -6.05088e-18 0 0 0 0
Plastic strain_rate_mean 0 0 0 0 0 0 0 0 0
Dissipation 0.000552484
End step 12
Begin step 13
Stress 8.42864e-13 17.1553 8.44588e-13 17.1553 -8.8629e-13 -2.54984e-12 8.44588e-13 -2.54984e-12 -1.30394e-14
Strain 0 0.000433333 0 0.000433333 0 0 0 0 0
Strain mean -8.67366e-20 0.000433333 4.22294e-18 0.000433333 4.86297e-33 -1.27492e-17 4.22294e-18 -1.27492e-17 2.2419e-33
Plastic strain_mean -4.36625e-18 0.000347557 0 0.000347557 4.36625e-18 0 0 0 0
Plastic strain_rate_mean 0 0 0 0 0 0 0 0 0
Dissipation 0.000558884
End step 13
Begin step 14
Stress 9.83197e-13 17.238 -1.83099e-14 17.238 -9.88782e-13 1.06106e-12 -1.83099e-14 1.06106e-12 -1.67687e-15
Strain 0 0.000466667 0 0.000466667 0 0 0 0 0
Strain mean -1.11543e-20 0.000466667 -9.15497e-20 0.000466667 -3.82779e-33 5.30528e-18 -9.15497e-20 5.30528e-18 -1.43993e-33
Plastic strain_mean -4.93552e-18 0.000380477 0 0.000380477 4.93552e-18 0 0 0 0
Plastic strain_rate_mean 0 0 0 0 0 0 0 0 0
Dissipation 0.000563572
End step 14
Begin step 15
Stress 2.08424e-12 17.3015 1.49612e-12 17.3015 -2.0767e-12 -1.93215e-12 1.49612e-12 -1.93215e-12 2.26421e-15
Strain 0 0.0005 0 0.0005 0 0 0 0 0
Strain mean 1.50613e-20 0.0005 7.48059e-18 0.0005 7.22224e-33 -9.66074e-18 7.48059e-18 -9.66074e-18 -1.92593e-34
Plastic strain_mean -1.03948e-17 0.000413493 0 0.000413493 1.03948e-17 0 0 0 0
Plastic strain_rate_mean 0 0 0 0 0 0 0 0 0
Dissipation 0.000567015
End step 15
Begin step 16
Stress 2.29992e-12 17.3511 1.25067e-12 17.3511 -2.27557e-12 -1.14441e-12 1.25067e-12 -1.14441e-12 7.31229e-15
Strain 0 0.000533333 0 0.000533333 0 0 0 0 0
Strain mean 4.86405e-20 0.000533333 6.25337e-18 0.000533333 5.34446e-33 -5.72205e-18 6.25337e-18 -5.72205e-18 -1.34966e-33
Plastic strain_mean -1.14144e-17 0.000446578 0 0.000446578 1.14144e-17 0 0 0 0
Plastic strain_rate_mean 0 0 0 0 0 0 0 0 0
Dissipation 0.000569556
End step 16
Begin step 17
Stress 2.70498e-12 17.3906 2.73995e-12 17.3906 -2.67981e-12 -1.09912e-14 2.73995e-12 -1.09912e-14 7.55901e-15
Strain 0 0.000566667 0 0.000566667 0 0 0 0 0
Strain mean 5.02817e-20 0.000566667 1.36997e-17 0.000566667 -2.55788e-35 -5.49561e-20 1.36997e-17 -5.49561e-20 2.30876e-33
Plastic strain_mean -1.34368e-17 0.000479714 0 0.000479714 1.34368e-17 0 0 0 0
Plastic strain_rate_mean 0 0 0 0 0 0 0 0 0
Dissipation 0.000571443
End step 17
Begin step 18
Stress 1.60794e-12 17.4229 -4.31012e-13 17.4229 -1.60131e-12 -3.98156e-13 -4.31012e-13 -3.98156e-13 1.99128e-15
Strain 0 0.0006 0 0.0006 0 0 0 0 0
Strain mean 1.32458e-20 0.0006 -2.15506e-18 0.0006 5.29631e-34 -1.99078e-18 -2.15506e-18 -1.99078e-18 -8.03474e-34
Plastic strain_mean -8.0165e-18 0.000512885 0 0.000512885 8.0165e-18 0 0 0 0
Plastic strain_rate_mean 0 0 0 0 0 0 0 0 0
Dissipation 0.000572857
End step 18
Begin step 19
Stress 6.59226e-13 17.4499 -9.74911e-13 17.4499 -6.19225e-13 -1.62938e-13 -9.74911e-13 -1.62938e-13 1.2011e-14
Strain 0 0.000633333 0 0.000633333 0 0 0 0 0
Strain mean 7.98959e-20 0.000633333 -4.87455e-18 0.000633333 -2.40741e-33 -8.14691e-19 -4.87455e-18 -8.14691e-19 -1.73484e-33
Plastic strain_mean -3.15618e-18 0.000546084 0 0.000546084 3.15618e-18 0 0 0 0
Plastic strain_rate_mean 0 0 0 0 0 0 0 0 0
Dissipation 0.000573931
End step 19
Begin step 20
Stress -6.20023e-14 17.4732 -1.35298e-12 17.4732 1.57173e-13 -1.25484e-15 -1.35298e-12 -1.25484e-15 2.85767e-14
Strain 0 0.000666667 0 0.000666667 0 0 0 0 0
Strain mean 1.90089e-19 0.000666667 -6.76489e-18 0.000666667 1.82963e-33 -6.27422e-21 -6.76489e-18 -6.27422e-21 -2.00417e-33
Plastic strain_mean 6.42983e-19 0.000579301 0 0.000579301 -6.42983e-19 0 0 0 0
Plastic strain_rate_mean 0 0 0 0 0 0 0 0 0
Dissipation 0.000574759
End step 20
Begin step 21
Stress -6.3152e-13 17.4936 -1.61791e-12 17.4936 6.40188e-13 1.17013e-13 -1.61791e-12 1.17013e-13 2.60264e-15
Strain 0 0.0007 0 0.0007 0 0 0 0 0
Strain mean 1.73125e-20 0.0007 -8.08953e-18 0.0007 -1.82963e-33 5.85064e-19 -8.08953e-18 5.85064e-19 -2.38033e-33
Plastic strain_mean 3.18793e-18 0.000612532 0 0.000612532 -3.18793e-18 0 0 0 0
Plastic strain_rate_mean 0 0 0 0 0 0 0 0 0
Dissipation 0.000575409
End step 21
Begin step 22
Stress -9.08045e-13 17.512 -1.82255e-12 17.512 9.39997e-13 2.09179e-13 -1.82255e-12 2.09179e-13 9.59396e-15
Strain 0 0.000733333 0 0.000733333 0 0 0 0 0
Strain mean 6.38179e-20 0.000733333 -9.11276e-18 0.000733333 -1.44445e-34 1.04589e-18 -9.11276e-18 1.04589e-18 -2.39838e-33
Plastic strain_mean 4.65201e-18 0.000645773 0 0.000645773 -4.65201e-18 0 0 0 0
Plastic strain_rate_mean 0 0 0 0 0 0 0 0 0
Dissipation 0.000575932
End step 22
Begin step 23
Stress -1.00432e-12 17.5289 -1.91746e-12 17.5289 1.09064e-12 2.78124e-13 -1.91746e-12 2.78124e-13 2.59216e-14
Strain 0 0.000766667 0 0.000766667 0 0 0 0 0
Strain mean 1.72428e-19 0.000766667 -9.5873e-18 0.000766667 1.73334e-33 1.39062e-18 -9.5873e-18 1.39062e-18 -2.36227e-33
Plastic strain_mean 5.32361e-18 0.000679022 0 0.000679022 -5.32361e-18 0 0 0 0
Plastic strain_rate_mean 0 0 0 0 0 0 0 0 0
Dissipation 0.000576364
End step 23
Begin step 24
Stress -1.05729e-12 17.5448 -2.00104e-12 17.5448 1.12625e-12 3.3134e-13 -2.00104e-12 3.3134e-13 2.07054e-14
Strain 0 0.0008 0 0.0008 0 0 0 0 0
Strain mean 1.3773e-19 0.0008 -1.00052e-17 0.0008 2.88889e-34 1.6567e-18 -1.00052e-17 1.6567e-18 -2.35325e-33
Plastic strain_mean 5.52772e-18 0.000712276 0 0.000712276 -5.52772e-18 0 0 0 0
Plastic strain_rate_mean 0 0 0 0 0 0 0 0 0
Dissipation 0.00057673
End step 24
Begin step 25
Stress -1.10204e-12 17.5598 -2.11273e-12 17.5598 1.0546e-12 3.72118e-13 -2.11273e-12 3.72118e-13 -1.42447e-14
Strain 0 0.000833333 0 0.000833333 0 0 0 0 0
Strain mean -9.47538e-20 0.000833333 -1.05637e-17 0.000833333 3.41853e-33 1.86059e-18 -1.05637e-17 1.86059e-18 -1.97408e-33
Plastic strain_mean 5.34422e-18 0.000745534 0 0.000745534 -5.34422e-18 0 0 0 0
Plastic strain_rate_mean 0 0 0 0 0 0 0 0 0
Dissipation 0.000577049
End step 25
Begin step 26
Stress -1.01558e-12 17.5742 -2.07445e-12 17.5742 1.02175e-12 4.02317e-13 -2.07445e-12 4.02317e-13 1.85154e-15
Strain 0 0.000866667 0 0.000866667 0 0 0 0 0
Strain mean 1.23163e-20 0.000866667 -1.03723e-17 0.000866667 -1.87778e-33 2.01158e-18 -1.03723e-17 2.01158e-18 -1.34815e-33
Plastic strain_mean 5.09948e-18 0.000778796 0 0.000778796 -5.09948e-18 0 0 0 0
Plastic strain_rate_mean 0 0 0 0 0 0 0 0 0
Dissipation 0.000577334
End step 26
Begin step 27
Stress -9.71862e-13 17.5882 -2.07972e-12 17.5882 9.52868e-13 4.21323e-13 -2.07972e-12 4.21323e-13 -5.7031e-15
Strain 0 0.0009 0 0.0009 0 0 0 0 0
Strain mean -3.79364e-20 0.0009 -1.03986e-17 0.0009 -4.52594e-33 2.10662e-18 -1.03986e-17 2.10662e-18 -1.40533e-33
Plastic strain_mean 4.79286e-18 0.000812059 0 0.000812059 -4.79286e-18 0 0 0 0
Plastic strain_rate_mean 0 0 0 0 0 0 0 0 0
Dissipation 0.000577595
End step 27
Begin step 28
Stress -9.2056e-13 17.6019 -2.02843e-12 17.6019 8.607e-13 4.33154e-13 -2.02843e-12 4.33154e-13 -1.79739e-14
Strain 0 0.000933333 0 0.000933333 0 0 0 0 0
Strain mean -1.19561e-19 0.000933333 -1.01422e-17 0.000933333 -4.81482e-33 2.16577e-18 -1.01422e-17 2.16577e-18 -1.60996e-33
Plastic strain_mean 4.39337e-18 0.000845324 0 0.000845324 -4.39337e-18 0 0 0 0
Plastic strain_rate_mean 0 0 0 0 0 0 0 0 0
Dissipation 0.000577839
End step 28
Begin step 29
Stress -7.99502e-13 17.6152 -1.98357e-12 17.6152 8.07654e-13 4.42345e-13 -1.98357e-12 4.42345e-13 2.44762e-15
Strain 0 0.000966667 0 0.000966667 0 0 0 0 0
Strain mean 1.62813e-20 0.000966667 -9.91786e-18 0.000966667 5.87409e-33 2.21173e-18 -9.91786e-18 2.21173e-18 -8.63659e-34
Plastic strain_mean 4.02603e-18 0.00087859 0 0.00087859 -4.02603e-18 0 0 0 0
Plastic strain_rate_mean 0 0 0 0 0 0 0 0 0
Dissipation 0.000578072
End step 29
Begin step 30
Stress -6.73817e-13 17.6284 -1.80885e-12 17.6284 7.14044e-13 4.26061e-13 -1.80885e-12 4.26061e-13 1.20787e-14
Strain 0 0.001 0 0.001 0 0 0 0 0
Strain mean 8.03461e-20 0.001 -9.04426e-18 0.001 -1.34815e-33 2.1303e-18 -9.04426e-18 2.1303e-18 -1.19167e-33
Plastic strain_mean 3.50983e-18 0.000911858 0 0.000911858 -3.50983e-18 0 0 0 0
Plastic strain_rate_mean 0 0 0 0 0 0 0 0 0
Dissipation 0.000578296
End step 30
