Begin step 0
Stress 0 0 0 0 0 0 0 0 0
Strain 0 0 0 0 0 0 0 0 0
Strain mean 0 0 0 0 0 0 0 0 0
Plastic strain_mean 0 0 0 0 0 0 0 0 0
Plastic strain_rate_mean 0 0 0 0 0 0 0 0 0
Dissipation 0
End step 0
Begin step 1
Stress -6.21256e-15 6.66239 -1.44724e-12 6.66239 3.80565e-15 2.27442e-12 -1.44724e-12 2.27442e-12 -7.22713e-16
Strain 0 3.33333e-05 0 3.33333e-05 0 0 0 0 0
Strain mean -4.80741e-21 3.33333e-05 -7.23618e-18 3.33333e-05 1.95e-33 1.13721e-17 -7.23618e-18 1.13721e-17 1.53247e-33
Plastic strain_mean 2.26418e-20 2.14066e-08 0 2.14066e-08 -2.26418e-20 0 0 0 0
Plastic strain_rate_mean 0 0 0 0 0 0 0 0 0
Dissipation 1.42619e-07
End step 1
Begin step 2
Stress -5.44651e-14 13.3205 -6.46078e-12 13.3205 5.84644e-14 -7.0542e-12 -6.46078e-12 -7.0542e-12 1.20088e-15
Strain 0 6.66667e-05 0 6.66667e-05 0 0 0 0 0
Strain mean 7.98814e-21 6.66667e-05 -3.23039e-17 6.66667e-05 4.96505e-31 -3.5271e-17 -3.23039e-17 -3.5271e-17 9.81021e-34
Plastic strain_mean 2.86318e-19 6.42059e-08 0 6.42059e-08 -2.86318e-19 0 0 0 0
Plastic strain_rate_mean 0 0 0 0 0 0 0 0 0
Dissipation 5.70107e-07
End step 2
Begin step 3
Stress -1.04886e-13 19.9743 -6.30942e-12 19.9743 1.10304e-13 -6.94065e-12 -6.30942e-12 -6.94065e-12 1.62665e-15
Strain 0 0.0001 0 0.0001 0 0 0 0 0
Strain mean 1.08203e-20 0.0001 -3.15471e-17 0.0001 1.69867e-31 -3.47032e-17 -3.15471e-17 -3.47032e-17 1.28496e-33
Plastic strain_mean 5.43385e-19 1.28384e-07 0 1.28384e-07 -5.43385e-19 0 0 0 0
Plastic strain_rate_mean 0 0 0 0 0 0 0 0 0
Dissipation 1.28192e-06
End step 3
Begin step 4
Stress -1.68573e-13 26.6239 -6.39012e-12 26.6239 1.57272e-13 -6.99358e-12 -6.39012e-12 -6.99358e-12 -3.39304e-15
Strain 0 0.000133333 0 0.000133333 0 0 0 0 0
Strain mean -2.25701e-20 0.000133333 -3.19506e-17 0.000133333 -1.02652e-31 -3.49679e-17 -3.19506e-17 -3.49679e-17 7.85418e-34
Plastic strain_mean 8.03328e-19 2.13928e-07 0 2.13928e-07 -8.03328e-19 0 0 0 0
Plastic strain_rate_mean 0 0 0 0 0 0 0 0 0
Dissipation 2.2775e-06
End step 4
Begin step 5
Stress -2.13639e-13 33.2692 -6.3741e-12 33.2692 2.11835e-13 -6.97394e-12 -6.3741e-12 -6.97394e-12 -5.41489e-16
Strain 0 0.000166667 0 0.000166667 0 0 0 0 0
Strain mean -3.60192e-21 0.000166667 -3.18705e-17 0.000166667 2.29186e-32 -3.48697e-17 -3.18705e-17 -3.48697e-17 1.18565e-33
Plastic strain_mean 1.06188e-18 3.20823e-07 0 3.20823e-07 -1.06188e-18 0 0 0 0
Plastic strain_rate_mean 0 0 0 0 0 0 0 0 0
Dissipation 3.5563e-06
End step 5
Begin step 6
Stress -2.60327e-13 39.9102 -6.37726e-12 39.9102 2.65577e-13 -6.96923e-12 -6.37726e-12 -6.96923e-12 1.57643e-15
Strain 0 0.0002 0 0.0002 0 0 0 0 0
Strain mean 1.04862e-20 0.0002 -3.18863e-17 0.0002 -7.83853e-32 -3.48461e-17 -3.18863e-17 -3.48461e-17 5.38659e-34
Plastic strain_mean 1.32e-18 4.49056e-07 0 4.49056e-07 -1.32e-18 0 0 0 0
Plastic strain_rate_mean 0 0 0 0 0 0 0 0 0
Dissipation 5.11777e-06
End step 6
Begin step 7
Stress -3.8814e-13 46.5469 -2.50854e-12 46.5469 3.88649e-13 -4.46916e-12 -2.50854e-12 -4.46916e-12 1.5284e-16
Strain 0 0.000233333 0 0.000233333 0 0 0 0 0
Strain mean 1.01667e-21 0.000233333 -1.25427e-17 0.000233333 1.40834e-33 -2.23458e-17 -1.25427e-17 -2.23458e-17 5.63335e-33
Plastic strain_mean 1.94248e-18 5.98777e-07 0 5.98777e-07 -1.94248e-18 0 0 0 0
Plastic strain_rate_mean 0 0 0 0 0 0 0 0 0
Dissipation 6.96904e-06
End step 7
Begin step 8
Stress -3.87155e-13 53.179 -1.53392e-12 53.179 4.02992e-13 8.79168e-13 -1.53392e-12 8.79168e-13 4.7555e-15
Strain 0 0.000266667 0 0.000266667 0 0 0 0 0
Strain mean 3.1633e-20 0.000266667 -7.66959e-18 0.000266667 -8.85928e-33 4.39584e-18 -7.66959e-18 4.39584e-18 1.65133e-34
Plastic strain_mean 1.99118e-18 7.71493e-07 0 7.71493e-07 -1.99118e-18 0 0 0 0
Plastic strain_rate_mean 0 0 0 0 0 0 0 0 0
Dissipation 9.18483e-06
End step 8
Begin step 9
Stress -5.0583e-13 59.8053 -3.86378e-12 59.8053 4.90268e-13 4.52456e-12 -3.86378e-12 4.52456e-12 -4.67253e-15
Strain 0 0.0003 0 0.0003 0 0 0 0 0
Strain mean -3.10811e-20 0.0003 -1.93189e-17 0.0003 -5.41668e-35 2.26228e-17 -1.93189e-17 2.26228e-17 -4.02038e-33
Plastic strain_mean 2.4747e-18 9.73546e-07 0 9.73546e-07 -2.4747e-18 0 0 0 0
Plastic strain_rate_mean 0 0 0 0 0 0 0 0 0
Dissipation 1.20838e-05
End step 9
Begin step 10
Stress -4.92917e-13 66.4236 1.74039e-12 66.4236 4.85188e-13 -7.6248e-13 1.74039e-12 -7.6248e-13 -2.32098e-15
Strain 0 0.000333333 0 0.000333333 0 0 0 0 0
Strain mean -1.54389e-20 0.000333333 8.70195e-18 0.000333333 1.47695e-32 -3.8124e-18 8.70195e-18 -3.8124e-18 4.87275e-33
Plastic strain_mean 2.43754e-18 1.21548e-06 0 1.21548e-06 -2.43754e-18 0 0 0 0
Plastic strain_rate_mean 0 0 0 0 0 0 0 0 0
Dissipation 1.60702e-05
End step 10
Begin step 11
Stress -3.82448e-13 73.0302 -2.50979e-12 73.0302 3.93871e-13 -2.00329e-12 -2.50979e-12 -2.00329e-12 3.43016e-15
Strain 0 0.000366667 0 0.000366667 0 0 0 0 0
Strain mean 2.2817e-20 0.000366667 -1.25489e-17 0.000366667 -1.37223e-33 -1.00165e-17 -1.25489e-17 -1.00165e-17 1.69121e-33
Plastic strain_mean 1.95221e-18 1.51547e-06 0 1.51547e-06 -1.95221e-18 0 0 0 0
Plastic strain_rate_mean 0 0 0 0 0 0 0 0 0
Dissipation 2.19082e-05
End step 11
Begin step 12
Stress -4.90703e-13 79.6184 5.03681e-12 79.6184 4.48745e-13 -6.36052e-13 5.03681e-12 -6.36052e-13 -1.25984e-14
Strain 0 0.0004 0 0.0004 0 0 0 0 0
Strain mean -8.38028e-20 0.0004 2.51841e-17 0.0004 -3.20186e-33 -3.18026e-18 2.51841e-17 -3.18026e-18 -4.10464e-33
Plastic strain_mean 2.30672e-18 1.90819e-06 0 1.90819e-06 -2.30672e-18 0 0 0 0
Plastic strain_rate_mean 0 0 0 0 0 0 0 0 0
Dissipation 3.12669e-05
End step 12
Begin step 13
Stress -4.77093e-13 86.1726 1.35483e-12 86.1726 4.95548e-13 -4.05782e-13 1.35483e-12 -4.05782e-13 5.54153e-15
Strain 0 0.000433333 0 0.000433333 0 0 0 0 0
Strain mean 3.68616e-20 0.000433333 6.77414e-18 0.000433333 -3.58479e-34 -2.02891e-18 6.77414e-18 -2.02891e-18 1.46866e-34
Plastic strain_mean 2.45003e-18 2.47053e-06 0 2.47053e-06 -2.45003e-18 0 0 0 0
Plastic strain_rate_mean 0 0 0 0 0 0 0 0 0
Dissipation 4.8458e-05
End step 13
Begin step 14
Stress -4.47349e-13 92.6479 1.29055e-12 92.6479 4.38768e-13 1.8787e-12 1.29055e-12 1.8787e-12 -2.57644e-15
Strain 0 0.000466667 0 0.000466667 0 0 0 0 0
Strain mean -1.71382e-20 0.000466667 6.45276e-18 0.000466667 -2.65971e-31 9.39352e-18 6.45276e-18 9.39352e-18 -7.85418e-34
Plastic strain_mean 2.20672e-18 3.42728e-06 0 3.42728e-06 -2.20672e-18 0 0 0 0
Plastic strain_rate_mean 0 0 0 0 0 0 0 0 0
Dissipation 8.86391e-05
End step 14
Begin step 15
Stress 5.58483e-13 98.792 8.17838e-13 98.792 -4.86028e-13 -1.75343e-12 8.17838e-13 -1.75343e-12 2.17556e-14
Strain 0 0.0005 0 0.0005 0 0 0 0 0
Strain mean 1.44716e-19 0.0005 4.08919e-18 0.0005 -2.20519e-32 -8.76714e-18 4.08919e-18 -8.76714e-18 -1.35718e-33
Plastic strain_mean -2.53892e-18 6.03981e-06 0 6.03981e-06 2.53892e-18 0 0 0 0
Plastic strain_rate_mean 0 0 0 0 0 0 0 0 0
Dissipation 0.000258088
End step 15
Begin step 16
Stress -1.09504e-12 102.013 -1.31308e-12 102.013 1.04847e-12 9.78599e-13 -1.31308e-12 9.78599e-13 -1.39826e-14
Strain 0 0.000533333 0 0.000533333 0 0 0 0 0
Strain mean -9.3011e-20 0.000533333 -6.56538e-18 0.000533333 2.72489e-33 4.893e-18 -6.56538e-18 4.893e-18 4.27015e-33
Plastic strain_mean 5.31229e-18 2.32701e-05 0 2.32701e-05 -5.31229e-18 0 0 0 0
Plastic strain_rate_mean 0 0 0 0 0 0 0 0 0
Dissipation 0.00175754
End step 16
Begin step 17
Stress 4.49075e-12 102.317 -2.34508e-12 102.317 -4.42374e-12 8.35497e-12 -2.34508e-12 8.35497e-12 2.01224e-14
Strain 0 0.000566667 0 0.000566667 0 0 0 0 0
Strain mean 1.33852e-19 0.000566667 -1.17254e-17 0.000566667 -1.70926e-32 4.17748e-17 -1.17254e-17 4.17748e-17 4.35742e-33
Plastic strain_mean -2.22193e-17 5.50816e-05 0 5.50816e-05 2.22193e-17 0 0 0 0
Plastic strain_rate_mean 0 0 0 0 0 0 0 0 0
Dissipation 0.00325438
End step 17
Begin step 18
Stress 6.66633e-13 102.353 3.40985e-14 102.353 -6.61717e-13 7.22463e-13 3.40985e-14 7.22463e-13 1.47599e-15
Strain 0 0.0006 0 0.0006 0 0 0 0 0
Strain mean 9.81815e-21 0.0006 1.70493e-19 0.0006 4.52594e-33 3.61232e-18 1.70493e-19 3.61232e-18 -2.80614e-34
Plastic strain_mean -3.31597e-18 8.82364e-05 0 8.82364e-05 3.31597e-18 0 0 0 0
Plastic strain_rate_mean 0 0 0 0 0 0 0 0 0
Dissipation 0.00339283
End step 18
Begin step 19
Stress -1.08209e-12 102.375 -2.9797e-13 102.375 1.10748e-12 7.94253e-13 -2.9797e-13 7.94253e-13 7.62452e-15
Strain 0 0.000633333 0 0.000633333 0 0 0 0 0
Strain mean 5.07174e-20 0.000633333 -1.48985e-18 0.000633333 2.08843e-33 3.97126e-18 -1.48985e-18 3.97126e-18 -1.06001e-33
Plastic strain_mean 5.4993e-18 0.000121459 0 0.000121459 -5.4993e-18 0 0 0 0
Plastic strain_rate_mean 0 0 0 0 0 0 0 0 0
Dissipation 0.00340032
End step 19
Begin step 20
Stress -5.33393e-13 102.396 -8.53292e-12 102.396 4.94402e-13 3.73766e-12 -8.53292e-12 3.73766e-12 -1.17075e-14
Strain 0 0.000666667 0 0.000666667 0 0 0 0 0
Strain mean -7.78771e-20 0.000666667 -4.26646e-17 0.000666667 -8.93752e-34 1.86883e-17 -4.26646e-17 1.86883e-17 -3.71945e-33
Plastic strain_mean 2.53055e-18 0.000154686 0 0.000154686 -2.53055e-18 0 0 0 0
Plastic strain_rate_mean 0 0 0 0 0 0 0 0 0
Dissipation 0.00340138
End step 20
Begin step 21
Stress -7.91907e-13 102.417 -5.54731e-12 102.417 8.69859e-13 2.68886e-12 -5.54731e-12 2.68886e-12 2.34063e-14
Strain 0 0.0007 0 0.0007 0 0 0 0 0
Strain mean 1.55696e-19 0.0007 -2.77366e-17 0.0007 -1.11704e-32 1.34443e-17 -2.77366e-17 1.34443e-17 -2.09445e-33
Plastic strain_mean 4.23226e-18 0.000187914 0 0.000187914 -4.23226e-18 0 0 0 0
Plastic strain_rate_mean 0 0 0 0 0 0 0 0 0
Dissipation 0.00340208
End step 21
Begin step 22
Stress -8.92954e-14 102.438 -3.77774e-12 102.438 -1.92991e-14 2.09094e-12 -3.77774e-12 2.09094e-12 -3.26073e-14
Strain 0 0.000733333 0 0.000733333 0 0 0 0 0
Strain mean -2.169e-19 0.000733333 -1.88887e-17 0.000733333 3.97223e-33 1.04547e-17 -1.88887e-17 1.04547e-17 -8.36576e-34
Plastic strain_mean 6.65409e-20 0.000221142 0 0.000221142 -6.65409e-20 0 0 0 0
Plastic strain_rate_mean 0 0 0 0 0 0 0 0 0
Dissipation 0.00340273
End step 22
Begin step 23
Stress -5.20856e-14 102.459 -2.65424e-12 102.459 4.35051e-14 1.64538e-12 -2.65424e-12 1.64538e-12 -2.57644e-15
Strain 0 0.000766667 0 0.000766667 0 0 0 0 0
Strain mean -1.71382e-20 0.000766667 -1.32712e-17 0.000766667 4.45371e-34 8.22688e-18 -1.32712e-17 8.22688e-18 -5.56714e-34
Plastic strain_mean 2.30408e-19 0.000254372 0 0.000254372 -2.30408e-19 0 0 0 0
Plastic strain_rate_mean 0 0 0 0 0 0 0 0 0
Dissipation 0.00340335
End step 23
Begin step 24
Stress -7.75634e-13 102.48 -3.68471e-12 102.48 8.12428e-13 3.12875e-12 -3.68471e-12 3.12875e-12 1.10481e-14
Strain 0 0.0008 0 0.0008 0 0 0 0 0
Strain mean 7.34909e-20 0.0008 -1.84235e-17 0.0008 4.16482e-33 1.56437e-17 -1.84235e-17 1.56437e-17 -7.95951e-34
Plastic strain_mean 4.0069e-18 0.000287601 0 0.000287601 -4.0069e-18 0 0 0 0
Plastic strain_rate_mean 0 0 0 0 0 0 0 0 0
Dissipation 0.00340396
End step 24
Begin step 25
Stress -3.69733e-13 102.501 -2.7726e-12 102.501 4.01001e-13 2.55593e-12 -2.7726e-12 2.55593e-12 9.38872e-15
Strain 0 0.000833333 0 0.000833333 0 0 0 0 0
Strain mean 6.24527e-20 0.000833333 -1.3863e-17 0.000833333 4.69746e-33 1.27796e-17 -1.3863e-17 1.27796e-17 -2.26899e-33
Plastic strain_mean 1.95806e-18 0.000320831 0 0.000320831 -1.95806e-18 0 0 0 0
Plastic strain_rate_mean 0 0 0 0 0 0 0 0 0
Dissipation 0.00340457
End step 25
Begin step 26
Stress -7.15255e-13 102.521 -2.05136e-12 102.521 7.52777e-13 2.08849e-12 -2.05136e-12 2.08849e-12 1.12665e-14
Strain 0 0.000866667 0 0.000866667 0 0 0 0 0
Strain mean 7.49432e-20 0.000866667 -1.02568e-17 0.000866667 -3.43056e-33 1.04424e-17 -1.02568e-17 1.04424e-17 -1.01299e-33
Plastic strain_mean 3.70755e-18 0.000354061 0 0.000354061 -3.70755e-18 0 0 0 0
Plastic strain_rate_mean 0 0 0 0 0 0 0 0 0
Dissipation 0.00340517
End step 26
Begin step 27
Stress -5.03691e-13 102.542 -1.59214e-12 102.542 5.73906e-13 1.68969e-12 -1.59214e-12 1.68969e-12 2.10831e-14
Strain 0 0.0009 0 0.0009 0 0 0 0 0
Strain mean 1.40243e-19 0.0009 -7.96068e-18 0.0009 3.31019e-34 8.44846e-18 -7.96068e-18 8.44846e-18 -3.94778e-34
Plastic strain_mean 2.76411e-18 0.00038729 0 0.00038729 -2.76411e-18 0 0 0 0
Plastic strain_rate_mean 0 0 0 0 0 0 0 0 0
Dissipation 0.00340576
End step 27
Begin step 28
Stress -4.41023e-13 102.563 -1.29172e-12 102.563 4.98193e-13 1.36624e-12 -1.29172e-12 1.36624e-12 1.71661e-14
Strain 0 0.000933333 0 0.000933333 0 0 0 0 0
Strain mean 1.14187e-19 0.000933333 -6.45858e-18 0.000933333 1.92593e-34 6.83119e-18 -6.45858e-18 6.83119e-18 -5.42326e-34
Plastic strain_mean 2.40513e-18 0.00042052 0 0.00042052 -2.40513e-18 0 0 0 0
Plastic strain_rate_mean 0 0 0 0 0 0 0 0 0
Dissipation 0.00340635
End step 28
Begin step 29
Stress -4.88269e-13 102.583 -1.00341e-12 102.583 3.63706e-13 1.10561e-12 -1.00341e-12 1.10561e-12 -3.7402e-14
Strain 0 0.000966667 0 0.000966667 0 0 0 0 0
Strain mean -2.48794e-19 0.000966667 -5.01706e-18 0.000966667 -5.29631e-34 5.52803e-18 -5.01706e-18 5.52803e-18 -4.57738e-34
Plastic strain_mean 2.00554e-18 0.00045375 0 0.00045375 -2.00554e-18 0 0 0 0
Plastic strain_rate_mean 0 0 0 0 0 0 0 0 0
Dissipation 0.00340694
End step 29
Begin step 30
Stress -2.33696e-13 102.604 -8.30213e-13 102.604 2.43077e-13 8.92738e-13 -8.30213e-13 8.92738e-13 2.81662e-15
Strain 0 0.001 0 0.001 0 0 0 0 0
Strain mean 1.87358e-20 0.001 -4.15106e-18 0.001 -7.63977e-34 4.46369e-18 -4.15106e-18 4.46369e-18 -4.82047e-34
Plastic strain_mean 1.2013e-18 0.00048698 0 0.00048698 -1.2013e-18 0 0 0 0
Plastic strain_rate_mean 0 0 0 0 0 0 0 0 0
Dissipation 0.00340753
End step 30
