Begin step 0
Stress 0 0 0 0 0 0 0 0 0
Strain 0 0 0 0 0 0 0 0 0
Strain mean 0 0 0 0 0 0 0 0 0
Plastic strain_mean 0 0 0 0 0 0 0 0 0
Plastic strain_rate_mean 0 0 0 0 0 0 0 0 0
Dissipation 0
End step 0
Begin step 1
Stress -5.87982e-14 6.6581 -5.81136e-12 6.6581 5.54497e-14 3.42508e-12 -5.81136e-12 3.42508e-12 -1.00547e-15
Strain 0 3.33333e-05 0 3.33333e-05 0 0 0 0 0
Strain mean -6.68825e-21 3.33333e-05 -2.90568e-17 3.33333e-05 1.12246e-33 1.71254e-17 -2.90568e-17 1.71254e-17 -4.76969e-33
Plastic strain_mean 2.82276e-19 4.2851e-08 0 4.2851e-08 -2.82276e-19 0 0 0 0
Plastic strain_rate_mean 0 0 0 0 0 0 0 0 0
Dissipation 2.85305e-07
End step 1
Begin step 2
Stress -2.67407e-14 13.3076 3.41084e-12 13.3076 2.98766e-14 -3.15452e-12 3.41084e-12 -3.15452e-12 9.41601e-16
Strain 0 6.66667e-05 0 6.66667e-05 0 0 0 0 0
Strain mean 6.26343e-21 6.66667e-05 1.70542e-17 6.66667e-05 2.06075e-32 -1.57726e-17 1.70542e-17 -1.57726e-17 2.83473e-33
Plastic strain_mean 1.44675e-19 1.28894e-07 0 1.28894e-07 -1.44675e-19 0 0 0 0
Plastic strain_rate_mean 0 0 0 0 0 0 0 0 0
Dissipation 1.14501e-06
End step 2
Begin step 3
Stress 1.88555e-14 19.9482 6.12682e-12 19.9482 -2.33494e-14 -5.71371e-12 6.12682e-12 -5.71371e-12 -1.34936e-15
Strain 0 0.0001 0 0.0001 0 0 0 0 0
Strain mean -8.97576e-21 0.0001 3.06341e-17 0.0001 4.20816e-32 -2.85686e-17 3.06341e-17 -2.85686e-17 4.88705e-33
Plastic strain_mean -1.1e-19 2.58883e-07 0 2.58883e-07 1.1e-19 0 0 0 0
Plastic strain_rate_mean 0 0 0 0 0 0 0 0 0
Dissipation 2.59304e-06
End step 3
Begin step 4
Stress -8.55007e-15 26.5799 -6.4782e-12 26.5799 9.12452e-15 -4.92285e-13 -6.4782e-12 -4.92285e-13 1.7249e-16
Strain 0 0.000133333 0 0.000133333 0 0 0 0 0
Strain mean 1.14739e-21 0.000133333 -3.2391e-17 0.000133333 -3.04538e-33 -2.46143e-18 -3.2391e-17 -2.46143e-18 5.32038e-33
Plastic strain_mean 4.47602e-20 4.34032e-07 0 4.34032e-07 -4.47602e-20 0 0 0 0
Plastic strain_rate_mean 0 0 0 0 0 0 0 0 0
Dissipation 4.65541e-06
End step 4
Begin step 5
Stress -2.97691e-14 33.2021 1.76595e-13 33.2021 1.33061e-14 -2.11551e-12 1.76595e-13 -2.11551e-12 -4.94327e-15
Strain 0 0.000166667 0 0.000166667 0 0 0 0 0
Strain mean -3.28821e-20 0.000166667 8.82973e-19 0.000166667 -2.7926e-33 -1.05776e-17 8.82973e-19 -1.05776e-17 3.02431e-33
Plastic strain_mean 9.12468e-20 6.56086e-07 0 6.56086e-07 -9.12468e-20 0 0 0 0
Plastic strain_rate_mean 0 0 0 0 0 0 0 0 0
Dissipation 7.37261e-06
End step 5
Begin step 6
Stress -5.09728e-14 39.8145 6.79833e-13 39.8145 3.75858e-14 -4.67565e-12 6.79833e-13 -4.67565e-12 -4.01968e-15
Strain 0 0.0002 0 0.0002 0 0 0 0 0
Strain mean -2.67385e-20 0.0002 3.39917e-18 0.0002 -2.96112e-33 -2.33783e-17 3.39917e-18 -2.33783e-17 7.54874e-33
Plastic strain_mean 2.08027e-19 9.2744e-07 0 9.2744e-07 -2.08027e-19 0 0 0 0
Plastic strain_rate_mean 0 0 0 0 0 0 0 0 0
Dissipation 1.08037e-05
End step 6
Begin step 7
Stress -5.97201e-14 46.4164 4.91185e-12 46.4164 5.22012e-14 -2.84907e-12 4.91185e-12 -2.84907e-12 -2.25766e-15
Strain 0 0.000233333 0 0.000233333 0 0 0 0 0
Strain mean -1.50177e-20 0.000233333 2.45592e-17 0.000233333 -1.60334e-32 -1.42454e-17 2.45592e-17 -1.42454e-17 2.82269e-33
Plastic strain_mean 2.72294e-19 1.25132e-06 0 1.25132e-06 -2.72294e-19 0 0 0 0
Plastic strain_rate_mean 0 0 0 0 0 0 0 0 0
Dissipation 1.50334e-05
End step 7
Begin step 8
Stress -2.67213e-14 53.0069 1.37221e-12 53.0069 3.79269e-14 1.4114e-13 1.37221e-12 1.4114e-13 3.36466e-15
Strain 0 0.000266667 0 0.000266667 0 0 0 0 0
Strain mean 2.23813e-20 0.000266667 6.86107e-18 0.000266667 -1.39735e-32 7.05701e-19 6.86107e-18 7.05701e-19 -2.02524e-33
Plastic strain_mean 1.72811e-19 1.63209e-06 0 1.63209e-06 -1.72811e-19 0 0 0 0
Plastic strain_rate_mean 0 0 0 0 0 0 0 0 0
Dissipation 2.01831e-05
End step 8
Begin step 9
Stress -1.31958e-15 59.5849 2.06447e-12 59.5849 -1.94482e-14 8.73013e-13 2.06447e-12 8.73013e-13 -6.23586e-15
Strain 0 0.0003 0 0.0003 0 0 0 0 0
Strain mean -4.14802e-20 0.0003 1.03224e-17 0.0003 6.19909e-34 4.36506e-18 1.03224e-17 4.36506e-18 -4.61621e-33
Plastic strain_mean -6.60616e-20 2.0757e-06 0 2.0757e-06 6.60616e-20 0 0 0 0
Plastic strain_rate_mean 0 0 0 0 0 0 0 0 0
Dissipation 2.6432e-05
End step 9
Begin step 10
Stress 5.45543e-15 66.1486 -7.52268e-12 66.1486 1.27382e-14 3.5315e-12 -7.52268e-12 3.5315e-12 5.46293e-15
Strain 0 0.000333333 0 0.000333333 0 0 0 0 0
Strain mean 3.63388e-20 0.000333333 -3.76134e-17 0.000333333 2.26297e-33 1.76575e-17 -3.76134e-17 1.76575e-17 4.5139e-35
Plastic strain_mean 3.63763e-20 2.59053e-06 0 2.59053e-06 -3.63763e-20 0 0 0 0
Plastic strain_rate_mean 0 0 0 0 0 0 0 0 0
Dissipation 3.40548e-05
End step 10
Begin step 11
Stress 7.08445e-15 72.6955 5.15212e-12 72.6955 -2.00061e-14 -2.34251e-12 5.15212e-12 -2.34251e-12 -3.87994e-15
Strain 0 0.000366667 0 0.000366667 0 0 0 0 0
Strain mean -2.58089e-20 0.000366667 2.57606e-17 0.000366667 3.53288e-33 -1.17125e-17 2.57606e-17 -1.17125e-17 5.24515e-33
Plastic strain_mean -8.06309e-20 3.18896e-06 0 3.18896e-06 8.06309e-20 0 0 0 0
Plastic strain_rate_mean 0 0 0 0 0 0 0 0 0
Dissipation 4.35022e-05
End step 11
Begin step 12
Stress 1.178e-14 79.2219 1.96135e-12 79.2219 -3.25769e-14 -2.54446e-12 1.96135e-12 -2.54446e-12 -6.24459e-15
Strain 0 0.0004 0 0.0004 0 0 0 0 0
Strain mean -4.15383e-20 0.0004 9.80674e-18 0.0004 3.99029e-33 -1.27223e-17 9.80674e-18 -1.27223e-17 -1.21574e-33
Plastic strain_mean -1.31661e-19 3.89069e-06 0 3.89069e-06 1.31661e-19 0 0 0 0
Plastic strain_rate_mean 0 0 0 0 0 0 0 0 0
Dissipation 5.55911e-05
End step 12
Begin step 13
Stress 1.05326e-13 85.7204 4.1411e-12 85.7204 -7.62691e-14 -4.61919e-12 4.1411e-12 -4.61919e-12 8.72496e-15
Strain 0 0.000433333 0 0.000433333 0 0 0 0 0
Strain mean 5.80374e-20 0.000433333 2.07055e-17 0.000433333 2.67464e-32 -2.3096e-17 2.07055e-17 -2.3096e-17 7.71867e-33
Plastic strain_mean -4.2497e-19 4.73138e-06 0 4.73138e-06 4.2497e-19 0 0 0 0
Plastic strain_rate_mean 0 0 0 0 0 0 0 0 0
Dissipation 7.20626e-05
End step 13
Begin step 14
Stress 5.56299e-14 92.1745 4.7036e-12 92.1745 -5.4321e-14 -2.78524e-12 4.7036e-12 -2.78524e-12 3.93016e-16
Strain 0 0.000466667 0 0.000466667 0 0 0 0 0
Strain mean 2.6143e-21 0.000466667 2.3518e-17 0.000466667 -8.51983e-32 -1.39262e-17 2.3518e-17 -1.39262e-17 3.04237e-33
Plastic strain_mean -2.7357e-19 5.79432e-06 0 5.79432e-06 2.7357e-19 0 0 0 0
Plastic strain_rate_mean 0 0 0 0 0 0 0 0 0
Dissipation 9.79729e-05
End step 14
Begin step 15
Stress 4.95588e-13 98.4856 2.28571e-12 98.4856 -5.01027e-13 2.46526e-12 2.28571e-12 2.46526e-12 -1.6332e-15
Strain 0 0.0005 0 0.0005 0 0 0 0 0
Strain mean -1.08639e-20 0.0005 1.14286e-17 0.0005 1.14785e-31 1.23263e-17 1.14286e-17 1.23263e-17 -7.04168e-34
Plastic strain_mean -2.49697e-18 7.57176e-06 0 7.57176e-06 2.49697e-18 0 0 0 0
Plastic strain_rate_mean 0 0 0 0 0 0 0 0 0
Dissipation 0.000175041
End step 15
Begin step 16
Stress -4.20385e-12 100.019 -5.40662e-12 100.019 4.20831e-12 4.08882e-12 -5.40662e-12 4.08882e-12 1.34062e-15
Strain 0 0.000533333 0 0.000533333 0 0 0 0 0
Strain mean 8.91767e-21 0.000533333 -2.70331e-17 0.000533333 -9.62965e-34 2.04441e-17 -2.70331e-17 2.04441e-17 -4.14827e-33
Plastic strain_mean 2.10349e-17 3.32402e-05 0 3.32402e-05 -2.10349e-17 0 0 0 0
Plastic strain_rate_mean 0 0 0 0 0 0 0 0 0
Dissipation 0.00256723
End step 16
Begin step 17
Stress -2.3996e-12 100.04 8.54078e-13 100.04 2.45042e-12 -1.38173e-12 8.54078e-13 -1.38173e-12 1.52578e-14
Strain 0 0.000566667 0 0.000566667 0 0 0 0 0
Strain mean 1.01493e-19 0.000566667 4.27039e-18 0.000566667 8.78706e-34 -6.90863e-18 4.27039e-18 -6.90863e-18 2.18322e-33
Plastic strain_mean 1.21758e-17 6.64684e-05 0 6.64684e-05 -1.21758e-17 0 0 0 0
Plastic strain_rate_mean 0 0 0 0 0 0 0 0 0
Dissipation 0.00332394
End step 17
Begin step 18
Stress -9.74854e-13 100.061 2.00862e-12 100.061 9.59249e-13 -1.24694e-12 2.00862e-12 -1.24694e-12 -4.68563e-15
Strain 0 0.0006 0 0.0006 0 0 0 0 0
Strain mean -3.11683e-20 0.0006 1.00431e-17 0.0006 1.17963e-33 -6.23469e-18 1.00431e-17 -6.23469e-18 1.91239e-33
Plastic strain_mean 4.81967e-18 9.96972e-05 0 9.96972e-05 -4.81967e-18 0 0 0 0
Plastic strain_rate_mean 0 0 0 0 0 0 0 0 0
Dissipation 0.0033246
End step 18
Begin step 19
Stress -6.03523e-14 100.081 2.65168e-12 100.081 2.41978e-14 -4.88735e-13 2.65168e-12 -4.88735e-13 -1.0856e-14
Strain 0 0.000633333 0 0.000633333 0 0 0 0 0
Strain mean -7.22128e-20 0.000633333 1.32584e-17 0.000633333 1.42037e-33 -2.44367e-18 1.32584e-17 -2.44367e-18 5.64237e-34
Plastic strain_mean 1.75269e-19 0.000132926 0 0.000132926 -1.75269e-19 0 0 0 0
Plastic strain_rate_mean 0 0 0 0 0 0 0 0 0
Dissipation 0.00332524
End step 19
Begin step 20
Stress -3.89148e-13 100.102 1.21398e-12 100.102 3.58186e-13 -1.03718e-12 1.21398e-12 -1.03718e-12 -9.29702e-15
Strain 0 0.000666667 0 0.000666667 0 0 0 0 0
Strain mean -6.18427e-20 0.000666667 6.06988e-18 0.000666667 -5.78983e-33 -5.1859e-18 6.06988e-18 -5.1859e-18 -3.1665e-33
Plastic strain_mean 1.83741e-18 0.000166156 0 0.000166156 -1.83741e-18 0 0 0 0
Plastic strain_rate_mean 0 0 0 0 0 0 0 0 0
Dissipation 0.00332587
End step 20
Begin step 21
Stress 1.90517e-12 100.123 6.55338e-12 100.123 -1.98583e-12 -7.35345e-12 6.55338e-12 -7.35345e-12 -2.42185e-14
Strain 0 0.0007 0 0.0007 0 0 0 0 0
Strain mean -1.61099e-19 0.0007 3.27669e-17 0.0007 1.73334e-33 -3.67672e-17 3.27669e-17 -3.67672e-17 5.69804e-33
Plastic strain_mean -9.80806e-18 0.000199386 0 0.000199386 9.80806e-18 0 0 0 0
Plastic strain_rate_mean 0 0 0 0 0 0 0 0 0
Dissipation 0.00332648
End step 21
Begin step 22
Stress 7.75224e-13 100.143 4.92527e-12 100.143 -7.49846e-13 -5.42299e-12 4.92527e-12 -5.42299e-12 7.62015e-15
Strain 0 0.000733333 0 0.000733333 0 0 0 0 0
Strain mean 5.06884e-20 0.000733333 2.46263e-17 0.000733333 -1.32182e-33 -2.7115e-17 2.46263e-17 -2.7115e-17 4.71853e-33
Plastic strain_mean -3.78733e-18 0.000232616 0 0.000232616 3.78733e-18 0 0 0 0
Plastic strain_rate_mean 0 0 0 0 0 0 0 0 0
Dissipation 0.00332708
End step 22
Begin step 23
Stress 1.0474e-12 100.164 2.98025e-12 100.164 -1.09796e-12 -1.74749e-12 2.98025e-12 -1.74749e-12 -1.51792e-14
Strain 0 0.000766667 0 0.000766667 0 0 0 0 0
Strain mean -1.0097e-19 0.000766667 1.49012e-17 0.000766667 3.00927e-34 -8.73746e-18 1.49012e-17 -8.73746e-18 1.02315e-34
Plastic strain_mean -5.41389e-18 0.000265846 0 0.000265846 5.41389e-18 0 0 0 0
Plastic strain_rate_mean 0 0 0 0 0 0 0 0 0
Dissipation 0.00332768
End step 23
Begin step 24
Stress -1.50015e-12 100.185 1.17838e-12 100.185 1.54137e-12 -3.41942e-12 1.17838e-12 -3.41942e-12 1.23756e-14
Strain 0 0.0008 0 0.0008 0 0 0 0 0
Strain mean 8.23214e-20 0.0008 5.89188e-18 0.0008 3.08149e-33 -1.70971e-17 5.89188e-18 -1.70971e-17 3.53739e-33
Plastic strain_mean 7.64495e-18 0.000299076 0 0.000299076 -7.64495e-18 0 0 0 0
Plastic strain_rate_mean 0 0 0 0 0 0 0 0 0
Dissipation 0.00332827
End step 24
Begin step 25
Stress -1.59572e-12 100.205 1.20914e-13 100.205 1.68793e-12 -2.19288e-12 1.20914e-13 -2.19288e-12 2.76858e-14
Strain 0 0.000833333 0 0.000833333 0 0 0 0 0
Strain mean 1.84163e-19 0.000833333 6.04572e-19 0.000833333 1.15104e-33 -1.09644e-17 6.04572e-19 -1.09644e-17 3.28837e-33
Plastic strain_mean 8.30121e-18 0.000332306 0 0.000332306 -8.30121e-18 0 0 0 0
Plastic strain_rate_mean 0 0 0 0 0 0 0 0 0
Dissipation 0.00332886
End step 25
Begin step 26
Stress 1.03376e-13 100.226 3.12076e-12 100.226 -4.15961e-14 -2.26393e-12 3.12076e-12 -2.26393e-12 1.85504e-14
Strain 0 0.000866667 0 0.000866667 0 0 0 0 0
Strain mean 1.23395e-19 0.000866667 1.56038e-17 0.000866667 4.84492e-34 -1.13196e-17 1.56038e-17 -1.13196e-17 -6.77611e-33
Plastic strain_mean -3.00732e-19 0.000365537 0 0.000365537 3.00732e-19 0 0 0 0
Plastic strain_rate_mean 0 0 0 0 0 0 0 0 0
Dissipation 0.00332945
End step 26
Begin step 27
Stress -3.37127e-12 100.247 -5.31529e-12 100.247 3.31552e-12 -3.57972e-12 -5.31529e-12 -3.57972e-12 -1.67381e-14
Strain 0 0.0009 0 0.0009 0 0 0 0 0
Strain mean -1.1134e-19 0.0009 -2.65764e-17 0.0009 -2.64815e-34 -1.78986e-17 -2.65764e-17 -1.78986e-17 1.66337e-33
Plastic strain_mean 1.66613e-17 0.000398767 0 0.000398767 -1.66613e-17 0 0 0 0
Plastic strain_rate_mean 0 0 0 0 0 0 0 0 0
Dissipation 0.00333004
End step 27
Begin step 28
Stress -6.70912e-12 100.267 -1.37986e-11 100.267 6.72547e-12 -4.89551e-12 -1.37986e-11 -4.89551e-12 4.90834e-15
Strain 0 0.000933333 0 0.000933333 0 0 0 0 0
Strain mean 3.26497e-20 0.000933333 -6.8993e-17 0.000933333 -1.08334e-32 -2.44775e-17 -6.8993e-17 -2.44775e-17 9.16538e-33
Plastic strain_mean 3.36028e-17 0.000431997 0 0.000431997 -3.36028e-17 0 0 0 0
Plastic strain_rate_mean 0 0 0 0 0 0 0 0 0
Dissipation 0.00333063
End step 28
Begin step 29
Stress -1.12815e-12 100.288 -4.21266e-13 100.288 1.17321e-12 1.51146e-12 -4.21266e-13 1.51146e-12 1.35285e-14
Strain 0 0.000966667 0 0.000966667 0 0 0 0 0
Strain mean 8.999e-20 0.000966667 -2.10633e-18 0.000966667 -9.10002e-33 7.5573e-18 -2.10633e-18 7.5573e-18 -5.64237e-35
Plastic strain_mean 5.7984e-18 0.000465227 0 0.000465227 -5.7984e-18 0 0 0 0
Plastic strain_rate_mean 0 0 0 0 0 0 0 0 0
Dissipation 0.00333122
End step 29
Begin step 30
Stress 4.43187e-12 100.308 1.28958e-11 100.308 -4.39581e-12 7.91843e-12 1.28958e-11 7.91843e-12 1.08298e-14
Strain 0 0.001 0 0.001 0 0 0 0 0
Strain mean 7.20385e-20 0.001 6.44792e-17 0.001 -2.07037e-32 3.95921e-17 6.44792e-17 3.95921e-17 -8.81865e-33
Plastic strain_mean -2.20332e-17 0.000498458 0 0.000498458 2.20332e-17 0 0 0 0
Plastic strain_rate_mean 0 0 0 0 0 0 0 0 0
Dissipation 0.0033318
End step 30
Begin step 0
Stress 0 0 0 0 0 0 0 0 0
Strain 0 0 0 0 0 0 0 0 0
Strain mean 0 0 0 0 0 0 0 0 0
Plastic strain_mean 0 0 0 0 0 0 0 0 0
Plastic strain_rate_mean 0 0 0 0 0 0 0 0 0
Dissipation 0
End step 0
Begin step 1
Stress -5.87982e-14 6.6581 -5.81136e-12 6.6581 5.54497e-14 3.42508e-12 -5.81136e-12 3.42508e-12 -1.00547e-15
Strain 0 3.33333e-05 0 3.33333e-05 0 0 0 0 0
Strain mean -6.68825e-21 3.33333e-05 -2.90568e-17 3.33333e-05 1.12246e-33 1.71254e-17 -2.90568e-17 1.71254e-17 -4.76969e-33
Plastic strain_mean 2.82276e-19 4.2851e-08 0 4.2851e-08 -2.82276e-19 0 0 0 0
Plastic strain_rate_mean 0 0 0 0 0 0 0 0 0
Dissipation 2.85305e-07
End step 1
Begin step 2
Stress -2.67407e-14 13.3076 3.41084e-12 13.3076 2.98766e-14 -3.15452e-12 3.41084e-12 -3.15452e-12 9.41601e-16
Strain 0 6.66667e-05 0 6.66667e-05 0 0 0 0 0
Strain mean 6.26343e-21 6.66667e-05 1.70542e-17 6.66667e-05 2.06075e-32 -1.57726e-17 1.70542e-17 -1.57726e-17 2.83473e-33
Plastic strain_mean 1.44675e-19 1.28894e-07 0 1.28894e-07 -1.44675e-19 0 0 0 0
Plastic strain_rate_mean 0 0 0 0 0 0 0 0 0
Dissipation 1.14501e-06
End step 2
Begin step 3
Stress 1.88555e-14 19.9482 6.12682e-12 19.9482 -2.33494e-14 -5.71371e-12 6.12682e-12 -5.71371e-12 -1.34936e-15
Strain 0 0.0001 0 0.0001 0 0 0 0 0
Strain mean -8.97576e-21 0.0001 3.06341e-17 0.0001 4.20816e-32 -2.85686e-17 3.06341e-17 -2.85686e-17 4.88705e-33
Plastic strain_mean -1.1e-19 2.58883e-07 0 2.58883e-07 1.1e-19 0 0 0 0
Plastic strain_rate_mean 0 0 0 0 0 0 0 0 0
Dissipation 2.59304e-06
End step 3
Begin step 4
Stress -8.55007e-15 26.5799 -6.4782e-12 26.5799 9.12452e-15 -4.92285e-13 -6.4782e-12 -4.92285e-13 1.7249e-16
Strain 0 0.000133333 0 0.000133333 0 0 0 0 0
Strain mean 1.14739e-21 0.000133333 -3.2391e-17 0.000133333 -3.04538e-33 -2.46143e-18 -3.2391e-17 -2.46143e-18 5.32038e-33
Plastic strain_mean 4.47602e-20 4.34032e-07 0 4.34032e-07 -4.47602e-20 0 0 0 0
Plastic strain_rate_mean 0 0 0 0 0 0 0 0 0
Dissipation 4.65541e-06
End step 4
Begin step 5
Stress -2.97691e-14 33.2021 1.76595e-13 33.2021 1.33061e-14 -2.11551e-12 1.76595e-13 -2.11551e-12 -4.94327e-15
Strain 0 0.000166667 0 0.000166667 0 0 0 0 0
Strain mean -3.28821e-20 0.000166667 8.82973e-19 0.000166667 -2.7926e-33 -1.05776e-17 8.82973e-19 -1.05776e-17 3.02431e-33
Plastic strain_mean 9.12468e-20 6.56086e-07 0 6.56086e-07 -9.12468e-20 0 0 0 0
Plastic strain_rate_mean 0 0 0 0 0 0 0 0 0
Dissipation 7.37261e-06
End step 5
Begin step 6
Stress -5.09728e-14 39.8145 6.79833e-13 39.8145 3.75858e-14 -4.67565e-12 6.79833e-13 -4.67565e-12 -4.01968e-15
Strain 0 0.0002 0 0.0002 0 0 0 0 0
Strain mean -2.67385e-20 0.0002 3.39917e-18 0.0002 -2.96112e-33 -2.33783e-17 3.39917e-18 -2.33783e-17 7.54874e-33
Plastic strain_mean 2.08027e-19 9.2744e-07 0 9.2744e-07 -2.08027e-19 0 0 0 0
Plastic strain_rate_mean 0 0 0 0 0 0 0 0 0
Dissipation 1.08037e-05
End step 6
Begin step 7
Stress -5.97201e-14 46.4164 4.91185e-12 46.4164 5.22012e-14 -2.84907e-12 4.91185e-12 -2.84907e-12 -2.25766e-15
Strain 0 0.000233333 0 0.000233333 0 0 0 0 0
Strain mean -1.50177e-20 0.000233333 2.45592e-17 0.000233333 -1.60334e-32 -1.42454e-17 2.45592e-17 -1.42454e-17 2.82269e-33
Plastic strain_mean 2.72294e-19 1.25132e-06 0 1.25132e-06 -2.72294e-19 0 0 0 0
Plastic strain_rate_mean 0 0 0 0 0 0 0 0 0
Dissipation 1.50334e-05
End step 7
Begin step 8
Stress -2.67213e-14 53.0069 1.37221e-12 53.0069 3.79269e-14 1.4114e-13 1.37221e-12 1.4114e-13 3.36466e-15
Strain 0 0.000266667 0 0.000266667 0 0 0 0 0
Strain mean 2.23813e-20 0.000266667 6.86107e-18 0.000266667 -1.39735e-32 7.05701e-19 6.86107e-18 7.05701e-19 -2.02524e-33
Plastic strain_mean 1.72811e-19 1.63209e-06 0 1.63209e-06 -1.72811e-19 0 0 0 0
Plastic strain_rate_mean 0 0 0 0 0 0 0 0 0
Dissipation 2.01831e-05
End step 8
Begin step 9
Stress -1.31958e-15 59.5849 2.06447e-12 59.5849 -1.94482e-14 8.73013e-13 2.06447e-12 8.73013e-13 -6.23586e-15
Strain 0 0.0003 0 0.0003 0 0 0 0 0
Strain mean -4.14802e-20 0.0003 1.03224e-17 0.0003 6.19909e-34 4.36506e-18 1.03224e-17 4.36506e-18 -4.61621e-33
Plastic strain_mean -6.60616e-20 2.0757e-06 0 2.0757e-06 6.60616e-20 0 0 0 0
Plastic strain_rate_mean 0 0 0 0 0 0 0 0 0
Dissipation 2.6432e-05
End step 9
Begin step 10
Stress 5.45543e-15 66.1486 -7.52268e-12 66.1486 1.27382e-14 3.5315e-12 -7.52268e-12 3.5315e-12 5.46293e-15
Strain 0 0.000333333 0 0.000333333 0 0 0 0 0
Strain mean 3.63388e-20 0.000333333 -3.76134e-17 0.000333333 2.26297e-33 1.76575e-17 -3.76134e-17 1.76575e-17 4.5139e-35
Plastic strain_mean 3.63763e-20 2.59053e-06 0 2.59053e-06 -3.63763e-20 0 0 0 0
Plastic strain_rate_mean 0 0 0 0 0 0 0 0 0
Dissipation 3.40548e-05
End step 10
Begin step 11
Stress 7.08445e-15 72.6955 5.15212e-12 72.6955 -2.00061e-14 -2.34251e-12 5.15212e-12 -2.34251e-12 -3.87994e-15
Strain 0 0.000366667 0 0.000366667 0 0 0 0 0
Strain mean -2.58089e-20 0.000366667 2.57606e-17 0.000366667 3.53288e-33 -1.17125e-17 2.57606e-17 -1.17125e-17 5.24515e-33
Plastic strain_mean -8.06309e-20 3.18896e-06 0 3.18896e-06 8.06309e-20 0 0 0 0
Plastic strain_rate_mean 0 0 0 0 0 0 0 0 0
Dissipation 4.35022e-05
End step 11
Begin step 12
Stress 1.178e-14 79.2219 1.96135e-12 79.2219 -3.25769e-14 -2.54446e-12 1.96135e-12 -2.54446e-12 -6.24459e-15
Strain 0 0.0004 0 0.0004 0 0 0 0 0
Strain mean -4.15383e-20 0.0004 9.80674e-18 0.0004 3.99029e-33 -1.27223e-17 9.80674e-18 -1.27223e-17 -1.21574e-33
Plastic strain_mean -1.31661e-19 3.89069e-06 0 3.89069e-06 1.31661e-19 0 0 0 0
Plastic strain_rate_mean 0 0 0 0 0 0 0 0 0
Dissipation 5.55911e-05
End step 12
Begin step 13
Stress 1.05326e-13 85.7204 4.1411e-12 85.7204 -7.62691e-14 -4.61919e-12 4.1411e-12 -4.61919e-12 8.72496e-15
Strain 0 0.000433333 0 0.000433333 0 0 0 0 0
Strain mean 5.80374e-20 0.000433333 2.07055e-17 0.000433333 2.67464e-32 -2.3096e-17 2.07055e-17 -2.3096e-17 7.71867e-33
Plastic strain_mean -4.2497e-19 4.73138e-06 0 4.73138e-06 4.2497e-19 0 0 0 0
Plastic strain_rate_mean 0 0 0 0 0 0 0 0 0
Dissipation 7.20626e-05
End step 13
Begin step 14
Stress 5.56299e-14 92.1745 4.7036e-12 92.1745 -5.4321e-14 -2.78524e-12 4.7036e-12 -2.78524e-12 3.93016e-16
Strain 0 0.000466667 0 0.000466667 0 0 0 0 0
Strain mean 2.6143e-21 0.000466667 2.3518e-17 0.000466667 -8.51983e-32 -1.39262e-17 2.3518e-17 -1.39262e-17 3.04237e-33
Plastic strain_mean -2.7357e-19 5.79432e-06 0 5.79432e-06 2.7357e-19 0 0 0 0
Plastic strain_rate_mean 0 0 0 0 0 0 0 0 0
Dissipation 9.79729e-05
End step 14
Begin step 15
Stress 4.95588e-13 98.4856 2.28571e-12 98.4856 -5.01027e-13 2.46526e-12 2.28571e-12 2.46526e-12 -1.6332e-15
Strain 0 0.0005 0 0.0005 0 0 0 0 0
Strain mean -1.08639e-20 0.0005 1.14286e-17 0.0005 1.14785e-31 1.23263e-17 1.14286e-17 1.23263e-17 -7.04168e-34
Plastic strain_mean -2.49697e-18 7.57176e-06 0 7.57176e-06 2.49697e-18 0 0 0 0
Plastic strain_rate_mean 0 0 0 0 0 0 0 0 0
Dissipation 0.000175041
End step 15
Begin step 16
Stress -4.20385e-12 100.019 -5.40662e-12 100.019 4.20831e-12 4.08882e-12 -5.40662e-12 4.08882e-12 1.34062e-15
Strain 0 0.000533333 0 0.000533333 0 0 0 0 0
Strain mean 8.91767e-21 0.000533333 -2.70331e-17 0.000533333 -9.62965e-34 2.04441e-17 -2.70331e-17 2.04441e-17 -4.14827e-33
Plastic strain_mean 2.10349e-17 3.32402e-05 0 3.32402e-05 -2.10349e-17 0 0 0 0
Plastic strain_rate_mean 0 0 0 0 0 0 0 0 0
Dissipation 0.00256723
End step 16
Begin step 17
Stress -2.3996e-12 100.04 8.54078e-13 100.04 2.45042e-12 -1.38173e-12 8.54078e-13 -1.38173e-12 1.52578e-14
Strain 0 0.000566667 0 0.000566667 0 0 0 0 0
Strain mean 1.01493e-19 0.000566667 4.27039e-18 0.000566667 8.78706e-34 -6.90863e-18 4.27039e-18 -6.90863e-18 2.18322e-33
Plastic strain_mean 1.21758e-17 6.64684e-05 0 6.64684e-05 -1.21758e-17 0 0 0 0
Plastic strain_rate_mean 0 0 0 0 0 0 0 0 0
Dissipation 0.00332394
End step 17
Begin step 18
Stress -9.74854e-13 100.061 2.00862e-12 100.061 9.59249e-13 -1.24694e-12 2.00862e-12 -1.24694e-12 -4.68563e-15
Strain 0 0.0006 0 0.0006 0 0 0 0 0
Strain mean -3.11683e-20 0.0006 1.00431e-17 0.0006 1.17963e-33 -6.23469e-18 1.00431e-17 -6.23469e-18 1.91239e-33
Plastic strain_mean 4.81967e-18 9.96972e-05 0 9.96972e-05 -4.81967e-18 0 0 0 0
Plastic strain_rate_mean 0 0 0 0 0 0 0 0 0
Dissipation 0.0033246
End step 18
Begin step 19
Stress -6.03523e-14 100.081 2.65168e-12 100.081 2.41978e-14 -4.88735e-13 2.65168e-12 -4.88735e-13 -1.0856e-14
Strain 0 0.000633333 0 0.000633333 0 0 0 0 0
Strain mean -7.22128e-20 0.000633333 1.32584e-17 0.000633333 1.42037e-33 -2.44367e-18 1.32584e-17 -2.44367e-18 5.64237e-34
Plastic strain_mean 1.75269e-19 0.000132926 0 0.000132926 -1.75269e-19 0 0 0 0
Plastic strain_rate_mean 0 0 0 0 0 0 0 0 0
Dissipation 0.00332524
End step 19
Begin step 20
Stress -3.89148e-13 100.102 1.21398e-12 100.102 3.58186e-13 -1.03718e-12 1.21398e-12 -1.03718e-12 -9.29702e-15
Strain 0 0.000666667 0 0.000666667 0 0 0 0 0
Strain mean -6.18427e-20 0.000666667 6.06988e-18 0.000666667 -5.78983e-33 -5.1859e-18 6.06988e-18 -5.1859e-18 -3.1665e-33
Plastic strain_mean 1.83741e-18 0.000166156 0 0.000166156 -1.83741e-18 0 0 0 0
Plastic strain_rate_mean 0 0 0 0 0 0 0 0 0
Dissipation 0.00332587
End step 20
Begin step 21
Stress 1.90517e-12 100.123 6.55338e-12 100.123 -1.98583e-12 -7.35345e-12 6.55338e-12 -7.35345e-12 -2.42185e-14
Strain 0 0.0007 0 0.0007 0 0 0 0 0
Strain mean -1.61099e-19 0.0007 3.27669e-17 0.0007 1.73334e-33 -3.67672e-17 3.27669e-17 -3.67672e-17 5.69804e-33
Plastic strain_mean -9.80806e-18 0.000199386 0 0.000199386 9.80806e-18 0 0 0 0
Plastic strain_rate_mean 0 0 0 0 0 0 0 0 0
Dissipation 0.00332648
End step 21
Begin step 22
Stress 7.75224e-13 100.143 4.92527e-12 100.143 -7.49846e-13 -5.42299e-12 4.92527e-12 -5.42299e-12 7.62015e-15
Strain 0 0.000733333 0 0.000733333 0 0 0 0 0
Strain mean 5.06884e-20 0.000733333 2.46263e-17 0.000733333 -1.32182e-33 -2.7115e-17 2.46263e-17 -2.7115e-17 4.71853e-33
Plastic strain_mean -3.78733e-18 0.000232616 0 0.000232616 3.78733e-18 0 0 0 0
Plastic strain_rate_mean 0 0 0 0 0 0 0 0 0
Dissipation 0.00332708
End step 22
Begin step 23
Stress 1.0474e-12 100.164 2.98025e-12 100.164 -1.09796e-12 -1.74749e-12 2.98025e-12 -1.74749e-12 -1.51792e-14
Strain 0 0.000766667 0 0.000766667 0 0 0 0 0
Strain mean -1.0097e-19 0.000766667 1.49012e-17 0.000766667 3.00927e-34 -8.73746e-18 1.49012e-17 -8.73746e-18 1.02315e-34
Plastic strain_mean -5.41389e-18 0.000265846 0 0.000265846 5.41389e-18 0 0 0 0
Plastic strain_rate_mean 0 0 0 0 0 0 0 0 0
Dissipation 0.00332768
End step 23
Begin step 24
Stress -1.50015e-12 100.185 1.17838e-12 100.185 1.54137e-12 -3.41942e-12 1.17838e-12 -3.41942e-12 1.23756e-14
Strain 0 0.0008 0 0.0008 0 0 0 0 0
Strain mean 8.23214e-20 0.0008 5.89188e-18 0.0008 3.08149e-33 -1.70971e-17 5.89188e-18 -1.70971e-17 3.53739e-33
Plastic strain_mean 7.64495e-18 0.000299076 0 0.000299076 -7.64495e-18 0 0 0 0
Plastic strain_rate_mean 0 0 0 0 0 0 0 0 0
Dissipation 0.00332827
End step 24
Begin step 25
Stress -1.59572e-12 100.205 1.20914e-13 100.205 1.68793e-12 -2.19288e-12 1.20914e-13 -2.19288e-12 2.76858e-14
Strain 0 0.000833333 0 0.000833333 0 0 0 0 0
Strain mean 1.84163e-19 0.000833333 6.04572e-19 0.000833333 1.15104e-33 -1.09644e-17 6.04572e-19 -1.09644e-17 3.28837e-33
Plastic strain_mean 8.30121e-18 0.000332306 0 0.000332306 -8.30121e-18 0 0 0 0
Plastic strain_rate_mean 0 0 0 0 0 0 0 0 0
Dissipation 0.00332886
End step 25
Begin step 26
Stress 1.03376e-13 100.226 3.12076e-12 100.226 -4.15961e-14 -2.26393e-12 3.12076e-12 -2.26393e-12 1.85504e-14
Strain 0 0.000866667 0 0.000866667 0 0 0 0 0
Strain mean 1.23395e-19 0.000866667 1.56038e-17 0.000866667 4.84492e-34 -1.13196e-17 1.56038e-17 -1.13196e-17 -6.77611e-33
Plastic strain_mean -3.00732e-19 0.000365537 0 0.000365537 3.00732e-19 0 0 0 0
Plastic strain_rate_mean 0 0 0 0 0 0 0 0 0
Dissipation 0.00332945
End step 26
Begin step 27
Stress -3.37127e-12 100.247 -5.31529e-12 100.247 3.31552e-12 -3.57972e-12 -5.31529e-12 -3.57972e-12 -1.67381e-14
Strain 0 0.0009 0 0.0009 0 0 0 0 0
Strain mean -1.1134e-19 0.0009 -2.65764e-17 0.0009 -2.64815e-34 -1.78986e-17 -2.65764e-17 -1.78986e-17 1.66337e-33
Plastic strain_mean 1.66613e-17 0.000398767 0 0.000398767 -1.66613e-17 0 0 0 0
Plastic strain_rate_mean 0 0 0 0 0 0 0 0 0
Dissipation 0.00333004
End step 27
Begin step 28
Stress -6.70912e-12 100.267 -1.37986e-11 100.267 6.72547e-12 -4.89551e-12 -1.37986e-11 -4.89551e-12 4.90834e-15
Strain 0 0.000933333 0 0.000933333 0 0 0 0 0
Strain mean 3.26497e-20 0.000933333 -6.8993e-17 0.000933333 -1.08334e-32 -2.44775e-17 -6.8993e-17 -2.44775e-17 9.16538e-33
Plastic strain_mean 3.36028e-17 0.000431997 0 0.000431997 -3.36028e-17 0 0 0 0
Plastic strain_rate_mean 0 0 0 0 0 0 0 0 0
Dissipation 0.00333063
End step 28
Begin step 29
Stress -1.12815e-12 100.288 -4.21266e-13 100.288 1.17321e-12 1.51146e-12 -4.21266e-13 1.51146e-12 1.35285e-14
Strain 0 0.000966667 0 0.000966667 0 0 0 0 0
Strain mean 8.999e-20 0.000966667 -2.10633e-18 0.000966667 -9.10002e-33 7.5573e-18 -2.10633e-18 7.5573e-18 -5.64237e-35
Plastic strain_mean 5.7984e-18 0.000465227 0 0.000465227 -5.7984e-18 0 0 0 0
Plastic strain_rate_mean 0 0 0 0 0 0 0 0 0
Dissipation 0.00333122
End step 29
Begin step 30
Stress 4.43187e-12 100.308 1.28958e-11 100.308 -4.39581e-12 7.91843e-12 1.28958e-11 7.91843e-12 1.08298e-14
Strain 0 0.001 0 0.001 0 0 0 0 0
Strain mean 7.20385e-20 0.001 6.44792e-17 0.001 -2.07037e-32 3.95921e-17 6.44792e-17 3.95921e-17 -8.81865e-33
Plastic strain_mean -2.20332e-17 0.000498458 0 0.000498458 2.20332e-17 0 0 0 0
Plastic strain_rate_mean 0 0 0 0 0 0 0 0 0
Dissipation 0.0033318
End step 30
