Begin step 0
Stress 0 0 0 0 0 0 0 0 0
Strain 0 0 0 0 0 0 0 0 0
Strain mean 0 0 0 0 0 0 0 0 0
Plastic strain_mean 0 0 0 0 0 0 0 0 0
Plastic strain_rate_mean 0 0 0 0 0 0 0 0 0
Dissipation 0
End step 0
Begin step 1
Stress -1.12675e-12 1.7629 -1.36801e-13 1.7629 1.1085e-12 -4.17871e-13 -1.36801e-13 -4.17871e-13 -5.48149e-15
Strain 0 0.000333333 0 0.000333333 0 0 0 0 0
Strain mean -3.64622e-20 0.000333333 -6.84007e-19 0.000333333 -3.13927e-32 -2.08936e-18 -6.84007e-19 -2.08936e-18 3.00249e-33
Plastic strain_mean 5.5699e-18 0.000324519 0 0.000324519 -5.5699e-18 0 0 0 0
Plastic strain_rate_mean 0 0 0 0 0 0 0 0 0
Dissipation 0.000553042
End step 1
Begin step 2
Stress -2.69865e-12 1.8696 6.22771e-13 1.8696 2.7326e-12 -1.2949e-14 6.22771e-13 -1.2949e-14 1.01955e-14
Strain 0 0.000666667 0 0.000666667 0 0 0 0 0
Strain mean 6.78193e-20 0.000666667 3.11386e-18 0.000666667 -1.87778e-33 -6.47449e-20 3.11386e-18 -6.47449e-20 -1.136e-33
Plastic strain_mean 1.3612e-17 0.000657319 0 0.000657319 -1.3612e-17 0 0 0 0
Plastic strain_rate_mean 0 0 0 0 0 0 0 0 0
Dissipation 0.000590852
End step 2
Begin step 3
Stress -2.93477e-13 1.92476 1.46865e-12 1.92476 2.97084e-13 1.62293e-12 1.46865e-12 1.62293e-12 1.08298e-15
Strain 0 0.001 0 0.001 0 0 0 0 0
Strain mean 7.20385e-21 0.001 7.34324e-18 0.001 2.85038e-32 8.11463e-18 7.34324e-18 8.11463e-18 1.86274e-33
Plastic strain_mean 1.48e-18 0.000990376 0 0.000990376 -1.48e-18 0 0 0 0
Plastic strain_rate_mean 0 0 0 0 0 0 0 0 0
Dissipation 0.000600262
End step 3
Begin step 4
Stress -1.31768e-12 1.97285 1.19054e-13 1.97285 1.36905e-12 -3.79929e-13 1.19054e-13 -3.79929e-13 1.54237e-14
Strain 0 0.00133333 0 0.00133333 0 0 0 0 0
Strain mean 1.02597e-19 0.00133333 5.95272e-19 0.00133333 1.28552e-34 -1.89964e-18 5.95272e-19 -1.89964e-18 -1.35417e-33
Plastic strain_mean 6.76813e-18 0.00132347 0 0.00132347 -6.76813e-18 0 0 0 0
Plastic strain_rate_mean 0 0 0 0 0 0 0 0 0
Dissipation 0.000607831
End step 4
Begin step 5
Stress -9.24827e-13 2.01697 5.32907e-13 2.01697 8.58161e-13 9.6008e-13 5.32907e-13 9.6008e-13 -2.00176e-14
Strain 0 0.00166667 0 0.00166667 0 0 0 0 0
Strain mean -1.33155e-19 0.00166667 2.66454e-18 0.00166667 -1.57986e-34 4.8004e-18 2.66454e-18 4.8004e-18 -1.91314e-33
Plastic strain_mean 4.39089e-18 0.00165658 0 0.00165658 -4.39089e-18 0 0 0 0
Plastic strain_rate_mean 0 0 0 0 0 0 0 0 0
Dissipation 0.000614519
End step 5
Begin step 6
Stress -4.36855e-13 2.05832 3.73104e-13 2.05832 3.86943e-13 6.73582e-13 3.73104e-13 6.73582e-13 -1.4987e-14
Strain 0 0.002 0 0.002 0 0 0 0 0
Strain mean -9.96919e-20 0.002 1.86552e-18 0.002 9.05789e-34 3.36791e-18 1.86552e-18 3.36791e-18 -1.72882e-33
Plastic strain_mean 2.00965e-18 0.00198971 0 0.00198971 -2.00965e-18 0 0 0 0
Plastic strain_rate_mean 0 0 0 0 0 0 0 0 0
Dissipation 0.000620554
End step 6
Begin step 7
Stress -3.23929e-13 2.09761 3.31136e-13 2.09761 1.74802e-13 4.47379e-13 3.31136e-13 4.47379e-13 -4.47777e-14
Strain 0 0.00233333 0 0.00233333 0 0 0 0 0
Strain mean -2.97856e-19 0.00233333 1.65568e-18 0.00233333 -3.6445e-34 2.23689e-18 1.65568e-18 2.23689e-18 -7.69996e-34
Plastic strain_mean 1.0979e-18 0.00232285 0 0.00232285 -1.0979e-18 0 0 0 0
Plastic strain_rate_mean 0 0 0 0 0 0 0 0 0
Dissipation 0.000626073
End step 7
Begin step 8
Stress -3.66531e-13 2.13529 -8.2472e-13 2.13529 2.38186e-13 7.0779e-13 -8.2472e-13 7.0779e-13 -3.85374e-14
Strain 0 0.00266667 0 0.00266667 0 0 0 0 0
Strain mean -2.56347e-19 0.00266667 -4.1236e-18 0.00266667 -1.66111e-33 3.53895e-18 -4.1236e-18 3.53895e-18 3.44862e-33
Plastic strain_mean 1.38362e-18 0.00265599 0 0.00265599 -1.38362e-18 0 0 0 0
Plastic strain_rate_mean 0 0 0 0 0 0 0 0 0
Dissipation 0.000631174
End step 8
Begin step 9
Stress -1.1975e-12 2.17171 -6.90739e-13 2.17171 1.21318e-12 -5.97642e-13 -6.90739e-13 -5.97642e-13 4.70746e-15
Strain 0 0.003 0 0.003 0 0 0 0 0
Strain mean 3.13135e-20 0.003 -3.45369e-18 0.003 2.86482e-32 -2.98821e-18 -3.45369e-18 -2.98821e-18 9.62213e-34
Plastic strain_mean 6.04236e-18 0.00298914 0 0.00298914 -6.04236e-18 0 0 0 0
Plastic strain_rate_mean 0 0 0 0 0 0 0 0 0
Dissipation 0.000635921
End step 9
Begin step 10
Stress 2.48787e-13 2.20708 -9.73615e-13 2.20708 2.05493e-15 -2.47382e-13 -9.73615e-13 -2.47382e-13 7.53194e-14
Strain 0 0.00333333 0 0.00333333 0 0 0 0 0
Strain mean 5.01016e-19 0.00333333 -4.86808e-18 0.00333333 -1.04193e-31 -1.23691e-18 -4.86808e-18 -1.23691e-18 3.0213e-33
Plastic strain_mean -3.66322e-19 0.0033223 0 0.0033223 3.66322e-19 0 0 0 0
Plastic strain_rate_mean 0 0 0 0 0 0 0 0 0
Dissipation 0.000640366
End step 10
Begin step 11
Stress -4.17926e-13 2.24159 -4.70526e-13 2.24159 4.49471e-13 2.13052e-13 -4.70526e-13 2.13052e-13 9.47169e-15
Strain 0 0.00366667 0 0.00366667 0 0 0 0 0
Strain mean 6.30046e-20 0.00366667 -2.35263e-18 0.00366667 2.07037e-33 1.06526e-18 -2.35263e-18 1.06526e-18 1.22026e-33
Plastic strain_mean 2.2e-18 0.00365546 0 0.00365546 -2.2e-18 0 0 0 0
Plastic strain_rate_mean 0 0 0 0 0 0 0 0 0
Dissipation 0.000644544
End step 11
Begin step 12
Stress -1.28556e-12 2.27537 -7.34168e-13 2.27537 1.31587e-12 4.73637e-13 -7.34168e-13 4.73637e-13 9.10051e-15
Strain 0 0.004 0 0.004 0 0 0 0 0
Strain mean 6.05356e-20 0.004 -3.67084e-18 0.004 1.27111e-31 2.36818e-18 -3.67084e-18 2.36818e-18 2.57292e-33
Plastic strain_mean 6.53383e-18 0.00398862 0 0.00398862 -6.53383e-18 0 0 0 0
Plastic strain_rate_mean 0 0 0 0 0 0 0 0 0
Dissipation 0.000648486
End step 12
Begin step 13
Stress -6.2116e-13 2.30853 -1.27141e-13 2.30853 5.81835e-13 1.66499e-13 -1.27141e-13 1.66499e-13 -1.1808e-14
Strain 0 0.00433333 0 0.00433333 0 0 0 0 0
Strain mean -7.85452e-20 0.00433333 -6.35706e-19 0.00433333 -4.94723e-33 8.32496e-19 -6.35706e-19 8.32496e-19 1.40871e-33
Plastic strain_mean 2.96821e-18 0.00432179 0 0.00432179 -2.96821e-18 0 0 0 0
Plastic strain_rate_mean 0 0 0 0 0 0 0 0 0
Dissipation 0.000652216
End step 13
Begin step 14
Stress -1.34378e-12 2.34114 -1.24069e-12 2.34114 1.35647e-12 -4.56119e-13 -1.24069e-12 -4.56119e-13 3.80789e-15
Strain 0 0.00466667 0 0.00466667 0 0 0 0 0
Strain mean 2.53297e-20 0.00466667 -6.20345e-18 0.00466667 -6.53612e-32 -2.2806e-18 -6.20345e-18 -2.2806e-18 1.96806e-33
Plastic strain_mean 6.76329e-18 0.00465496 0 0.00465496 -6.76329e-18 0 0 0 0
Plastic strain_rate_mean 0 0 0 0 0 0 0 0 0
Dissipation 0.000655753
End step 14
Begin step 15
Stress -7.66755e-13 2.3733 -5.87929e-13 2.3733 1.12379e-12 3.37051e-13 -5.87929e-13 3.37051e-13 1.07206e-13
Strain 0 0.005 0 0.005 0 0 0 0 0
Strain mean 7.13123e-19 0.005 -2.93965e-18 0.005 -5.15186e-32 1.68526e-18 -2.93965e-18 1.68526e-18 1.67767e-33
Plastic strain_mean 5.08293e-18 0.00498813 0 0.00498813 -5.08293e-18 0 0 0 0
Plastic strain_rate_mean 0 0 0 0 0 0 0 0 0
Dissipation 0.000659114
End step 15
Begin step 16
Stress 7.58496e-13 2.40504 1.25085e-12 2.40504 -1.07035e-12 -2.37273e-12 1.25085e-12 -2.37273e-12 -9.36383e-14
Strain 0 0.00533333 0 0.00533333 0 0 0 0 0
Strain mean -6.22871e-19 0.00533333 6.25427e-18 0.00533333 -1.92593e-34 -1.18636e-17 6.25427e-18 -1.18636e-17 -3.82177e-33
Plastic strain_mean -4.88354e-18 0.00532131 0 0.00532131 4.88354e-18 0 0 0 0
Plastic strain_rate_mean 0 0 0 0 0 0 0 0 0
Dissipation 0.000662315
End step 16
Begin step 17
Stress -4.44359e-13 2.43642 -3.22794e-13 2.43642 5.16959e-13 1.38414e-13 -3.22794e-13 1.38414e-13 2.17993e-14
Strain 0 0.00566667 0 0.00566667 0 0 0 0 0
Strain mean 1.45006e-19 0.00566667 -1.61397e-18 0.00566667 1.94699e-33 6.92072e-19 -1.61397e-18 6.92072e-19 6.50283e-34
Plastic strain_mean 2.4758e-18 0.00565448 0 0.00565448 -2.4758e-18 0 0 0 0
Plastic strain_rate_mean 0 0 0 0 0 0 0 0 0
Dissipation 0.000665367
End step 17
Begin step 18
Stress -5.3302e-13 2.46749 1.11115e-12 2.46749 -5.68546e-14 -1.19913e-12 1.11115e-12 -1.19913e-12 -1.77119e-13
Strain 0 0.006 0 0.006 0 0 0 0 0
Strain mean -1.17818e-18 0.006 5.55575e-18 0.006 -1.48297e-32 -5.99567e-18 5.55575e-18 -5.99567e-18 -2.95209e-33
Plastic strain_mean 6.01324e-19 0.00598766 0 0.00598766 -6.01324e-19 0 0 0 0
Plastic strain_rate_mean 0 0 0 0 0 0 0 0 0
Dissipation 0.000668283
End step 18
Begin step 19
Stress 1.28719e-12 2.49828 9.33964e-13 2.49828 -1.35246e-12 -1.58788e-12 9.33964e-13 -1.58788e-12 -1.95984e-14
Strain 0 0.00633333 0 0.00633333 0 0 0 0 0
Strain mean -1.30366e-19 0.00633333 4.66982e-18 0.00633333 6.14372e-32 -7.93941e-18 4.66982e-18 -7.93941e-18 -1.88079e-33
Plastic strain_mean -6.66433e-18 0.00632084 0 0.00632084 6.66433e-18 0 0 0 0
Plastic strain_rate_mean 0 0 0 0 0 0 0 0 0
Dissipation 0.000671074
End step 19
Begin step 20
Stress 1.29773e-12 2.52881 8.51971e-13 2.52881 -1.27243e-12 -1.38771e-12 8.51971e-13 -1.38771e-12 7.59831e-15
Strain 0 0.00666667 0 0.00666667 0 0 0 0 0
Strain mean 5.05431e-20 0.00666667 4.25985e-18 0.00666667 1.12667e-32 -6.93857e-18 4.25985e-18 -6.93857e-18 -2.62408e-33
Plastic strain_mean -6.40014e-18 0.00665402 0 0.00665402 6.40014e-18 0 0 0 0
Plastic strain_rate_mean 0 0 0 0 0 0 0 0 0
Dissipation 0.000673748
End step 20
Begin step 21
Stress 1.00529e-12 2.55912 8.92163e-13 2.55912 -7.96422e-13 -1.44361e-12 8.92163e-13 -1.44361e-12 6.27167e-14
Strain 0 0.007 0 0.007 0 0 0 0 0
Strain mean 4.17184e-19 0.007 4.46081e-18 0.007 1.63704e-32 -7.21804e-18 4.46081e-18 -7.21804e-18 -2.30811e-33
Plastic strain_mean -4.29569e-18 0.0069872 0 0.0069872 4.29569e-18 0 0 0 0
Plastic strain_rate_mean 0 0 0 0 0 0 0 0 0
Dissipation 0.000676315
End step 21
Begin step 22
Stress 1.4226e-12 2.58923 8.37008e-13 2.58923 -1.79352e-13 -1.32313e-12 8.37008e-13 -1.32313e-12 3.73304e-13
Strain 0 0.00733333 0 0.00733333 0 0 0 0 0
Strain mean 2.48318e-18 0.00733333 4.18504e-18 0.00733333 1.72852e-32 -6.61564e-18 4.18504e-18 -6.61564e-18 -2.01621e-33
Plastic strain_mean -2.76328e-18 0.00732039 0 0.00732039 2.76328e-18 0 0 0 0
Plastic strain_rate_mean 0 0 0 0 0 0 0 0 0
Dissipation 0.000678784
End step 22
Begin step 23
Stress 8.40421e-13 2.61915 8.85838e-13 2.61915 -7.82829e-13 -1.15009e-12 8.85838e-13 -1.15009e-12 1.72927e-14
Strain 0 0.00766667 0 0.00766667 0 0 0 0 0
Strain mean 1.15029e-19 0.00766667 4.42919e-18 0.00766667 4.37186e-32 -5.75046e-18 4.42919e-18 -5.75046e-18 -2.00116e-33
Plastic strain_mean -4.00061e-18 0.00765357 0 0.00765357 4.00061e-18 0 0 0 0
Plastic strain_rate_mean 0 0 0 0 0 0 0 0 0
Dissipation 0.000681161
End step 23
Begin step 24
Stress 1.1049e-12 2.64892 5.72826e-13 2.64892 -8.14032e-13 -9.74675e-13 5.72826e-13 -9.74675e-13 8.7337e-14
Strain 0 0.008 0 0.008 0 0 0 0 0
Strain mean 5.80955e-19 0.008 2.86413e-18 0.008 -2.3063e-32 -4.87337e-18 2.86413e-18 -4.87337e-18 -1.4956e-33
Plastic strain_mean -4.50684e-18 0.00798676 0 0.00798676 4.50684e-18 0 0 0 0
Plastic strain_rate_mean 0 0 0 0 0 0 0 0 0
Dissipation 0.000683455
End step 24
Begin step 25
Stress -4.37743e-13 2.67854 9.82312e-13 2.67854 2.04848e-13 2.71098e-13 9.82312e-13 2.71098e-13 -6.99307e-14
Strain 0 0.00833333 0 0.00833333 0 0 0 0 0
Strain mean -4.65171e-19 0.00833333 4.91156e-18 0.00833333 -1.41748e-31 1.35549e-18 4.91156e-18 1.35549e-18 -7.38775e-34
Plastic strain_mean 1.37389e-18 0.00831994 0 0.00831994 -1.37389e-18 0 0 0 0
Plastic strain_rate_mean 0 0 0 0 0 0 0 0 0
Dissipation 0.000685671
End step 25
Begin step 26
Stress -1.09369e-13 2.70802 -2.67638e-13 2.70802 -5.9243e-13 -3.76612e-12 -2.67638e-13 -3.76612e-12 -2.10727e-13
Strain 0 0.00866667 0 0.00866667 0 0 0 0 0
Strain mean -1.40173e-18 0.00866667 -1.33819e-18 0.00866667 -3.85186e-34 -1.88306e-17 -1.33819e-18 -1.88306e-17 -3.25603e-33
Plastic strain_mean -1.90852e-18 0.00865313 0 0.00865313 1.90852e-18 0 0 0 0
Plastic strain_rate_mean 0 0 0 0 0 0 0 0 0
Dissipation 0.000687815
End step 26
Begin step 27
Stress 5.48406e-13 2.73739 2.05123e-13 2.73739 -6.51808e-13 -3.38053e-12 2.05123e-13 -3.38053e-12 -3.10483e-14
Strain 0 0.009 0 0.009 0 0 0 0 0
Strain mean -2.0653e-19 0.009 1.02562e-18 0.009 -1.45889e-32 -1.69026e-17 1.02562e-18 -1.69026e-17 -1.83565e-33
Plastic strain_mean -3.1038e-18 0.00898631 0 0.00898631 3.1038e-18 0 0 0 0
Plastic strain_rate_mean 0 0 0 0 0 0 0 0 0
Dissipation 0.000689894
End step 27
Begin step 28
Stress -4.93779e-13 2.76664 -4.79555e-14 2.76664 -4.24889e-13 -2.99017e-12 -4.79555e-14 -2.99017e-12 -2.75845e-13
Strain 0 0.00933333 0 0.00933333 0 0 0 0 0
Strain mean -1.83489e-18 0.00933333 -2.39777e-19 0.00933333 1.17512e-33 -1.49509e-17 -2.39777e-19 -1.49509e-17 -2.03426e-33
Plastic strain_mean -7.45218e-19 0.0093195 0 0.0093195 7.45218e-19 0 0 0 0
Plastic strain_rate_mean 0 0 0 0 0 0 0 0 0
Dissipation 0.000691912
End step 28
Begin step 29
Stress 1.31641e-12 2.7958 6.59977e-13 2.7958 -6.27176e-13 -2.70579e-12 6.59977e-13 -2.70579e-12 2.06954e-13
Strain 0 0.00966667 0 0.00966667 0 0 0 0 0
Strain mean 1.37663e-18 0.00966667 3.29988e-18 0.00966667 -1.12667e-32 -1.35289e-17 3.29988e-18 -1.35289e-17 -7.16205e-34
Plastic strain_mean -4.17065e-18 0.00965269 0 0.00965269 4.17065e-18 0 0 0 0
Plastic strain_rate_mean 0 0 0 0 0 0 0 0 0
Dissipation 0.000693875
End step 29
Begin step 30
Stress -7.40983e-14 2.82487 7.65678e-14 2.82487 -3.8384e-13 -2.34209e-12 7.65678e-14 -2.34209e-12 -1.37503e-13
Strain 0 0.01 0 0.01 0 0 0 0 0
Strain mean -9.14656e-19 0.01 3.82839e-19 0.01 -1.68519e-34 -1.17105e-17 3.82839e-19 -1.17105e-17 -6.19909e-34
Plastic strain_mean -1.23168e-18 0.00998588 0 0.00998588 1.23168e-18 0 0 0 0
Plastic strain_rate_mean 0 0 0 0 0 0 0 0 0
Dissipation 0.000695787
End step 30
