Begin step 0
Stress 0 0 0 0 0 0 0 0 0
Strain 0 0 0 0 0 0 0 0 0
Strain mean 0 0 0 0 0 0 0 0 0
Plastic strain_mean 0 0 0 0 0 0 0 0 0
Plastic strain_rate_mean 0 0 0 0 0 0 0 0 0
Dissipation 0
End step 0
Begin step 1
Stress 2.19327e-12 6.35033 -1.39976e-12 6.35033 -2.15916e-12 -3.41095e-12 -1.39976e-12 -3.41095e-12 1.02403e-14
Strain 0 0.000333333 0 0.000333333 0 0 0 0 0
Strain mean 6.8117e-20 0.000333333 -6.99882e-18 0.000333333 -3.26204e-33 -1.70547e-17 -6.99882e-18 -1.70547e-17 3.09954e-34
Plastic strain_mean -1.0847e-17 0.000301582 0 0.000301582 1.0847e-17 0 0 0 0
Plastic strain_rate_mean 0 0 0 0 0 0 0 0 0
Dissipation 0.00189097
End step 1
Begin step 2
Stress 1.03247e-12 7.03642 -1.14313e-12 7.03642 -9.26911e-13 1.37725e-12 -1.14313e-12 1.37725e-12 3.16946e-14
Strain 0 0.000666667 0 0.000666667 0 0 0 0 0
Strain mean 2.10829e-19 0.000666667 -5.71566e-18 0.000666667 -1.80556e-34 6.88624e-18 -5.71566e-18 6.88624e-18 8.37704e-34
Plastic strain_mean -4.79303e-18 0.000631485 0 0.000631485 4.79303e-18 0 0 0 0
Plastic strain_rate_mean 0 0 0 0 0 0 0 0 0
Dissipation 0.00227358
End step 2
Begin step 3
Stress 2.74147e-12 7.18377 -1.51351e-12 7.18377 -2.66536e-12 2.96833e-12 -1.51351e-12 2.96833e-12 2.28539e-14
Strain 0 0.001 0 0.001 0 0 0 0 0
Strain mean 1.52021e-19 0.001 -7.56756e-18 0.001 0 1.48416e-17 -7.56756e-18 1.48416e-17 5.51297e-33
Plastic strain_mean -1.34411e-17 0.000964081 0 0.000964081 1.34411e-17 0 0 0 0
Plastic strain_rate_mean 0 0 0 0 0 0 0 0 0
Dissipation 0.00232436
End step 3
Begin step 4
Stress 8.52946e-13 7.27401 7.84039e-13 7.27401 -7.87712e-13 1.21674e-12 7.84039e-13 1.21674e-12 1.95875e-14
Strain 0 0.00133333 0 0.00133333 0 0 0 0 0
Strain mean 1.30294e-19 0.00133333 3.92019e-18 0.00133333 2.31713e-33 6.08372e-18 3.92019e-18 6.08372e-18 5.40915e-34
Plastic strain_mean -4.0365e-18 0.00129696 0 0.00129696 4.0365e-18 0 0 0 0
Plastic strain_rate_mean 0 0 0 0 0 0 0 0 0
Dissipation 0.00234227
End step 4
Begin step 5
Stress 1.95694e-12 7.35379 -1.16974e-12 7.35379 -2.07517e-12 6.64604e-12 -1.16974e-12 6.64604e-12 -3.54981e-14
Strain 0 0.00166667 0 0.00166667 0 0 0 0 0
Strain mean -2.36129e-19 0.00166667 -5.84872e-18 0.00166667 2.40139e-33 3.32302e-17 -5.84872e-18 3.32302e-17 5.17594e-33
Plastic strain_mean -1.01983e-17 0.0016299 0 0.0016299 1.01983e-17 0 0 0 0
Plastic strain_rate_mean 0 0 0 0 0 0 0 0 0
Dissipation 0.00235666
End step 5
Begin step 6
Stress 2.01326e-12 7.42856 -7.84485e-13 7.42856 -2.03867e-12 6.44585e-12 -7.84485e-13 6.44585e-12 -7.62888e-15
Strain 0 0.002 0 0.002 0 0 0 0 0
Strain mean -5.07465e-20 0.002 -3.92243e-18 0.002 3.0845e-33 3.22293e-17 -3.92243e-18 3.22293e-17 3.2974e-33
Plastic strain_mean -1.01552e-17 0.00196286 0 0.00196286 1.01552e-17 0 0 0 0
Plastic strain_rate_mean 0 0 0 0 0 0 0 0 0
Dissipation 0.00237021
End step 6
Begin step 7
Stress 2.49747e-12 7.49961 -3.863e-13 7.49961 -2.1126e-12 4.97812e-12 -3.863e-13 4.97812e-12 1.15564e-13
Strain 0 0.00233333 0 0.00233333 0 0 0 0 0
Strain mean 7.6872e-19 0.00233333 -1.9315e-18 0.00233333 -4.27316e-34 2.48906e-17 -1.9315e-18 2.48906e-17 1.58513e-33
Plastic strain_mean -1.11408e-17 0.00229584 0 0.00229584 1.11408e-17 0 0 0 0
Plastic strain_rate_mean 0 0 0 0 0 0 0 0 0
Dissipation 0.00238319
End step 7
Begin step 8
Stress 2.38129e-12 7.56766 -1.88104e-13 7.56766 -2.17269e-12 3.86241e-12 -1.88104e-13 3.86241e-12 6.26337e-14
Strain 0 0.00266667 0 0.00266667 0 0 0 0 0
Strain mean 4.16632e-19 0.00266667 -9.40521e-19 0.00266667 -2.38936e-33 1.93121e-17 -9.40521e-19 1.93121e-17 8.66668e-34
Plastic strain_mean -1.11766e-17 0.00262883 0 0.00262883 1.11766e-17 0 0 0 0
Plastic strain_rate_mean 0 0 0 0 0 0 0 0 0
Dissipation 0.00239568
End step 8
Begin step 9
Stress 2.34174e-12 7.63319 -3.0547e-14 7.63319 -2.31698e-12 2.78571e-12 -3.0547e-14 2.78571e-12 7.43237e-15
Strain 0 0.003 0 0.003 0 0 0 0 0
Strain mean 4.94393e-20 0.003 -1.52735e-19 0.003 3.55093e-34 1.39286e-17 -1.52735e-19 1.39286e-17 -1.80556e-34
Plastic strain_mean -1.16221e-17 0.00296183 0 0.00296183 1.16221e-17 0 0 0 0
Plastic strain_rate_mean 0 0 0 0 0 0 0 0 0
Dissipation 0.00240772
End step 9
Begin step 10
Stress 2.36348e-12 7.69661 2.21822e-13 7.69661 -1.95232e-12 1.87145e-12 2.21822e-13 1.87145e-12 1.2346e-13
Strain 0 0.00333333 0 0.00333333 0 0 0 0 0
Strain mean 8.21239e-19 0.00333333 1.10911e-18 0.00333333 9.88168e-34 9.35725e-18 1.10911e-18 9.35725e-18 -2.51274e-34
Plastic strain_mean -1.03789e-17 0.00329485 0 0.00329485 1.03789e-17 0 0 0 0
Plastic strain_rate_mean 0 0 0 0 0 0 0 0 0
Dissipation 0.00241936
End step 10
Begin step 11
Stress 2.0101e-12 7.75821 1.77386e-13 7.75821 -1.71505e-12 1.54817e-12 1.77386e-13 1.54817e-12 8.85946e-14
Strain 0 0.00366667 0 0.00366667 0 0 0 0 0
Strain mean 5.89321e-19 0.00366667 8.86931e-19 0.00366667 -1.30903e-34 7.74084e-18 8.86931e-19 7.74084e-18 -4.07755e-34
Plastic strain_mean -9.0182e-18 0.00362788 0 0.00362788 9.0182e-18 0 0 0 0
Plastic strain_rate_mean 0 0 0 0 0 0 0 0 0
Dissipation 0.00243064
End step 11
Begin step 12
Stress 1.38861e-12 7.81824 1.77025e-13 7.81824 -1.52296e-12 1.55613e-12 1.77025e-13 1.55613e-12 -4.03409e-14
Strain 0 0.004 0 0.004 0 0 0 0 0
Strain mean -2.68343e-19 0.004 8.85123e-19 0.004 -2.09445e-33 7.78067e-18 8.85123e-19 7.78067e-18 -5.25117e-34
Plastic strain_mean -7.4131e-18 0.00396091 0 0.00396091 7.4131e-18 0 0 0 0
Plastic strain_rate_mean 0 0 0 0 0 0 0 0 0
Dissipation 0.00244161
End step 12
Begin step 13
Stress 1.12669e-12 7.87689 2.66885e-13 7.87689 -1.33416e-12 1.63757e-12 2.66885e-13 1.63757e-12 -6.22974e-14
Strain 0 0.00433333 0 0.00433333 0 0 0 0 0
Strain mean -4.14395e-19 0.00433333 1.33443e-18 0.00433333 1.29398e-34 8.18784e-18 1.33443e-18 8.18784e-18 -1.77547e-34
Plastic strain_mean -6.35934e-18 0.00429395 0 0.00429395 6.35934e-18 0 0 0 0
Plastic strain_rate_mean 0 0 0 0 0 0 0 0 0
Dissipation 0.0024523
End step 13
Begin step 14
Stress 8.02314e-13 7.93431 2.92272e-13 7.93431 -1.05746e-12 1.69202e-12 2.92272e-13 1.69202e-12 -7.6612e-14
Strain 0 0.00466667 0 0.00466667 0 0 0 0 0
Strain mean -5.09614e-19 0.00466667 1.46136e-18 0.00466667 5.60476e-34 8.46008e-18 1.46136e-18 8.46008e-18 -2.55788e-34
Plastic strain_mean -4.90424e-18 0.004627 0 0.004627 4.90424e-18 0 0 0 0
Plastic strain_rate_mean 0 0 0 0 0 0 0 0 0
Dissipation 0.00246273
End step 14
Begin step 15
Stress 1.1677e-12 7.99066 -5.03786e-14 7.99066 -7.60026e-13 1.71184e-12 -5.03786e-14 1.71184e-12 1.22411e-13
Strain 0 0.005 0 0.005 0 0 0 0 0
Strain mean 8.14267e-19 0.005 -2.51893e-19 0.005 -1.81459e-33 8.55918e-18 -2.51893e-19 8.55918e-18 -1.90336e-34
Plastic strain_mean -4.41219e-18 0.00496005 0 0.00496005 4.41219e-18 0 0 0 0
Plastic strain_rate_mean 0 0 0 0 0 0 0 0 0
Dissipation 0.00247293
End step 15
Begin step 16
Stress 8.27531e-13 8.04603 -4.04605e-14 8.04603 -5.66392e-13 1.7375e-12 -4.04605e-14 1.7375e-12 7.84111e-14
Strain 0 0.00533333 0 0.00533333 0 0 0 0 0
Strain mean 5.21582e-19 0.00533333 -2.02303e-19 0.00533333 4.99538e-34 8.68749e-18 -2.02303e-19 8.68749e-18 -3.84058e-34
Plastic strain_mean -3.22402e-18 0.0052931 0 0.0052931 3.22402e-18 0 0 0 0
Plastic strain_rate_mean 0 0 0 0 0 0 0 0 0
Dissipation 0.00248292
End step 16
Begin step 17
Stress -4.05157e-13 8.10052 1.07142e-13 8.10052 -5.19551e-15 7.16663e-12 1.07142e-13 7.16663e-12 -1.23215e-13
Strain 0 0.00566667 0 0.00566667 0 0 0 0 0
Strain mean -8.19612e-19 0.00566667 5.3571e-19 0.00566667 2.11852e-33 3.58331e-17 5.3571e-19 3.58331e-17 3.39144e-33
Plastic strain_mean 5.90097e-19 0.00562616 0 0.00562616 -5.90097e-19 0 0 0 0
Plastic strain_rate_mean 0 0 0 0 0 0 0 0 0
Dissipation 0.00249272
End step 17
Begin step 18
Stress -7.90196e-13 8.15422 1.33304e-14 8.15422 6.03926e-13 6.64758e-12 1.33304e-14 6.64758e-12 -5.59306e-14
Strain 0 0.006 0 0.006 0 0 0 0 0
Strain mean -3.72044e-19 0.006 6.66521e-20 0.006 -3.39445e-33 3.32379e-17 6.66521e-20 3.32379e-17 4.62223e-33
Plastic strain_mean 3.29928e-18 0.00595923 0 0.00595923 -3.29928e-18 0 0 0 0
Plastic strain_rate_mean 0 0 0 0 0 0 0 0 0
Dissipation 0.00250234
End step 18
Begin step 19
Stress -9.1457e-14 8.20719 2.35559e-13 8.20719 1.36969e-12 6.16002e-12 2.35559e-13 6.16002e-12 3.83811e-13
Strain 0 0.00633333 0 0.00633333 0 0 0 0 0
Strain mean 2.55307e-18 0.00633333 1.1778e-18 0.00633333 3.61112e-34 3.08001e-17 1.1778e-18 3.08001e-17 3.16575e-33
Plastic strain_mean 4.92941e-18 0.0062923 0 0.0062923 -4.92941e-18 0 0 0 0
Plastic strain_rate_mean 0 0 0 0 0 0 0 0 0
Dissipation 0.0025118
End step 19
Begin step 20
Stress -7.62066e-13 8.2595 -1.42193e-14 8.2595 1.49441e-12 5.70718e-12 -1.42193e-14 5.70718e-12 2.19897e-13
Strain 0 0.00666667 0 0.00666667 0 0 0 0 0
Strain mean 1.46273e-18 0.00666667 -7.10964e-20 0.00666667 -2.88889e-34 2.85359e-17 -7.10964e-20 2.85359e-17 3.29214e-33
Plastic strain_mean 6.37255e-18 0.00662537 0 0.00662537 -6.37255e-18 0 0 0 0
Plastic strain_rate_mean 0 0 0 0 0 0 0 0 0
Dissipation 0.00252111
End step 20
Begin step 21
Stress -1.87821e-12 8.3112 -4.29166e-14 8.3112 1.5554e-12 5.26664e-12 -4.29166e-14 5.26664e-12 -9.69265e-14
Strain 0 0.007 0 0.007 0 0 0 0 0
Strain mean -6.44744e-19 0.007 -2.14583e-19 0.007 9.62965e-34 2.63332e-17 -2.14583e-19 2.63332e-17 2.9551e-33
Plastic strain_mean 8.26165e-18 0.00695844 0 0.00695844 -8.26165e-18 0 0 0 0
Plastic strain_rate_mean 0 0 0 0 0 0 0 0 0
Dissipation 0.00253027
End step 21
Begin step 22
Stress -2.4584e-12 8.36234 -4.21853e-13 8.36234 1.25858e-12 4.87943e-12 -4.21853e-13 4.87943e-12 -3.60265e-13
Strain 0 0.00733333 0 0.00733333 0 0 0 0 0
Strain mean -2.39644e-18 0.00733333 -2.10926e-18 0.00733333 1.44445e-33 2.43972e-17 -2.10926e-18 2.43972e-17 3.39445e-33
Plastic strain_mean 8.09424e-18 0.00729152 0 0.00729152 -8.09424e-18 0 0 0 0
Plastic strain_rate_mean 0 0 0 0 0 0 0 0 0
Dissipation 0.00253931
End step 22
Begin step 23
Stress -1.20955e-12 8.41295 1.15874e-13 8.41295 1.6811e-12 4.5025e-12 1.15874e-13 4.5025e-12 1.41591e-13
Strain 0 0.00766667 0 0.00766667 0 0 0 0 0
Strain mean 9.41845e-19 0.00766667 5.79368e-19 0.00766667 1.63704e-33 2.25125e-17 5.79368e-19 2.25125e-17 3.48473e-33
Plastic strain_mean 7.69753e-18 0.0076246 0 0.0076246 -7.69753e-18 0 0 0 0
Plastic strain_rate_mean 0 0 0 0 0 0 0 0 0
Dissipation 0.00254821
End step 23
Begin step 24
Stress -1.8197e-12 8.46309 -7.07472e-13 8.46309 1.65597e-12 4.17613e-12 -7.07472e-13 4.17613e-12 -4.9162e-14
Strain 0 0.008 0 0.008 0 0 0 0 0
Strain mean -3.2702e-19 0.008 -3.53736e-18 0.008 -6.86113e-34 2.08807e-17 -3.53736e-18 2.08807e-17 2.91297e-33
Plastic strain_mean 8.52565e-18 0.00795768 0 0.00795768 -8.52565e-18 0 0 0 0
Plastic strain_rate_mean 0 0 0 0 0 0 0 0 0
Dissipation 0.00255701
End step 24
Begin step 25
Stress -1.63891e-12 8.51277 -6.38566e-15 8.51277 1.42273e-12 3.88993e-12 -6.38566e-15 3.88993e-12 -6.49088e-14
Strain 0 0.00833333 0 0.00833333 0 0 0 0 0
Strain mean -4.31766e-19 0.00833333 -3.19283e-20 0.00833333 -4.81482e-35 1.94497e-17 -3.19283e-20 1.94497e-17 2.45857e-33
Plastic strain_mean 7.43822e-18 0.00829077 0 0.00829077 -7.43822e-18 0 0 0 0
Plastic strain_rate_mean 0 0 0 0 0 0 0 0 0
Dissipation 0.00256569
End step 25
Begin step 26
Stress -1.64158e-12 8.56204 -4.88823e-13 8.56204 1.64256e-12 3.65339e-12 -4.88823e-13 3.65339e-12 2.96946e-16
Strain 0 0.00866667 0 0.00866667 0 0 0 0 0
Strain mean 1.97525e-21 0.00866667 -2.44411e-18 0.00866667 -1.20371e-34 1.8267e-17 -2.44411e-18 1.8267e-17 2.58797e-33
Plastic strain_mean 8.21134e-18 0.00862386 0 0.00862386 -8.21134e-18 0 0 0 0
Plastic strain_rate_mean 0 0 0 0 0 0 0 0 0
Dissipation 0.00257427
End step 26
Begin step 27
Stress -2.23927e-12 8.61091 1.37932e-13 8.61091 1.24404e-12 3.4607e-12 1.37932e-13 3.4607e-12 -2.98832e-13
Strain 0 0.009 0 0.009 0 0 0 0 0
Strain mean -1.9878e-18 0.009 6.89659e-19 0.009 1.54074e-33 1.73035e-17 6.89659e-19 1.73035e-17 2.46459e-33
Plastic strain_mean 7.71437e-18 0.00895695 0 0.00895695 -7.71437e-18 0 0 0 0
Plastic strain_rate_mean 0 0 0 0 0 0 0 0 0
Dissipation 0.00258275
End step 27
Begin step 28
Stress -1.66352e-12 8.65942 -1.03613e-13 8.65942 1.03292e-12 3.24443e-12 -1.03613e-13 3.24443e-12 -1.89347e-13
Strain 0 0.00933333 0 0.00933333 0 0 0 0 0
Strain mean -1.25951e-18 0.00933333 -5.18066e-19 0.00933333 -5.17594e-34 1.62221e-17 -5.18066e-19 1.62221e-17 3.01227e-33
Plastic strain_mean 6.11134e-18 0.00929004 0 0.00929004 -6.11134e-18 0 0 0 0
Plastic strain_rate_mean 0 0 0 0 0 0 0 0 0
Dissipation 0.00259113
End step 28
Begin step 29
Stress -2.0195e-12 8.70758 -2.68751e-14 8.70758 8.36846e-13 3.10725e-12 -2.68751e-14 3.10725e-12 -3.55112e-13
Strain 0 0.00966667 0 0.00966667 0 0 0 0 0
Strain mean -2.36216e-18 0.00966667 -1.34375e-19 0.00966667 8.06483e-34 1.55362e-17 -1.34375e-19 1.55362e-17 2.57894e-33
Plastic strain_mean 5.95979e-18 0.00962313 0 0.00962313 -5.95979e-18 0 0 0 0
Plastic strain_rate_mean 0 0 0 0 0 0 0 0 0
Dissipation 0.00259943
End step 29
Begin step 30
Stress -6.80937e-13 8.75542 -1.38637e-13 8.75542 1.25964e-12 2.95743e-12 -1.38637e-13 2.95743e-12 1.73766e-13
Strain 0 0.01 0 0.01 0 0 0 0 0
Strain mean 1.15587e-18 0.01 -6.93185e-19 0.01 -8.00465e-34 1.47872e-17 -6.93185e-19 1.47872e-17 2.62408e-33
Plastic strain_mean 5.42938e-18 0.00995622 0 0.00995622 -5.42938e-18 0 0 0 0
Plastic strain_rate_mean 0 0 0 0 0 0 0 0 0
Dissipation 0.00260764
End step 30
