Begin step 0
Stress 0 0 0 0 0 0 0 0 0
Strain 0 0 0 0 0 0 0 0 0
Strain mean 0 0 0 0 0 0 0 0 0
Plastic strain_mean 0 0 0 0 0 0 0 0 0
Plastic strain_rate_mean 0 0 0 0 0 0 0 0 0
Dissipation 0
End step 0
Begin step 1
Stress -6.69082e-15 6.6241 2.32098e-12 6.6241 9.00683e-15 -2.13043e-12 2.32098e-12 -2.13043e-12 6.9542e-16
Strain 0 3.33333e-05 0 3.33333e-05 0 0 0 0 0
Strain mean 4.62586e-21 3.33333e-05 1.16049e-17 3.33333e-05 1.90186e-33 -1.06521e-17 1.16049e-17 -1.06521e-17 -1.69271e-34
Plastic strain_mean 4.15571e-20 2.12833e-07 0 2.12833e-07 -4.15571e-20 0 0 0 0
Plastic strain_rate_mean 0 0 0 0 0 0 0 0 0
Dissipation 1.40981e-06
End step 1
Begin step 2
Stress 5.84103e-14 13.2059 -1.51291e-13 13.2059 -6.11299e-14 3.21111e-12 -1.51291e-13 3.21111e-12 -8.166e-16
Strain 0 6.66667e-05 0 6.66667e-05 0 0 0 0 0
Strain mean -5.43193e-21 6.66667e-05 -7.56457e-19 6.66667e-05 1.14111e-32 1.60555e-17 -7.56457e-19 1.60555e-17 3.97674e-33
Plastic strain_mean -3.01567e-19 6.37137e-07 0 6.37137e-07 3.01567e-19 0 0 0 0
Plastic strain_rate_mean 0 0 0 0 0 0 0 0 0
Dissipation 5.60323e-06
End step 2
Begin step 3
Stress 1.39416e-13 19.7457 -1.36196e-13 19.7457 -1.21928e-13 3.18919e-12 -1.36196e-13 3.18919e-12 5.25113e-15
Strain 0 0.0001 0 0.0001 0 0 0 0 0
Strain mean 3.49299e-20 0.0001 -6.80982e-19 0.0001 1.16037e-32 1.5946e-17 -6.80982e-19 1.5946e-17 3.86709e-33
Plastic strain_mean -6.35896e-19 1.27156e-06 0 1.27156e-06 6.35896e-19 0 0 0 0
Plastic strain_rate_mean 0 0 0 0 0 0 0 0 0
Dissipation 1.25268e-05
End step 3
Begin step 4
Stress 1.95583e-13 26.2437 -1.28675e-13 26.2437 -1.90908e-13 3.16857e-12 -1.28675e-13 3.16857e-12 1.40394e-15
Strain 0 0.000133333 0 0.000133333 0 0 0 0 0
Strain mean 9.33886e-21 0.000133333 -6.43374e-19 0.000133333 1.54074e-33 1.58429e-17 -6.43374e-19 1.58429e-17 3.22311e-33
Plastic strain_mean -9.61559e-19 2.11475e-06 0 2.11475e-06 9.61559e-19 0 0 0 0
Plastic strain_rate_mean 0 0 0 0 0 0 0 0 0
Dissipation 2.21278e-05
End step 4
Begin step 5
Stress 2.58164e-13 32.7003 -1.15235e-13 32.7003 -2.54587e-13 3.14641e-12 -1.15235e-13 3.14641e-12 1.07424e-15
Strain 0 0.000166667 0 0.000166667 0 0 0 0 0
Strain mean 7.14575e-21 0.000166667 -5.76175e-19 0.000166667 -1.68519e-33 1.5732e-17 -5.76175e-19 1.5732e-17 3.48247e-33
Plastic strain_mean -1.2783e-18 3.16537e-06 0 3.16537e-06 1.2783e-18 0 0 0 0
Plastic strain_rate_mean 0 0 0 0 0 0 0 0 0
Dissipation 3.43545e-05
End step 5
Begin step 6
Stress 3.15416e-13 39.1156 -1.02332e-13 39.1156 -3.18267e-13 3.12551e-12 -1.02332e-13 3.12551e-12 -8.55902e-16
Strain 0 0.0002 0 0.0002 0 0 0 0 0
Strain mean -5.69336e-21 0.0002 -5.11658e-19 0.0002 2.11852e-33 1.56275e-17 -5.11658e-19 1.56275e-17 3.66924e-33
Plastic strain_mean -1.58705e-18 4.4221e-06 0 4.4221e-06 1.58705e-18 0 0 0 0
Plastic strain_rate_mean 0 0 0 0 0 0 0 0 0
Dissipation 4.91556e-05
End step 6
Begin step 7
Stress 3.08238e-13 45.4898 -1.91359e-12 45.4898 -3.2878e-13 1.31562e-12 -1.91359e-12 1.31562e-12 -6.16817e-15
Strain 0 0.000233333 0 0.000233333 0 0 0 0 0
Strain mean -4.103e-20 0.000233333 -9.56794e-18 0.000233333 3.4426e-33 6.57808e-18 -9.56794e-18 6.57808e-18 3.82779e-33
Plastic strain_mean -1.61306e-18 5.88455e-06 0 5.88455e-06 1.61306e-18 0 0 0 0
Plastic strain_rate_mean 0 0 0 0 0 0 0 0 0
Dissipation 6.65237e-05
End step 7
Begin step 8
Stress 4.34944e-13 51.8212 1.48936e-12 51.8212 -4.44135e-13 -2.61085e-12 1.48936e-12 -2.61085e-12 -2.75985e-15
Strain 0 0.000266667 0 0.000266667 0 0 0 0 0
Strain mean -1.83582e-20 0.000266667 7.44681e-18 0.000266667 -1.28989e-31 -1.30542e-17 7.44681e-18 -1.30542e-17 -1.11945e-33
Plastic strain_mean -2.20688e-18 7.56055e-06 0 7.56055e-06 2.20688e-18 0 0 0 0
Plastic strain_rate_mean 0 0 0 0 0 0 0 0 0
Dissipation 8.68476e-05
End step 8
Begin step 9
Stress 5.35663e-13 58.1011 7.59835e-13 58.1011 -5.14648e-13 -2.88176e-12 7.59835e-13 -2.88176e-12 6.31009e-15
Strain 0 0.0003 0 0.0003 0 0 0 0 0
Strain mean 4.1974e-20 0.0003 3.79918e-18 0.0003 -1.80556e-32 -1.44088e-17 3.79918e-18 -1.44088e-17 -2.65417e-33
Plastic strain_mean -2.60479e-18 9.49465e-06 0 9.49465e-06 2.60479e-18 0 0 0 0
Plastic strain_rate_mean 0 0 0 0 0 0 0 0 0
Dissipation 0.000112366
End step 9
Begin step 10
Stress 3.66013e-13 64.314 -1.45154e-12 64.314 -3.73241e-13 2.26292e-12 -1.45154e-12 2.26292e-12 -2.17032e-15
Strain 0 0.000333333 0 0.000333333 0 0 0 0 0
Strain mean -1.44367e-20 0.000333333 -7.25768e-18 0.000333333 1.68615e-31 1.13146e-17 -7.25768e-18 1.13146e-17 -2.93403e-34
Plastic strain_mean -1.85535e-18 1.17635e-05 0 1.17635e-05 1.85535e-18 0 0 0 0
Plastic strain_rate_mean 0 0 0 0 0 0 0 0 0
Dissipation 0.000145906
End step 10
Begin step 11
Stress -4.87109e-14 70.437 8.36368e-13 70.437 -5.07728e-15 -5.57863e-12 8.36368e-13 -5.57863e-12 -1.61508e-14
Strain 0 0.000366667 0 0.000366667 0 0 0 0 0
Strain mean -1.07433e-19 0.000366667 4.18184e-18 0.000366667 6.16298e-33 -2.78932e-17 4.18184e-18 -2.78932e-17 2.21181e-33
Plastic strain_mean 5.53675e-20 1.44819e-05 0 1.44819e-05 -5.53675e-20 0 0 0 0
Plastic strain_rate_mean 0 0 0 0 0 0 0 0 0
Dissipation 0.000191459
End step 11
Begin step 12
Stress -1.81179e-13 76.4324 -3.72739e-12 76.4324 1.86785e-13 2.46866e-12 -3.72739e-12 2.46866e-12 1.68342e-15
Strain 0 0.0004 0 0.0004 0 0 0 0 0
Strain mean 1.11979e-20 0.0004 -1.86369e-17 0.0004 1.00991e-32 1.23433e-17 -1.86369e-17 1.23433e-17 -1.06227e-33
Plastic strain_mean 9.25509e-19 1.78381e-05 0 1.78381e-05 -9.25509e-19 0 0 0 0
Plastic strain_rate_mean 0 0 0 0 0 0 0 0 0
Dissipation 0.000256499
End step 12
Begin step 13
Stress -4.5666e-14 82.2367 1.26303e-12 82.2367 7.83884e-14 -8.38044e-13 1.26303e-12 -8.38044e-13 9.82541e-15
Strain 0 0.000433333 0 0.000433333 0 0 0 0 0
Strain mean 6.53575e-20 0.000433333 6.31513e-18 0.000433333 -9.51455e-33 -4.19022e-18 6.31513e-18 -4.19022e-18 7.09152e-34
Plastic strain_mean 3.42815e-19 2.21498e-05 0 2.21498e-05 -3.42815e-19 0 0 0 0
Plastic strain_rate_mean 0 0 0 0 0 0 0 0 0
Dissipation 0.000354539
End step 13
Begin step 14
Stress -2.11277e-13 87.7359 -2.71241e-12 87.7359 2.0543e-13 8.49711e-13 -2.71241e-12 8.49711e-13 -1.75547e-15
Strain 0 0.000466667 0 0.000466667 0 0 0 0 0
Strain mean -1.16772e-20 0.000466667 -1.35621e-17 0.000466667 1.21689e-31 4.24855e-18 -1.35621e-17 4.24855e-18 -3.23647e-33
Plastic strain_mean 1.03593e-18 2.79873e-05 0 2.79873e-05 -1.03593e-18 0 0 0 0
Plastic strain_rate_mean 0 0 0 0 0 0 0 0 0
Dissipation 0.000512076
End step 14
Begin step 15
Stress -1.13142e-12 92.7174 2.59839e-12 92.7174 1.10248e-12 7.28422e-13 2.59839e-12 7.28422e-13 -8.69003e-15
Strain 0 0.0005 0 0.0005 0 0 0 0 0
Strain mean -5.78051e-20 0.0005 1.2992e-17 0.0005 -4.0589e-32 3.64211e-18 1.2992e-17 3.64211e-18 1.0382e-34
Plastic strain_mean 5.55583e-18 3.64132e-05 0 3.64132e-05 -5.55583e-18 0 0 0 0
Plastic strain_rate_mean 0 0 0 0 0 0 0 0 0
Dissipation 0.00078107
End step 15
Begin step 16
Stress -3.18096e-13 96.8097 5.87924e-13 96.8097 3.79715e-13 -3.06572e-12 5.87924e-13 -3.06572e-12 1.85023e-14
Strain 0 0.000533333 0 0.000533333 0 0 0 0 0
Strain mean 1.23075e-19 0.000533333 2.93962e-18 0.000533333 -3.92119e-31 -1.53286e-17 2.93962e-18 -1.53286e-17 1.65811e-33
Plastic strain_mean 1.80606e-18 4.92847e-05 0 4.92847e-05 -1.80606e-18 0 0 0 0
Plastic strain_rate_mean 0 0 0 0 0 0 0 0 0
Dissipation 0.00124577
End step 16
Begin step 17
Stress 1.95292e-13 99.5748 -1.43165e-12 99.5748 -2.75382e-13 1.30847e-12 -1.43165e-12 1.30847e-12 -2.40482e-14
Strain 0 0.000566667 0 0.000566667 0 0 0 0 0
Strain mean -1.59966e-19 0.000566667 -7.15826e-18 0.000566667 1.08334e-32 6.54236e-18 -7.15826e-18 6.54236e-18 -1.08935e-33
Plastic strain_mean -1.25667e-18 6.87928e-05 0 6.87928e-05 1.25667e-18 0 0 0 0
Plastic strain_rate_mean 0 0 0 0 0 0 0 0 0
Dissipation 0.00194185
End step 17
Begin step 18
Stress 1.12999e-13 101.006 -7.68634e-13 101.006 -1.01132e-13 -1.42729e-12 -7.68634e-13 -1.42729e-12 3.56335e-15
Strain 0 0.0006 0 0.0006 0 0 0 0 0
Strain mean 2.3703e-20 0.0006 -3.84317e-18 0.0006 -1.34815e-33 -7.13645e-18 -3.84317e-18 -7.13645e-18 -7.92941e-34
Plastic strain_mean -5.23476e-19 9.49713e-05 0 9.49713e-05 5.23476e-19 0 0 0 0
Plastic strain_rate_mean 0 0 0 0 0 0 0 0 0
Dissipation 0.00264301
End step 18
Begin step 19
Stress -3.36288e-12 101.607 -5.2751e-13 101.607 3.3005e-12 2.20212e-12 -5.2751e-13 2.20212e-12 -1.87294e-14
Strain 0 0.000633333 0 0.000633333 0 0 0 0 0
Strain mean -1.24586e-19 0.000633333 -2.63755e-18 0.000633333 -2.40741e-33 1.10106e-17 -2.63755e-18 1.10106e-17 -1.46702e-34
Plastic strain_mean 1.65961e-17 0.000125297 0 0.000125297 -1.65961e-17 0 0 0 0
Plastic strain_rate_mean 0 0 0 0 0 0 0 0 0
Dissipation 0.00307962
End step 19
Begin step 20
Stress -2.14897e-12 101.843 -2.18005e-12 101.843 2.15624e-12 2.57101e-12 -2.18005e-12 2.57101e-12 2.18342e-15
Strain 0 0.000666667 0 0.000666667 0 0 0 0 0
Strain mean 1.45239e-20 0.000666667 -1.09002e-17 0.000666667 -3.89038e-32 1.28551e-17 -1.09002e-17 1.28551e-17 -1.88982e-33
Plastic strain_mean 1.07703e-17 0.000157453 0 0.000157453 -1.07703e-17 0 0 0 0
Plastic strain_rate_mean 0 0 0 0 0 0 0 0 0
Dissipation 0.00327277
End step 20
Begin step 21
Stress 1.54448e-12 101.941 -1.52684e-12 101.941 -1.52858e-12 6.75548e-12 -1.52684e-12 6.75548e-12 4.77296e-15
Strain 0 0.0007 0 0.0007 0 0 0 0 0
Strain mean 3.17492e-20 0.0007 -7.6342e-18 0.0007 -9.46113e-33 3.37774e-17 -7.6342e-18 3.37774e-17 -9.14817e-34
Plastic strain_mean -7.66679e-18 0.000190293 0 0.000190293 7.66679e-18 0 0 0 0
Plastic strain_rate_mean 0 0 0 0 0 0 0 0 0
Dissipation 0.00334535
End step 21
Begin step 22
Stress 4.82279e-13 101.992 2.24361e-13 101.992 -5.41034e-13 2.74103e-12 2.24361e-13 2.74103e-12 -1.76421e-14
Strain 0 0.000733333 0 0.000733333 0 0 0 0 0
Strain mean -1.17353e-19 0.000733333 1.1218e-18 0.000733333 -3.1176e-33 1.37051e-17 1.1218e-18 1.37051e-17 1.66412e-33
Plastic strain_mean -2.61696e-18 0.000223374 0 0.000223374 2.61696e-18 0 0 0 0
Plastic strain_rate_mean 0 0 0 0 0 0 0 0 0
Dissipation 0.00337124
End step 22
Begin step 23
Stress -1.53357e-13 102.026 1.77605e-13 102.026 2.0373e-14 -3.83791e-12 1.77605e-13 -3.83791e-12 -3.99305e-14
Strain 0 0.000766667 0 0.000766667 0 0 0 0 0
Strain mean -2.65613e-19 0.000766667 8.88026e-19 0.000766667 7.72779e-33 -1.91895e-17 8.88026e-19 -1.91895e-17 -1.74387e-33
Plastic strain_mean 3.01517e-19 0.000256538 0 0.000256538 -3.01517e-19 0 0 0 0
Plastic strain_rate_mean 0 0 0 0 0 0 0 0 0
Dissipation 0.00338062
End step 23
Begin step 24
Stress 2.24579e-13 102.054 1.56601e-12 102.054 -2.78709e-13 3.10436e-12 1.56601e-12 3.10436e-12 -1.62534e-14
Strain 0 0.0008 0 0.0008 0 0 0 0 0
Strain mean -1.08116e-19 0.0008 7.83005e-18 0.0008 5.89816e-34 1.55218e-17 7.83005e-18 1.55218e-17 8.39585e-34
Plastic strain_mean -1.31228e-18 0.000289732 0 0.000289732 1.31228e-18 0 0 0 0
Plastic strain_rate_mean 0 0 0 0 0 0 0 0 0
Dissipation 0.00338433
End step 24
Begin step 25
Stress 2.40343e-13 102.079 1.52944e-12 102.079 -2.76934e-13 2.78097e-12 1.52944e-12 2.78097e-12 -1.0987e-14
Strain 0 0.000833333 0 0.000833333 0 0 0 0 0
Strain mean -7.30842e-20 0.000833333 7.64722e-18 0.000833333 1.08334e-33 1.39049e-17 7.64722e-18 1.39049e-17 1.63102e-33
Plastic strain_mean -1.32973e-18 0.000322938 0 0.000322938 1.32973e-18 0 0 0 0
Plastic strain_rate_mean 0 0 0 0 0 0 0 0 0
Dissipation 0.0033861
End step 25
Begin step 26
Stress 1.95827e-13 102.104 1.46541e-12 102.104 -2.40562e-13 2.46565e-12 1.46541e-12 2.46565e-12 -1.34324e-14
Strain 0 0.000866667 0 0.000866667 0 0 0 0 0
Strain mean -8.93509e-20 0.000866667 7.32704e-18 0.000866667 1.02917e-33 1.23282e-17 7.32704e-18 1.23282e-17 1.61898e-33
Plastic strain_mean -1.13565e-18 0.000356149 0 0.000356149 1.13565e-18 0 0 0 0
Plastic strain_rate_mean 0 0 0 0 0 0 0 0 0
Dissipation 0.00338719
End step 26
Begin step 27
Stress 1.79298e-13 102.128 1.34087e-12 102.128 -1.53498e-13 2.19287e-12 1.34087e-12 2.19287e-12 7.74679e-15
Strain 0 0.0009 0 0.0009 0 0 0 0 0
Strain mean 5.15307e-20 0.0009 6.70433e-18 0.0009 -1.24584e-33 1.09643e-17 6.70433e-18 1.09643e-17 1.01713e-33
Plastic strain_mean -8.06224e-19 0.000389362 0 0.000389362 8.06224e-19 0 0 0 0
Plastic strain_rate_mean 0 0 0 0 0 0 0 0 0
Dissipation 0.00338804
End step 27
Begin step 28
Stress 2.64408e-13 102.151 1.23621e-12 102.151 -8.65151e-14 1.9558e-12 1.23621e-12 1.9558e-12 5.34153e-14
Strain 0 0.000933333 0 0.000933333 0 0 0 0 0
Strain mean 3.55312e-19 0.000933333 6.18103e-18 0.000933333 -2.22686e-34 9.779e-18 6.18103e-18 9.779e-18 1.6882e-33
Plastic strain_mean -6.99652e-19 0.000422577 0 0.000422577 6.99652e-19 0 0 0 0
Plastic strain_rate_mean 0 0 0 0 0 0 0 0 0
Dissipation 0.00338879
End step 28
Begin step 29
Stress 1.80782e-12 102.175 2.37233e-12 102.175 -1.79147e-12 4.46798e-12 2.37233e-12 4.46798e-12 4.90834e-15
Strain 0 0.000966667 0 0.000966667 0 0 0 0 0
Strain mean 3.26497e-20 0.000966667 1.18616e-17 0.000966667 -4.62223e-33 2.23399e-17 1.18616e-17 2.23399e-17 -4.99538e-34
Plastic strain_mean -8.98191e-18 0.000455794 0 0.000455794 8.98191e-18 0 0 0 0
Plastic strain_rate_mean 0 0 0 0 0 0 0 0 0
Dissipation 0.0033895
End step 29
Begin step 30
Stress 4.09039e-13 102.198 1.05607e-12 102.198 -4.36904e-13 1.60289e-12 1.05607e-12 1.60289e-12 -8.36688e-15
Strain 0 0.001 0 0.001 0 0 0 0 0
Strain mean -5.56555e-20 0.001 5.28035e-18 0.001 2.61505e-33 8.01447e-18 5.28035e-18 8.01447e-18 1.0728e-33
Plastic strain_mean -2.14269e-18 0.000489011 0 0.000489011 2.14269e-18 0 0 0 0
Plastic strain_rate_mean 0 0 0 0 0 0 0 0 0
Dissipation 0.00339018
End step 30
