Begin step 0
Stress 0 0 0 0 0 0 0 0 0
Strain 0 0 0 0 0 0 0 0 0
Strain mean 0 0 0 0 0 0 0 0 0
Plastic strain_mean 0 0 0 0 0 0 0 0 0
Plastic strain_rate_mean 0 0 0 0 0 0 0 0 0
Dissipation 0
End step 0
Begin step 1
Stress 1.32038e-15 6.66667 -1.5813e-15 6.66667 5.66604e-16 -9.91387e-17 -1.5813e-15 -9.91387e-17 5.66598e-16
Strain 0 3.33333e-05 0 3.33333e-05 0 0 0 0 0
Strain mean 3.76895e-21 3.33333e-05 -7.90652e-21 3.33333e-05 4.52565e-37 -4.95694e-22 -7.90652e-21 -4.95694e-22 -9.1909e-37
Plastic strain_mean 2.64989e-26 8.32744e-18 0 8.32744e-18 -2.64989e-26 0 0 0 0
Plastic strain_rate_mean 0 0 0 0 0 0 0 0 0
Dissipation 5.55163e-17
End step 1
Begin step 2
Stress -4.10459e-16 13.3333 2.95165e-15 13.3333 -1.74906e-16 -1.85402e-17 2.95165e-15 -1.85402e-17 -1.75766e-16
Strain 0 6.66667e-05 0 6.66667e-05 0 0 0 0 0
Strain mean -1.16917e-21 6.66667e-05 1.47583e-20 6.66667e-05 -2.0101e-36 -9.27012e-23 1.47583e-20 -9.27012e-23 -1.48994e-36
Plastic strain_mean 4.29639e-24 1.84284e-14 0 1.84284e-14 -4.29639e-24 0 0 0 0
Plastic strain_rate_mean 0 0 0 0 0 0 0 0 0
Dissipation 2.456e-13
End step 2
Begin step 3
Stress 7.11702e-15 20 -2.02026e-14 20 2.98326e-15 -1.57439e-14 -2.02026e-14 -1.57439e-14 3.03278e-15
Strain 0 0.0001 0 0.0001 0 0 0 0 0
Strain mean 2.01737e-20 0.0001 -1.01013e-19 0.0001 -1.00975e-35 -7.87194e-20 -1.01013e-19 -7.87194e-20 2.92698e-36
Plastic strain_mean -2.47565e-22 1.68514e-12 0 1.68514e-12 2.47565e-22 0 0 0 0
Plastic strain_rate_mean 0 0 0 0 0 0 0 0 0
Dissipation 3.33341e-11
End step 3
Begin step 4
Stress -4.56117e-15 26.6667 2.53642e-14 26.6667 -1.20887e-15 -9.81593e-15 2.53642e-14 -9.81593e-15 -1.73255e-15
Strain 0 0.000133333 0 0.000133333 0 0 0 0 0
Strain mean -1.15247e-20 0.000133333 1.26821e-19 0.000133333 2.2687e-36 -4.90797e-20 1.26821e-19 -4.90797e-20 -3.58526e-36
Plastic strain_mean 2.6184e-21 4.24294e-11 0 4.24294e-11 -2.6184e-21 0 0 0 0
Plastic strain_rate_mean 0 0 0 0 0 0 0 0 0
Dissipation 1.08651e-09
End step 4
Begin step 5
Stress -9.87912e-16 33.3332 -5.20217e-12 33.3332 1.26423e-15 -3.00612e-13 -5.20217e-12 -3.00612e-13 8.29701e-17
Strain 0 0.000166667 0 0.000166667 0 0 0 0 0
Strain mean 5.51908e-22 0.000166667 -2.60109e-17 0.000166667 6.25927e-34 -1.50306e-18 -2.60109e-17 -1.50306e-18 1.3316e-34
Plastic strain_mean 5.90632e-21 5.28647e-10 0 5.28647e-10 -5.90632e-21 0 0 0 0
Plastic strain_rate_mean 0 0 0 0 0 0 0 0 0
Dissipation 1.62072e-08
End step 5
Begin step 6
Stress 1.22393e-14 39.9992 -3.58333e-12 39.9992 -8.38537e-15 -1.29145e-12 -3.58333e-12 -1.29145e-12 1.15721e-15
Strain 0 0.0002 0 0.0002 0 0 0 0 0
Strain mean 7.69766e-21 0.0002 -1.79167e-17 0.0002 -5.80788e-34 -6.45723e-18 -1.79167e-17 -6.45723e-18 1.84017e-33
Plastic strain_mean -4.77129e-20 4.21448e-09 0 4.21448e-09 4.77129e-20 0 0 0 0
Plastic strain_rate_mean 0 0 0 0 0 0 0 0 0
Dissipation 1.4743e-07
End step 6
Begin step 7
Stress 4.64632e-14 46.6617 -5.28519e-12 46.6617 -5.65562e-14 1.32642e-12 -5.28519e-12 1.32642e-12 -3.03059e-15
Strain 0 0.000233333 0 0.000233333 0 0 0 0 0
Strain mean -2.01592e-20 0.000233333 -2.6426e-17 0.000233333 -9.62965e-35 6.63208e-18 -2.6426e-17 6.63208e-18 -3.40348e-33
Plastic strain_mean -2.67628e-19 2.46309e-08 0 2.46309e-08 2.67628e-19 0 0 0 0
Plastic strain_rate_mean 0 0 0 0 0 0 0 0 0
Dissipation 9.52666e-07
End step 7
Begin step 8
Stress 4.95961e-14 53.3105 -1.76178e-12 53.3105 -7.25381e-14 -5.10181e-13 -1.76178e-12 -5.10181e-13 -6.8887e-15
Strain 0 0.000266667 0 0.000266667 0 0 0 0 0
Strain mean -4.58229e-20 0.000266667 -8.80888e-18 0.000266667 8.30557e-34 -2.5509e-18 -8.80888e-18 -2.5509e-18 -2.16291e-33
Plastic strain_mean -3.28247e-19 1.14326e-07 0 1.14326e-07 3.28247e-19 0 0 0 0
Plastic strain_rate_mean 0 0 0 0 0 0 0 0 0
Dissipation 4.78169e-06
End step 8
Begin step 9
Stress -5.47445e-14 59.9115 -2.17011e-12 59.9115 6.84079e-14 2.68289e-12 -2.17011e-12 2.68289e-12 4.10265e-15
Strain 0 0.0003 0 0.0003 0 0 0 0 0
Strain mean 2.72904e-20 0.0003 -1.08506e-17 0.0003 2.77671e-31 1.34145e-17 -1.08506e-17 1.34145e-17 -9.50928e-34
Plastic strain_mean 3.21526e-19 4.42466e-07 0 4.42466e-07 -3.21526e-19 0 0 0 0
Plastic strain_rate_mean 0 0 0 0 0 0 0 0 0
Dissipation 1.96593e-05
End step 9
Begin step 10
Stress -1.66799e-13 66.3734 4.94411e-12 66.3734 1.76427e-13 4.89613e-12 4.94411e-12 4.89613e-12 2.89085e-15
Strain 0 0.000333333 0 0.000333333 0 0 0 0 0
Strain mean 1.92296e-20 0.000333333 2.47205e-17 0.000333333 1.07852e-32 2.44807e-17 2.47205e-17 2.44807e-17 2.37732e-34
Plastic strain_mean 8.6768e-19 1.46639e-06 0 1.46639e-06 -8.6768e-19 0 0 0 0
Plastic strain_rate_mean 0 0 0 0 0 0 0 0 0
Dissipation 6.79609e-05
End step 10
Begin step 11
Stress 6.99908e-14 72.4945 -3.06434e-12 72.4945 -6.46389e-14 -4.11185e-12 -3.06434e-12 -4.11185e-12 1.607e-15
Strain 0 0.000366667 0 0.000366667 0 0 0 0 0
Strain mean 1.06896e-20 0.000366667 -1.53217e-17 0.000366667 1.38185e-32 -2.05593e-17 -1.53217e-17 -2.05593e-17 6.84608e-33
Plastic strain_mean -3.31229e-19 4.19418e-06 0 4.19418e-06 3.31229e-19 0 0 0 0
Plastic strain_rate_mean 0 0 0 0 0 0 0 0 0
Dissipation 0.000197745
End step 11
Begin step 12
Stress -5.6546e-13 77.9417 1.47969e-12 77.9417 5.96299e-13 -2.25874e-12 1.47969e-12 -2.25874e-12 9.2599e-15
Strain 0 0.0004 0 0.0004 0 0 0 0 0
Strain mean 6.15958e-20 0.0004 7.39844e-18 0.0004 1.42134e-31 -1.12937e-17 7.39844e-18 -1.12937e-17 3.41712e-33
Plastic strain_mean 2.9352e-18 1.02913e-05 0 1.02913e-05 -2.9352e-18 0 0 0 0
Plastic strain_rate_mean 0 0 0 0 0 0 0 0 0
Dissipation 0.000475198
End step 12
Begin step 13
Stress -3.12638e-13 82.3607 -1.83445e-12 82.3607 2.93499e-13 2.34081e-13 -1.83445e-12 2.34081e-13 -5.74677e-15
Strain 0 0.000433333 0 0.000433333 0 0 0 0 0
Strain mean -3.82269e-20 0.000433333 -9.17224e-18 0.000433333 2.62408e-33 1.17041e-18 -9.17224e-18 1.17041e-18 -1.47454e-33
Plastic strain_mean 1.49623e-18 2.153e-05 0 2.153e-05 -1.49623e-18 0 0 0 0
Plastic strain_rate_mean 0 0 0 0 0 0 0 0 0
Dissipation 0.000925523
End step 13
Begin step 14
Stress -1.30068e-12 85.5882 3.45628e-13 85.5882 1.32132e-12 -1.40938e-12 3.45628e-13 -1.40938e-12 6.19656e-15
Strain 0 0.000466667 0 0.000466667 0 0 0 0 0
Strain mean 4.12188e-20 0.000466667 1.72814e-18 0.000466667 2.62408e-32 -7.04688e-18 1.72814e-18 -7.04688e-18 7.83914e-33
Plastic strain_mean 6.57562e-18 3.87257e-05 0 3.87257e-05 -6.57562e-18 0 0 0 0
Plastic strain_rate_mean 0 0 0 0 0 0 0 0 0
Dissipation 0.00147149
End step 14
Begin step 15
Stress 1.50052e-13 87.7359 1.04085e-12 87.7359 -1.80098e-13 -9.50977e-13 1.04085e-12 -9.50977e-13 -9.02191e-15
Strain 0 0.0005 0 0.0005 0 0 0 0 0
Strain mean -6.00127e-20 0.0005 5.20426e-18 0.0005 -3.78927e-32 -4.75488e-18 5.20426e-18 -4.75488e-18 -3.1996e-33
Plastic strain_mean -8.55381e-19 6.13205e-05 0 6.13205e-05 8.55381e-19 0 0 0 0
Plastic strain_rate_mean 0 0 0 0 0 0 0 0 0
Dissipation 0.00198183
End step 15
Begin step 16
Stress -1.06205e-12 89.0718 -1.38757e-13 89.0718 1.03076e-12 -1.86507e-13 -1.38757e-13 -1.86507e-13 -9.39746e-15
Strain 0 0.000533333 0 0.000533333 0 0 0 0 0
Strain mean -6.25108e-20 0.000533333 -6.93784e-19 0.000533333 8.38983e-33 -9.32533e-19 -6.93784e-19 -9.32533e-19 -1.43843e-33
Plastic strain_mean 5.20077e-18 8.79743e-05 0 8.79743e-05 -5.20077e-18 0 0 0 0
Plastic strain_rate_mean 0 0 0 0 0 0 0 0 0
Dissipation 0.00237321
End step 16
Begin step 17
Stress -9.62075e-13 89.8697 2.38772e-13 89.8697 9.81054e-13 4.69263e-13 2.38772e-13 4.69263e-13 5.69874e-15
Strain 0 0.000566667 0 0.000566667 0 0 0 0 0
Strain mean 3.79073e-20 0.000566667 1.19386e-18 0.000566667 -3.21823e-31 2.34631e-18 1.19386e-18 2.34631e-18 -3.80672e-34
Plastic strain_mean 4.87678e-18 0.000117318 0 0.000117318 -4.87678e-18 0 0 0 0
Plastic strain_rate_mean 0 0 0 0 0 0 0 0 0
Dissipation 0.00263585
End step 17
Begin step 18
Stress 4.36939e-13 90.3378 -2.02745e-12 90.3378 -3.85194e-13 2.55167e-12 -2.02745e-12 2.55167e-12 1.55372e-14
Strain 0 0.0006 0 0.0006 0 0 0 0 0
Strain mean 1.03352e-19 0.0006 -1.01373e-17 0.0006 -6.48316e-32 1.27583e-17 -1.01373e-17 1.27583e-17 -1.24584e-33
Plastic strain_mean -2.00366e-18 0.000148311 0 0.000148311 2.00366e-18 0 0 0 0
Plastic strain_rate_mean 0 0 0 0 0 0 0 0 0
Dissipation 0.00279814
End step 18
Begin step 19
Stress 2.2976e-12 90.6129 3.37081e-12 90.6129 -2.33454e-12 6.92992e-13 3.37081e-12 6.92992e-13 -1.10918e-14
Strain 0 0.000633333 0 0.000633333 0 0 0 0 0
Strain mean -7.37813e-20 0.000633333 1.68541e-17 0.000633333 -1.495e-32 3.46496e-18 1.68541e-17 3.46496e-18 -2.40741e-34
Plastic strain_mean -1.16173e-17 0.000180269 0 0.000180269 1.16173e-17 0 0 0 0
Plastic strain_rate_mean 0 0 0 0 0 0 0 0 0
Dissipation 0.00289375
End step 19
Begin step 20
Stress 1.85285e-12 90.7778 1.43553e-12 90.7778 -1.87635e-12 1.64283e-12 1.43553e-12 1.64283e-12 -7.05683e-15
Strain 0 0.000666667 0 0.000666667 0 0 0 0 0
Strain mean -4.69412e-20 0.000666667 7.17763e-18 0.000666667 -2.32315e-33 8.21413e-18 7.17763e-18 8.21413e-18 1.92593e-34
Plastic strain_mean -9.34647e-18 0.000212777 0 0.000212777 9.34647e-18 0 0 0 0
Plastic strain_rate_mean 0 0 0 0 0 0 0 0 0
Dissipation 0.00294863
End step 20
Begin step 21
Stress 3.5901e-12 90.8809 1.78121e-12 90.8809 -3.61229e-12 -7.78157e-13 1.78121e-12 -7.78157e-13 -6.66381e-15
Strain 0 0.0007 0 0.0007 0 0 0 0 0
Strain mean -4.43269e-20 0.0007 8.90606e-18 0.0007 9.38891e-34 -3.89078e-18 8.90606e-18 -3.89078e-18 2.11269e-33
Plastic strain_mean -1.80281e-17 0.000245595 0 0.000245595 1.80281e-17 0 0 0 0
Plastic strain_rate_mean 0 0 0 0 0 0 0 0 0
Dissipation 0.00297978
End step 21
Begin step 22
Stress 7.71472e-14 90.9494 2.0085e-12 90.9494 -2.98671e-14 -2.36167e-12 2.0085e-12 -2.36167e-12 1.41966e-14
Strain 0 0.000733333 0 0.000733333 0 0 0 0 0
Strain mean 9.44343e-20 0.000733333 1.00425e-17 0.000733333 2.92501e-33 -1.18084e-17 1.00425e-17 -1.18084e-17 -3.29515e-33
Plastic strain_mean -2.20319e-19 0.000278586 0 0.000278586 2.20319e-19 0 0 0 0
Plastic strain_rate_mean 0 0 0 0 0 0 0 0 0
Dissipation 0.00299744
End step 22
Begin step 23
Stress -3.26804e-12 90.9986 -9.6056e-13 90.9986 3.18619e-12 3.37038e-13 -9.6056e-13 3.37038e-13 -2.45766e-14
Strain 0 0.000766667 0 0.000766667 0 0 0 0 0
Strain mean -1.63481e-19 0.000766667 -4.8028e-18 0.000766667 9.82224e-32 1.68519e-18 -4.8028e-18 1.68519e-18 2.01169e-33
Plastic strain_mean 1.60538e-17 0.000311674 0 0.000311674 -1.60538e-17 0 0 0 0
Plastic strain_rate_mean 0 0 0 0 0 0 0 0 0
Dissipation 0.00300753
End step 23
Begin step 24
Stress -1.36809e-12 91.037 9.50768e-13 91.037 1.32152e-12 3.28301e-13 9.50768e-13 3.28301e-13 -1.39826e-14
Strain 0 0.0008 0 0.0008 0 0 0 0 0
Strain mean -9.3011e-20 0.0008 4.75384e-18 0.0008 -4.11668e-33 1.64151e-18 4.75384e-18 1.64151e-18 -8.81715e-34
Plastic strain_mean 6.67754e-18 0.000344815 0 0.000344815 -6.67754e-18 0 0 0 0
Plastic strain_rate_mean 0 0 0 0 0 0 0 0 0
Dissipation 0.00301342
End step 24
Begin step 25
Stress -1.41077e-12 91.0694 -5.78999e-13 91.0694 1.35812e-12 8.93821e-13 -5.78999e-13 8.93821e-13 -1.5808e-14
Strain 0 0.000833333 0 0.000833333 0 0 0 0 0
Strain mean -1.05153e-19 0.000833333 -2.89499e-18 0.000833333 -1.92593e-34 4.4691e-18 -2.89499e-18 4.4691e-18 -9.99076e-34
Plastic strain_mean 6.86964e-18 0.000377986 0 0.000377986 -6.86964e-18 0 0 0 0
Plastic strain_rate_mean 0 0 0 0 0 0 0 0 0
Dissipation 0.00301697
End step 25
Begin step 26
Stress -1.06816e-12 91.0984 2.21615e-13 91.0984 1.11466e-12 7.16152e-13 2.21615e-13 7.16152e-13 1.39608e-14
Strain 0 0.000866667 0 0.000866667 0 0 0 0 0
Strain mean 9.28657e-20 0.000866667 1.10807e-18 0.000866667 -6.93335e-33 3.58076e-18 1.10807e-18 3.58076e-18 6.15395e-34
Plastic strain_mean 5.50347e-18 0.000411175 0 0.000411175 -5.50347e-18 0 0 0 0
Plastic strain_rate_mean 0 0 0 0 0 0 0 0 0
Dissipation 0.00301923
End step 26
Begin step 27
Stress -1.05654e-12 91.1254 8.71011e-14 91.1254 1.10949e-12 7.61619e-13 8.71011e-14 7.61619e-13 1.58997e-14
Strain 0 0.0009 0 0.0009 0 0 0 0 0
Strain mean 1.05763e-19 0.0009 4.35506e-19 0.0009 4.0926e-34 3.80809e-18 4.35506e-19 3.80809e-18 2.31713e-34
Plastic strain_mean 5.46795e-18 0.000444373 0 0.000444373 -5.46795e-18 0 0 0 0
Plastic strain_rate_mean 0 0 0 0 0 0 0 0 0
Dissipation 0.00302077
End step 27
Begin step 28
Stress -1.57173e-12 91.1511 -1.44336e-12 91.1511 1.46502e-12 1.26728e-12 -1.44336e-12 1.26728e-12 -3.20439e-14
Strain 0 0.000933333 0 0.000933333 0 0 0 0 0
Strain mean -2.13153e-19 0.000933333 -7.21678e-18 0.000933333 -6.54816e-32 6.3364e-18 -7.21678e-18 6.3364e-18 -2.1552e-33
Plastic strain_mean 7.4853e-18 0.000477578 0 0.000477578 -7.4853e-18 0 0 0 0
Plastic strain_rate_mean 0 0 0 0 0 0 0 0 0
Dissipation 0.00302191
End step 28
Begin step 29
Stress -1.571e-12 91.1762 -1.1992e-12 91.1762 1.49677e-12 1.11953e-12 -1.1992e-12 1.11953e-12 -2.22884e-14
Strain 0 0.000966667 0 0.000966667 0 0 0 0 0
Strain mean -1.4826e-19 0.000966667 -5.99601e-18 0.000966667 -4.81482e-34 5.59764e-18 -5.99601e-18 5.59764e-18 -1.48093e-33
Plastic strain_mean 7.5953e-18 0.000510786 0 0.000510786 -7.5953e-18 0 0 0 0
Plastic strain_rate_mean 0 0 0 0 0 0 0 0 0
Dissipation 0.00302284
End step 29
Begin step 30
Stress -1.0586e-12 91.2008 -5.03086e-13 91.2008 9.86114e-13 -1.17772e-12 -5.03086e-13 -1.17772e-12 -2.17644e-14
Strain 0 0.001 0 0.001 0 0 0 0 0
Strain mean -1.44774e-19 0.001 -2.51543e-18 0.001 -9.25409e-32 -5.88858e-18 -2.51543e-18 -5.88858e-18 5.52953e-35
Plastic strain_mean 5.03939e-18 0.000543996 0 0.000543996 -5.03939e-18 0 0 0 0
Plastic strain_rate_mean 0 0 0 0 0 0 0 0 0
Dissipation 0.00302364
End step 30
