Begin step 0
Stress 0 0 0 0 0 0 0 0 0
Strain 0 0 0 0 0 0 0 0 0
Strain mean 0 0 0 0 0 0 0 0 0
Plastic strain_mean 0 0 0 0 0 0 0 0 0
Plastic strain_rate_mean 0 0 0 0 0 0 0 0 0
Dissipation 0
End step 0
Begin step 1
Stress 3.39621e-14 66.1862 3.59831e-12 66.1862 -3.20311e-15 2.39972e-12 3.59831e-12 2.39972e-12 9.23588e-15
Strain 0 0.000333333 0 0.000333333 0 0 0 0 0
Strain mean 6.1436e-20 0.000333333 1.79915e-17 0.000333333 2.91201e-31 1.19986e-17 1.79915e-17 1.19986e-17 5.59122e-33
Plastic strain_mean -6.2195e-20 2.40249e-06 0 2.40249e-06 6.2195e-20 0 0 0 0
Plastic strain_rate_mean 0 0 0 0 0 0 0 0 0
Dissipation 0.000159009
End step 1
Begin step 2
Stress -2.12742e-13 102.036 4.0424e-12 102.036 2.65767e-13 7.35473e-12 4.0424e-12 7.35473e-12 1.59215e-14
Strain 0 0.000666667 0 0.000666667 0 0 0 0 0
Strain mean 1.05908e-19 0.000666667 2.0212e-17 0.000666667 -4.81482e-34 3.67736e-17 2.0212e-17 3.67736e-17 5.43172e-34
Plastic strain_mean 1.24923e-18 0.000156485 0 0.000156485 -1.24923e-18 0 0 0 0
Plastic strain_rate_mean 0 0 0 0 0 0 0 0 0
Dissipation 0.0157163
End step 2
Begin step 3
Stress -1.7196e-13 102.603 1.21623e-12 102.603 1.9896e-14 4.07191e-12 1.21623e-12 4.07191e-12 -4.56598e-14
Strain 0 0.001 0 0.001 0 0 0 0 0
Strain mean -3.03723e-19 0.001 6.08113e-18 0.001 3.37038e-34 2.03596e-17 6.08113e-18 2.03596e-17 4.66436e-33
Plastic strain_mean 3.27779e-19 0.000486986 0 0.000486986 -3.27779e-19 0 0 0 0
Plastic strain_rate_mean 0 0 0 0 0 0 0 0 0
Dissipation 0.0338904
End step 3
Begin step 4
Stress -3.98469e-12 102.813 2.11543e-12 102.813 4.00621e-12 -2.19765e-12 2.11543e-12 -2.19765e-12 6.46293e-15
Strain 0 0.00133333 0 0.00133333 0 0 0 0 0
Strain mean 4.29907e-20 0.00133333 1.05772e-17 0.00133333 -1.42519e-32 -1.09883e-17 1.05772e-17 -1.09883e-17 -2.64815e-33
Plastic strain_mean 1.99988e-17 0.00081927 0 0.00081927 -1.99988e-17 0 0 0 0
Plastic strain_rate_mean 0 0 0 0 0 0 0 0 0
Dissipation 0.0341334
End step 4
Begin step 5
Stress -4.18348e-12 103.021 -8.51434e-12 103.021 4.2117e-12 6.75907e-13 -8.51434e-12 6.75907e-13 8.47168e-15
Strain 0 0.00166667 0 0.00166667 0 0 0 0 0
Strain mean 5.63527e-20 0.00166667 -4.25717e-17 0.00166667 5.5852e-33 3.37954e-18 -4.25717e-17 3.37954e-18 -2.04329e-33
Plastic strain_mean 2.10161e-17 0.00115156 0 0.00115156 -2.10161e-17 0 0 0 0
Plastic strain_rate_mean 0 0 0 0 0 0 0 0 0
Dissipation 0.0341938
End step 5
Begin step 6
Stress -9.23983e-13 103.23 -2.83434e-12 103.23 1.44894e-12 9.52435e-13 -2.83434e-12 9.52435e-13 1.57626e-13
Strain 0 0.002 0 0.002 0 0 0 0 0
Strain mean 1.04851e-18 0.002 -1.41717e-17 0.002 4.81482e-35 4.76217e-18 -1.41717e-17 4.76217e-18 2.07357e-34
Plastic strain_mean 6.45655e-18 0.00148385 0 0.00148385 -6.45655e-18 0 0 0 0
Plastic strain_rate_mean 0 0 0 0 0 0 0 0 0
Dissipation 0.0342536
End step 6
Begin step 7
Stress -5.71357e-15 103.44 -3.94748e-12 103.44 -1.36636e-13 2.64253e-12 -3.94748e-12 2.64253e-12 -4.27427e-14
Strain 0 0.00233333 0 0.00233333 0 0 0 0 0
Strain mean -2.8432e-19 0.00233333 -1.97374e-17 0.00233333 1.22477e-33 1.32127e-17 -1.97374e-17 1.32127e-17 1.01835e-33
Plastic strain_mean -4.69465e-19 0.00181613 0 0.00181613 4.69465e-19 0 0 0 0
Plastic strain_rate_mean 0 0 0 0 0 0 0 0 0
Dissipation 0.0343135
End step 7
Begin step 8
Stress 1.87746e-13 103.65 -3.78596e-12 103.65 -2.98646e-14 5.89761e-13 -3.78596e-12 5.89761e-13 4.74065e-14
Strain 0 0.00266667 0 0.00266667 0 0 0 0 0
Strain mean 3.15343e-19 0.00266667 -1.89298e-17 0.00266667 2.30149e-32 2.9488e-18 -1.89298e-17 2.9488e-18 2.8588e-35
Plastic strain_mean -3.86356e-19 0.00214842 0 0.00214842 3.86356e-19 0 0 0 0
Plastic strain_rate_mean 0 0 0 0 0 0 0 0 0
Dissipation 0.0343735
End step 8
Begin step 9
Stress -3.93167e-13 103.86 2.72732e-12 103.86 2.36972e-13 -5.49813e-13 2.72732e-12 -5.49813e-13 -4.68999e-14
Strain 0 0.003 0 0.003 0 0 0 0 0
Strain mean -3.11973e-19 0.003 1.36366e-17 0.003 -3.74353e-33 -2.74907e-18 1.36366e-17 -2.74907e-18 -2.85278e-33
Plastic strain_mean 1.41936e-18 0.0024807 0 0.0024807 -1.41936e-18 0 0 0 0
Plastic strain_rate_mean 0 0 0 0 0 0 0 0 0
Dissipation 0.0344335
End step 9
Begin step 10
Stress -1.09304e-12 104.07 -4.29649e-12 104.07 7.60871e-13 -2.93955e-13 -4.29649e-12 -2.93955e-13 -9.97388e-14
Strain 0 0.00333333 0 0.00333333 0 0 0 0 0
Strain mean -6.63451e-19 0.00333333 -2.14825e-17 0.00333333 -2.84075e-33 -1.46978e-18 -2.14825e-17 -1.46978e-18 -1.36094e-33
Plastic strain_mean 4.30305e-18 0.00281298 0 0.00281298 -4.30305e-18 0 0 0 0
Plastic strain_rate_mean 0 0 0 0 0 0 0 0 0
Dissipation 0.0344936
End step 10
Begin step 11
Stress -6.33179e-14 104.28 -2.22277e-12 104.28 -2.15796e-13 4.81287e-14 -2.22277e-12 4.81287e-14 -8.38085e-14
Strain 0 0.00366667 0 0.00366667 0 0 0 0 0
Strain mean -5.57485e-19 0.00366667 -1.11138e-17 0.00366667 2.31112e-33 2.40643e-19 -1.11138e-17 2.40643e-19 -4.09636e-34
Plastic strain_mean -6.59938e-19 0.00314527 0 0.00314527 6.59938e-19 0 0 0 0
Plastic strain_rate_mean 0 0 0 0 0 0 0 0 0
Dissipation 0.0345537
End step 11
Begin step 12
Stress 9.65852e-13 104.49 -2.74463e-12 104.49 -4.65099e-13 1.91372e-12 -2.74463e-12 1.91372e-12 1.50359e-13
Strain 0 0.004 0 0.004 0 0 0 0 0
Strain mean 1.00017e-18 0.004 -1.37232e-17 0.004 1.56482e-33 9.56862e-18 -1.37232e-17 9.56862e-18 1.40533e-33
Plastic strain_mean -3.07729e-18 0.00347755 0 0.00347755 3.07729e-18 0 0 0 0
Plastic strain_rate_mean 0 0 0 0 0 0 0 0 0
Dissipation 0.0346137
End step 12
Begin step 13
Stress 1.71718e-13 104.701 -1.53954e-12 104.701 -3.44783e-13 1.19912e-12 -1.53954e-12 1.19912e-12 -5.19655e-14
Strain 0 0.00433333 0 0.00433333 0 0 0 0 0
Strain mean -3.45668e-19 0.00433333 -7.6977e-18 0.00433333 3.46968e-33 5.99558e-18 -7.6977e-18 5.99558e-18 6.42478e-34
Plastic strain_mean -1.46409e-18 0.00380983 0 0.00380983 1.46409e-18 0 0 0 0
Plastic strain_rate_mean 0 0 0 0 0 0 0 0 0
Dissipation 0.0346738
End step 13
Begin step 14
Stress 2.24191e-13 104.911 -1.01308e-12 104.911 -6.57813e-13 7.06179e-13 -1.01308e-12 7.06179e-13 -1.30202e-13
Strain 0 0.00466667 0 0.00466667 0 0 0 0 0
Strain mean -8.66088e-19 0.00466667 -5.06539e-18 0.00466667 -6.01853e-34 3.5309e-18 -5.06539e-18 3.5309e-18 -5.80788e-34
Plastic strain_mean -2.63806e-18 0.00414211 0 0.00414211 2.63806e-18 0 0 0 0
Plastic strain_rate_mean 0 0 0 0 0 0 0 0 0
Dissipation 0.0347339
End step 14
Begin step 15
Stress -4.48197e-12 105.121 -5.14729e-13 105.121 4.33744e-12 -2.37015e-13 -5.14729e-13 -2.37015e-13 -4.33977e-14
Strain 0 0.005 0 0.005 0 0 0 0 0
Strain mean -2.88677e-19 0.005 -2.57364e-18 0.005 1.50463e-34 -1.18508e-18 -2.57364e-18 -1.18508e-18 -3.21991e-34
Plastic strain_mean 2.19042e-17 0.00447439 0 0.00447439 -2.19042e-17 0 0 0 0
Plastic strain_rate_mean 0 0 0 0 0 0 0 0 0
Dissipation 0.034794
End step 15
Begin step 16
Stress -2.40733e-12 105.331 -3.58939e-13 105.331 2.84496e-12 -1.34012e-13 -3.58939e-13 -1.34012e-13 1.31407e-13
Strain 0 0.00533333 0 0.00533333 0 0 0 0 0
Strain mean 8.74105e-19 0.00533333 -1.7947e-18 0.00533333 -6.68057e-34 -6.70058e-19 -1.7947e-18 -6.70058e-19 -7.89932e-35
Plastic strain_mean 1.35678e-17 0.00480668 0 0.00480668 -1.35678e-17 0 0 0 0
Plastic strain_rate_mean 0 0 0 0 0 0 0 0 0
Dissipation 0.034854
End step 16
Begin step 17
Stress -1.96095e-12 105.542 -5.99028e-13 105.542 1.27864e-12 -8.99457e-14 -5.99028e-13 -8.99457e-14 -2.04875e-13
Strain 0 0.00566667 0 0.00566667 0 0 0 0 0
Strain mean -1.36281e-18 0.00566667 -2.99514e-18 0.00566667 2.13959e-33 -4.49729e-19 -2.99514e-18 -4.49729e-19 -2.51274e-34
Plastic strain_mean 7.41757e-18 0.00513896 0 0.00513896 -7.41757e-18 0 0 0 0
Plastic strain_rate_mean 0 0 0 0 0 0 0 0 0
Dissipation 0.0349141
End step 17
Begin step 18
Stress -6.4664e-12 105.752 -9.69776e-14 105.752 6.9814e-12 -4.56308e-13 -9.69776e-14 -4.56308e-13 1.54639e-13
Strain 0 0.006 0 0.006 0 0 0 0 0
Strain mean 1.02864e-18 0.006 -4.84888e-19 0.006 7.41483e-33 -2.28154e-18 -4.84888e-19 -2.28154e-18 4.00834e-33
Plastic strain_mean 3.41338e-17 0.00547124 0 0.00547124 -3.41338e-17 0 0 0 0
Plastic strain_rate_mean 0 0 0 0 0 0 0 0 0
Dissipation 0.0349742
End step 18
Begin step 19
Stress -1.26188e-11 105.962 -5.16073e-14 105.962 1.20062e-11 -8.22669e-13 -5.16073e-14 -8.22669e-13 -1.83958e-13
Strain 0 0.00633333 0 0.00633333 0 0 0 0 0
Strain mean -1.22367e-18 0.00633333 -2.58036e-19 0.00633333 9.24446e-33 -4.11335e-18 -2.58036e-19 -4.11335e-18 3.35834e-33
Plastic strain_mean 6.09506e-17 0.00580352 0 0.00580352 -6.09506e-17 0 0 0 0
Plastic strain_rate_mean 0 0 0 0 0 0 0 0 0
Dissipation 0.0350343
End step 19
Begin step 20
Stress -8.34427e-13 106.173 -8.61624e-14 106.173 1.33727e-12 -8.67247e-14 -8.61624e-14 -8.67247e-14 1.50988e-13
Strain 0 0.00666667 0 0.00666667 0 0 0 0 0
Strain mean 1.00436e-18 0.00666667 -4.30812e-19 0.00666667 1.77547e-34 -4.33623e-19 -4.30812e-19 -4.33623e-19 -3.38542e-36
Plastic strain_mean 5.93143e-18 0.0061358 0 0.0061358 -5.93143e-18 0 0 0 0
Plastic strain_rate_mean 0 0 0 0 0 0 0 0 0
Dissipation 0.0350943
End step 20
Begin step 21
Stress 1.03351e-11 106.383 -5.26752e-13 106.383 -9.60861e-12 6.4922e-13 -5.26752e-13 6.4922e-13 2.18133e-13
Strain 0 0.007 0 0.007 0 0 0 0 0
Strain mean 1.45099e-18 0.007 -2.63376e-18 0.007 3.65927e-33 3.2461e-18 -2.63376e-18 3.2461e-18 -6.93335e-33
Plastic strain_mean -4.91337e-17 0.00646809 0 0.00646809 4.91337e-17 0 0 0 0
Plastic strain_rate_mean 0 0 0 0 0 0 0 0 0
Dissipation 0.0351544
End step 21
Begin step 22
Stress 2.09783e-11 106.593 -1.09877e-12 106.593 -2.07764e-11 1.38516e-12 -1.09877e-12 1.38516e-12 6.06468e-14
Strain 0 0.00733333 0 0.00733333 0 0 0 0 0
Strain mean 4.03415e-19 0.00733333 -5.49383e-18 0.00733333 -3.10075e-32 6.92582e-18 -5.49383e-18 6.92582e-18 -1.74056e-32
Plastic strain_mean -1.04185e-16 0.00680037 0 0.00680037 1.04185e-16 0 0 0 0
Plastic strain_rate_mean 0 0 0 0 0 0 0 0 0
Dissipation 0.0352145
End step 22
Begin step 23
Stress 3.18256e-11 106.803 -1.62909e-12 106.803 -3.18398e-11 2.12111e-12 -1.62909e-12 2.12111e-12 -4.26204e-15
Strain 0 0.00766667 0 0.00766667 0 0 0 0 0
Strain mean -2.83506e-20 0.00766667 -8.14543e-18 0.00766667 1.30963e-32 1.06055e-17 -8.14543e-18 1.06055e-17 -2.08e-32
Plastic strain_mean -1.59178e-16 0.00713265 0 0.00713265 1.59178e-16 0 0 0 0
Plastic strain_rate_mean 0 0 0 0 0 0 0 0 0
Dissipation 0.0352745
End step 23
Begin step 24
Stress 4.19994e-11 107.014 -2.05768e-12 107.014 -4.32229e-11 2.85705e-12 -2.05768e-12 2.85705e-12 -3.67392e-13
Strain 0 0.008 0 0.008 0 0 0 0 0
Strain mean -2.44385e-18 0.008 -1.02884e-17 0.008 1.54074e-32 1.42853e-17 -1.02884e-17 1.42853e-17 -3.7363e-32
Plastic strain_mean -2.14278e-16 0.00746493 0 0.00746493 2.14278e-16 0 0 0 0
Plastic strain_rate_mean 0 0 0 0 0 0 0 0 0
Dissipation 0.0353346
End step 24
Begin step 25
Stress 5.32565e-11 107.224 -2.5584e-12 107.224 -5.41443e-11 3.593e-12 -2.5584e-12 3.593e-12 -2.66552e-13
Strain 0 0.00833333 0 0.00833333 0 0 0 0 0
Strain mean -1.77308e-18 0.00833333 -1.2792e-17 0.00833333 -1.15556e-33 1.7965e-17 -1.2792e-17 1.7965e-17 -4.53557e-32
Plastic strain_mean -2.69389e-16 0.00779721 0 0.00779721 2.69389e-16 0 0 0 0
Plastic strain_rate_mean 0 0 0 0 0 0 0 0 0
Dissipation 0.0353947
End step 25
Begin step 26
Stress -5.24774e-12 107.434 2.37673e-13 107.434 4.75024e-12 -3.32224e-13 2.37673e-13 -3.32224e-13 -1.49381e-13
Strain 0 0.00866667 0 0.00866667 0 0 0 0 0
Strain mean -9.93666e-19 0.00866667 1.18837e-18 0.00866667 2.16667e-34 -1.66112e-18 1.18837e-18 -1.66112e-18 3.04237e-33
Plastic strain_mean 2.44981e-17 0.0081295 0 0.0081295 -2.44981e-17 0 0 0 0
Plastic strain_rate_mean 0 0 0 0 0 0 0 0 0
Dissipation 0.0354547
End step 26
Begin step 27
Stress -6.34612e-11 107.645 2.44591e-12 107.645 6.37244e-11 -4.25745e-12 2.44591e-12 -4.25745e-12 7.90399e-14
Strain 0 0.009 0 0.009 0 0 0 0 0
Strain mean 5.25765e-19 0.009 1.22296e-17 0.009 6.31705e-32 -2.12872e-17 1.22296e-17 -2.12872e-17 4.76668e-32
Plastic strain_mean 3.18227e-16 0.00846178 0 0.00846178 -3.18227e-16 0 0 0 0
Plastic strain_rate_mean 0 0 0 0 0 0 0 0 0
Dissipation 0.0355148
End step 27
Begin step 28
Stress -1.22126e-10 107.855 5.51602e-12 107.855 1.22478e-10 -8.18267e-12 5.51602e-12 -8.18267e-12 1.05835e-13
Strain 0 0.00933333 0 0.00933333 0 0 0 0 0
Strain mean 7.04002e-19 0.00933333 2.75801e-17 0.00933333 3.62075e-32 -4.09133e-17 2.75801e-17 -4.09133e-17 7.53039e-32
Plastic strain_mean 6.11862e-16 0.00879406 0 0.00879406 -6.11862e-16 0 0 0 0
Plastic strain_rate_mean 0 0 0 0 0 0 0 0 0
Dissipation 0.0355749
End step 28
Begin step 29
Stress -1.80955e-10 108.065 8.01515e-12 108.065 1.81181e-10 -1.21079e-11 8.01515e-12 -1.21079e-11 6.8018e-14
Strain 0 0.00966667 0 0.00966667 0 0 0 0 0
Strain mean 4.52448e-19 0.00966667 4.00757e-17 0.00966667 2.77334e-31 -6.05395e-17 4.00757e-17 -6.05395e-17 1.22874e-31
Plastic strain_mean 9.05567e-16 0.00912634 0 0.00912634 -9.05567e-16 0 0 0 0
Plastic strain_rate_mean 0 0 0 0 0 0 0 0 0
Dissipation 0.0356349
End step 29
Begin step 30
Stress 5.09828e-12 108.275 -3.30925e-13 108.275 -4.61474e-12 2.61413e-13 -3.30925e-13 2.61413e-13 1.45189e-13
Strain 0 0.01 0 0.01 0 0 0 0 0
Strain mean 9.6578e-19 0.01 -1.65462e-18 0.01 2.40741e-35 1.30707e-18 -1.65462e-18 1.30707e-18 -3.26806e-33
Plastic strain_mean -2.37997e-17 0.00945862 0 0.00945862 2.37997e-17 0 0 0 0
Plastic strain_rate_mean 0 0 0 0 0 0 0 0 0
Dissipation 0.035695
End step 30
