Begin step 0
Stress 0 0 0 0 0 0 0 0 0
Strain 0 0 0 0 0 0 0 0 0
Strain mean 0 0 0 0 0 0 0 0 0
Plastic strain_mean 0 0 0 0 0 0 0 0 0
Plastic strain_rate_mean 0 0 0 0 0 0 0 0 0
Dissipation 0
End step 0
Begin step 1
Stress 7.6363e-14 66.6331 1.92766e-12 66.6331 -6.89314e-14 -2.92347e-12 1.92766e-12 -2.92347e-12 2.23146e-15
Strain 0 0.000333333 0 0.000333333 0 0 0 0 0
Strain mean 1.48434e-20 0.000333333 9.63831e-18 0.000333333 -1.95362e-32 -1.46174e-17 9.63831e-18 -1.46174e-17 -4.81482e-34
Plastic strain_mean -3.55814e-19 1.67889e-07 0 1.67889e-07 3.55814e-19 0 0 0 0
Plastic strain_rate_mean 0 0 0 0 0 0 0 0 0
Dissipation 1.11869e-05
End step 1
Begin step 2
Stress 1.40645e-12 120.649 4.93815e-13 120.649 -1.42251e-12 -1.61897e-12 4.93815e-13 -1.61897e-12 -4.821e-15
Strain 0 0.000666667 0 0.000666667 0 0 0 0 0
Strain mean -3.20687e-20 0.000666667 2.46908e-18 0.000666667 -1.03519e-33 -8.09487e-18 2.46908e-18 -8.09487e-18 -2.69781e-33
Plastic strain_mean -7.08842e-18 6.34212e-05 0 6.34212e-05 7.08842e-18 0 0 0 0
Plastic strain_rate_mean 0 0 0 0 0 0 0 0 0
Dissipation 0.00762987
End step 2
Begin step 3
Stress 1.97921e-12 138.379 1.87176e-12 138.379 -1.92942e-12 4.10111e-12 1.87176e-12 4.10111e-12 1.49521e-14
Strain 0 0.001 0 0.001 0 0 0 0 0
Strain mean 9.94596e-20 0.001 9.3588e-18 0.001 8.30557e-34 2.05055e-17 9.3588e-18 2.05055e-17 2.59399e-33
Plastic strain_mean -9.72185e-18 0.000308105 0 0.000308105 9.72185e-18 0 0 0 0
Plastic strain_rate_mean 0 0 0 0 0 0 0 0 0
Dissipation 0.0338327
End step 3
Begin step 4
Stress -7.97358e-14 142.202 -1.28926e-12 142.202 3.76188e-15 3.07581e-12 -1.28926e-12 3.07581e-12 -2.28124e-14
Strain 0 0.00133333 0 0.00133333 0 0 0 0 0
Strain mean -1.51746e-19 0.00133333 -6.4463e-18 0.00133333 2.25093e-33 1.53791e-17 -6.4463e-18 1.53791e-17 -1.12246e-33
Plastic strain_mean 1.32871e-19 0.000622324 0 0.000622324 -1.32871e-19 0 0 0 0
Plastic strain_rate_mean 0 0 0 0 0 0 0 0 0
Dissipation 0.0446214
End step 4
Begin step 5
Stress 7.47994e-13 143.161 5.37605e-13 143.161 -9.14369e-13 -2.33472e-13 5.37605e-13 -2.33472e-13 -4.99567e-14
Strain 0 0.00166667 0 0.00166667 0 0 0 0 0
Strain mean -3.32306e-19 0.00166667 2.68802e-18 0.00166667 -3.76158e-34 -1.16736e-18 2.68802e-18 -1.16736e-18 -5.77779e-34
Plastic strain_mean -4.32206e-18 0.00095086 0 0.00095086 4.32206e-18 0 0 0 0
Plastic strain_rate_mean 0 0 0 0 0 0 0 0 0
Dissipation 0.0469449
End step 5
Begin step 6
Stress -3.15378e-14 143.595 -5.05025e-13 143.595 1.18332e-13 -2.14306e-12 -5.05025e-13 -2.14306e-12 2.60613e-14
Strain 0 0.002 0 0.002 0 0 0 0 0
Strain mean 1.73357e-19 0.002 -2.52512e-18 0.002 3.00927e-34 -1.07153e-17 -2.52512e-18 -1.07153e-17 -9.36634e-34
Plastic strain_mean 4.61353e-19 0.00128203 0 0.00128203 -4.61353e-19 0 0 0 0
Plastic strain_rate_mean 0 0 0 0 0 0 0 0 0
Dissipation 0.0474424
End step 6
Begin step 7
Stress -7.54673e-13 143.93 -4.83151e-13 143.93 1.2152e-12 -1.30258e-12 -4.83151e-13 -1.30258e-12 1.38281e-13
Strain 0 0.00233333 0 0.00233333 0 0 0 0 0
Strain mean 9.19827e-19 0.00233333 -2.41576e-18 0.00233333 1.20371e-35 -6.51292e-18 -2.41576e-18 -6.51292e-18 -2.12605e-33
Plastic strain_mean 5.38459e-18 0.00161368 0 0.00161368 -5.38459e-18 0 0 0 0
Plastic strain_rate_mean 0 0 0 0 0 0 0 0 0
Dissipation 0.0476045
End step 7
Begin step 8
Stress -7.81974e-13 144.244 -3.17891e-13 144.244 1.05102e-12 -1.01219e-12 -3.17891e-13 -1.01219e-12 8.07867e-14
Strain 0 0.00266667 0 0.00266667 0 0 0 0 0
Strain mean 5.37384e-19 0.00266667 -1.58945e-18 0.00266667 -6.1389e-34 -5.06093e-18 -1.58945e-18 -5.06093e-18 -1.20822e-33
Plastic strain_mean 4.85119e-18 0.00194545 0 0.00194545 -4.85119e-18 0 0 0 0
Plastic strain_rate_mean 0 0 0 0 0 0 0 0 0
Dissipation 0.047706
End step 8
Begin step 9
Stress -1.02185e-12 144.551 -8.09729e-12 144.551 1.08584e-12 -1.65601e-12 -8.09729e-12 -1.65601e-12 1.92141e-14
Strain 0 0.003 0 0.003 0 0 0 0 0
Strain mean 1.2781e-19 0.003 -4.04865e-17 0.003 1.75139e-33 -8.28003e-18 -4.04865e-17 -8.28003e-18 5.25719e-33
Plastic strain_mean 5.33312e-18 0.00227724 0 0.00227724 -5.33312e-18 0 0 0 0
Plastic strain_rate_mean 0 0 0 0 0 0 0 0 0
Dissipation 0.0477962
End step 9
Begin step 10
Stress -8.85371e-13 144.855 -6.54887e-12 144.855 8.92526e-13 -1.21371e-12 -6.54887e-12 -1.21371e-12 2.14849e-15
Strain 0 0.00333333 0 0.00333333 0 0 0 0 0
Strain mean 1.42915e-20 0.00333333 -3.27444e-17 0.00333333 3.15973e-33 -6.06856e-18 -3.27444e-17 -6.06856e-18 3.91129e-33
Plastic strain_mean 4.45189e-18 0.00260906 0 0.00260906 -4.45189e-18 0 0 0 0
Plastic strain_rate_mean 0 0 0 0 0 0 0 0 0
Dissipation 0.0478838
End step 10
Begin step 11
Stress -9.74775e-13 145.156 -5.35112e-12 145.156 6.66575e-13 -8.56946e-13 -5.35112e-12 -8.56946e-13 -9.25422e-14
Strain 0 0.00366667 0 0.00366667 0 0 0 0 0
Strain mean -6.1558e-19 0.00366667 -2.67556e-17 0.00366667 3.3764e-33 -4.28473e-18 -2.67556e-17 -4.28473e-18 3.0371e-33
Plastic strain_mean 3.79559e-18 0.00294089 0 0.00294089 -3.79559e-18 0 0 0 0
Plastic strain_rate_mean 0 0 0 0 0 0 0 0 0
Dissipation 0.0479705
End step 11
Begin step 12
Stress -6.01229e-13 145.454 -4.48776e-12 145.454 6.99425e-13 -5.73038e-13 -4.48776e-12 -5.73038e-13 2.9485e-14
Strain 0 0.004 0 0.004 0 0 0 0 0
Strain mean 1.96131e-19 0.004 -2.24388e-17 0.004 4.03242e-34 -2.86519e-18 -2.24388e-17 -2.86519e-18 2.94645e-33
Plastic strain_mean 3.3497e-18 0.00327273 0 0.00327273 -3.3497e-18 0 0 0 0
Plastic strain_rate_mean 0 0 0 0 0 0 0 0 0
Dissipation 0.0480568
End step 12
Begin step 13
Stress -5.49215e-13 145.751 -3.39952e-12 145.751 6.86038e-13 -3.47541e-13 -3.39952e-12 -3.47541e-13 4.10833e-14
Strain 0 0.00433333 0 0.00433333 0 0 0 0 0
Strain mean 2.73281e-19 0.00433333 -1.69976e-17 0.00433333 1.20371e-34 -1.73771e-18 -1.69976e-17 -1.73771e-18 2.12943e-33
Plastic strain_mean 3.22477e-18 0.00360458 0 0.00360458 -3.22477e-18 0 0 0 0
Plastic strain_rate_mean 0 0 0 0 0 0 0 0 0
Dissipation 0.0481427
End step 13
Begin step 14
Stress -3.7415e-13 146.047 -2.79119e-12 146.047 5.73334e-13 -1.81427e-13 -2.79119e-12 -1.81427e-13 5.98083e-14
Strain 0 0.00466667 0 0.00466667 0 0 0 0 0
Strain mean 3.97838e-19 0.00466667 -1.39559e-17 0.00466667 -7.64353e-34 -9.07135e-19 -1.39559e-17 -9.07135e-19 2.14824e-33
Plastic strain_mean 2.56763e-18 0.00393643 0 0.00393643 -2.56763e-18 0 0 0 0
Plastic strain_rate_mean 0 0 0 0 0 0 0 0 0
Dissipation 0.0482283
End step 14
Begin step 15
Stress -1.21309e-13 146.341 -2.15234e-12 146.341 4.60224e-13 -7.17381e-14 -2.15234e-12 -7.17381e-14 1.01765e-13
Strain 0 0.005 0 0.005 0 0 0 0 0
Strain mean 6.76929e-19 0.005 -1.07617e-17 0.005 2.10649e-34 -3.5869e-19 -1.07617e-17 -3.5869e-19 1.89001e-33
Plastic strain_mean 1.7923e-18 0.00426829 0 0.00426829 -1.7923e-18 0 0 0 0
Plastic strain_rate_mean 0 0 0 0 0 0 0 0 0
Dissipation 0.0483136
End step 15
Begin step 16
Stress 9.90492e-14 146.634 -1.71682e-12 146.634 6.70987e-13 1.21086e-14 -1.71682e-12 1.21086e-14 2.31216e-13
Strain 0 0.00533333 0 0.00533333 0 0 0 0 0
Strain mean 1.53802e-18 0.00533333 -8.58409e-18 0.00533333 3.31019e-35 6.05429e-20 -8.58409e-18 6.05429e-20 1.32314e-33
Plastic strain_mean 2.19885e-18 0.00460016 0 0.00460016 -2.19885e-18 0 0 0 0
Plastic strain_rate_mean 0 0 0 0 0 0 0 0 0
Dissipation 0.0483988
End step 16
Begin step 17
Stress 1.14855e-12 146.927 -4.21485e-12 146.927 -5.57512e-13 -2.15585e-13 -4.21485e-12 -2.15585e-13 1.77469e-13
Strain 0 0.00566667 0 0.00566667 0 0 0 0 0
Strain mean 1.1805e-18 0.00566667 -2.10742e-17 0.00566667 1.38426e-33 -1.07793e-18 -2.10742e-17 -1.07793e-18 1.70926e-33
Plastic strain_mean -3.6749e-18 0.00493203 0 0.00493203 3.6749e-18 0 0 0 0
Plastic strain_rate_mean 0 0 0 0 0 0 0 0 0
Dissipation 0.0484838
End step 17
Begin step 18
Stress 1.66925e-12 147.218 -3.52053e-12 147.218 -2.48196e-13 1.90669e-14 -3.52053e-12 1.90669e-14 4.26693e-13
Strain 0 0.006 0 0.006 0 0 0 0 0
Strain mean 2.83832e-18 0.006 -1.76027e-17 0.006 1.16158e-33 9.53346e-20 -1.76027e-17 9.53346e-20 6.9514e-34
Plastic strain_mean -3.37445e-18 0.00526391 0 0.00526391 3.37445e-18 0 0 0 0
Plastic strain_rate_mean 0 0 0 0 0 0 0 0 0
Dissipation 0.0485686
End step 18
Begin step 19
Stress 7.28411e-13 147.509 -2.99147e-12 147.509 -8.15671e-13 1.84697e-13 -2.99147e-12 1.84697e-13 -2.62011e-14
Strain 0 0.00633333 0 0.00633333 0 0 0 0 0
Strain mean -1.74287e-19 0.00633333 -1.49574e-17 0.00633333 -4.58913e-34 9.23486e-19 -1.49574e-17 9.23486e-19 8.1852e-34
Plastic strain_mean -3.94735e-18 0.00559579 0 0.00559579 3.94735e-18 0 0 0 0
Plastic strain_rate_mean 0 0 0 0 0 0 0 0 0
Dissipation 0.0486533
End step 19
Begin step 20
Stress 5.94572e-13 147.799 -2.39627e-12 147.799 -2.60776e-13 2.64883e-13 -2.39627e-12 2.64883e-13 1.00228e-13
Strain 0 0.00666667 0 0.00666667 0 0 0 0 0
Strain mean 6.66704e-19 0.00666667 -1.19814e-17 0.00666667 1.92292e-33 1.32441e-18 -1.19814e-17 1.32441e-18 2.88889e-34
Plastic strain_mean -1.80502e-18 0.00592767 0 0.00592767 1.80502e-18 0 0 0 0
Plastic strain_rate_mean 0 0 0 0 0 0 0 0 0
Dissipation 0.048738
End step 20
Begin step 21
Stress 8.6011e-13 148.088 -2.02131e-12 148.088 -2.41149e-13 3.17015e-13 -2.02131e-12 3.17015e-13 1.85853e-13
Strain 0 0.007 0 0.007 0 0 0 0 0
Strain mean 1.23627e-18 0.007 -1.01065e-17 0.007 1.08183e-33 1.58508e-18 -1.01065e-17 1.58508e-18 -9.62965e-35
Plastic strain_mean -2.13501e-18 0.00625956 0 0.00625956 2.13501e-18 0 0 0 0
Plastic strain_rate_mean 0 0 0 0 0 0 0 0 0
Dissipation 0.0488225
End step 21
Begin step 22
Stress 6.8485e-13 148.377 -1.68204e-12 148.377 -2.79035e-13 3.29583e-13 -1.68204e-12 3.29583e-13 1.21853e-13
Strain 0 0.00733333 0 0.00733333 0 0 0 0 0
Strain mean 8.10549e-19 0.00733333 -8.41022e-18 0.00733333 1.45047e-33 1.64791e-18 -8.41022e-18 1.64791e-18 1.88079e-34
Plastic strain_mean -2.00444e-18 0.00659145 0 0.00659145 2.00444e-18 0 0 0 0
Plastic strain_rate_mean 0 0 0 0 0 0 0 0 0
Dissipation 0.0489069
End step 22
Begin step 23
Stress 5.38097e-13 148.665 -9.78517e-13 148.665 -4.66195e-13 3.16898e-13 -9.78517e-13 3.16898e-13 2.15897e-14
Strain 0 0.00766667 0 0.00766667 0 0 0 0 0
Strain mean 1.43612e-19 0.00766667 -4.89258e-18 0.00766667 -2.91146e-34 1.58449e-18 -4.89258e-18 1.58449e-18 -7.73381e-34
Plastic strain_mean -2.43892e-18 0.00692334 0 0.00692334 2.43892e-18 0 0 0 0
Plastic strain_rate_mean 0 0 0 0 0 0 0 0 0
Dissipation 0.0489912
End step 23
Begin step 24
Stress 6.74444e-13 148.953 -1.4032e-12 148.953 4.95186e-14 3.12466e-13 -1.4032e-12 3.12466e-13 2.17382e-13
Strain 0 0.008 0 0.008 0 0 0 0 0
Strain mean 1.446e-18 0.008 -7.01602e-18 0.008 7.10187e-34 1.56233e-18 -7.01602e-18 1.56233e-18 -2.18172e-34
Plastic strain_mean -8.39316e-19 0.00725524 0 0.00725524 8.39316e-19 0 0 0 0
Plastic strain_rate_mean 0 0 0 0 0 0 0 0 0
Dissipation 0.0490755
End step 24
Begin step 25
Stress 4.78271e-13 149.24 -9.41369e-13 149.24 -1.55004e-13 2.44762e-13 -9.41369e-13 2.44762e-13 9.70663e-14
Strain 0 0.00833333 0 0.00833333 0 0 0 0 0
Strain mean 6.45674e-19 0.00833333 -4.70685e-18 0.00833333 -3.25001e-34 1.22381e-18 -4.70685e-18 1.22381e-18 3.71644e-34
Plastic strain_mean -1.26035e-18 0.00758713 0 0.00758713 1.26035e-18 0 0 0 0
Plastic strain_rate_mean 0 0 0 0 0 0 0 0 0
Dissipation 0.0491597
End step 25
Begin step 26
Stress -1.70981e-13 149.527 -9.10229e-13 149.527 -4.77299e-13 2.44819e-13 -9.10229e-13 2.44819e-13 -1.94657e-13
Strain 0 0.00866667 0 0.00866667 0 0 0 0 0
Strain mean -1.29483e-18 0.00866667 -4.55115e-18 0.00866667 -8.15511e-34 1.2241e-18 -4.55115e-18 1.2241e-18 5.86807e-35
Plastic strain_mean -1.41321e-18 0.00791903 0 0.00791903 1.41321e-18 0 0 0 0
Plastic strain_rate_mean 0 0 0 0 0 0 0 0 0
Dissipation 0.0492438
End step 26
Begin step 27
Stress -2.32543e-13 149.814 3.59709e-13 149.814 -4.68325e-13 1.29453e-12 3.59709e-13 1.29453e-12 -2.10447e-13
Strain 0 0.009 0 0.009 0 0 0 0 0
Strain mean -1.39987e-18 0.009 1.79854e-18 0.009 -2.50371e-33 6.47263e-18 1.79854e-18 6.47263e-18 2.70834e-33
Plastic strain_mean -1.28939e-18 0.00825093 0 0.00825093 1.28939e-18 0 0 0 0
Plastic strain_rate_mean 0 0 0 0 0 0 0 0 0
Dissipation 0.0493279
End step 27
Begin step 28
Stress 1.78745e-13 150.1 3.55562e-13 150.1 -3.22084e-13 1.12953e-12 3.55562e-13 1.12953e-12 -4.30396e-14
Strain 0 0.00933333 0 0.00933333 0 0 0 0 0
Strain mean -2.86295e-19 0.00933333 1.77781e-18 0.00933333 2.13056e-33 5.64767e-18 1.77781e-18 5.64767e-18 1.67315e-33
Plastic strain_mean -1.39522e-18 0.00858283 0 0.00858283 1.39522e-18 0 0 0 0
Plastic strain_rate_mean 0 0 0 0 0 0 0 0 0
Dissipation 0.049412
End step 28
Begin step 29
Stress 1.007e-12 150.387 5.2551e-13 150.387 -3.23352e-13 9.90302e-13 5.2551e-13 9.90302e-13 2.05277e-13
Strain 0 0.00966667 0 0.00966667 0 0 0 0 0
Strain mean 1.36548e-18 0.00966667 2.62755e-18 0.00966667 2.12454e-33 4.95151e-18 2.62755e-18 4.95151e-18 3.61112e-35
Plastic strain_mean -2.64314e-18 0.00891473 0 0.00891473 2.64314e-18 0 0 0 0
Plastic strain_rate_mean 0 0 0 0 0 0 0 0 0
Dissipation 0.049496
End step 29
Begin step 30
Stress 7.27711e-13 150.673 8.28259e-13 150.673 -2.03107e-13 8.04239e-13 8.28259e-13 8.04239e-13 1.57521e-13
Strain 0 0.01 0 0.01 0 0 0 0 0
Strain mean 1.04781e-18 0.01 4.14129e-18 0.01 -1.32408e-33 4.02119e-18 4.14129e-18 4.02119e-18 1.09537e-33
Plastic strain_mean -1.80314e-18 0.00924664 0 0.00924664 1.80314e-18 0 0 0 0
Plastic strain_rate_mean 0 0 0 0 0 0 0 0 0
Dissipation 0.0495799
End step 30
