Begin step 0
Stress 0 0 0 0 0 0 0 0 0
Strain 0 0 0 0 0 0 0 0 0
Strain mean 0 0 0 0 0 0 0 0 0
Plastic strain_mean 0 0 0 0 0 0 0 0 0
Plastic strain_rate_mean 0 0 0 0 0 0 0 0 0
Dissipation 0
End step 0
Begin step 1
Stress 7.16165e-16 6.66667 -5.39175e-17 6.66667 3.07316e-16 -4.5097e-17 -5.39175e-17 -4.5097e-17 3.07317e-16
Strain 0 3.33333e-05 0 3.33333e-05 0 0 0 0 0
Strain mean 2.04424e-21 3.33333e-05 -2.69588e-22 3.33333e-05 -6.13461e-37 -2.25485e-22 -2.69588e-22 -2.25485e-22 -9.52885e-37
Plastic strain_mean -5.77145e-27 8.43698e-18 0 8.43698e-18 5.77145e-27 0 0 0 0
Plastic strain_rate_mean 0 0 0 0 0 0 0 0 0
Dissipation 5.62465e-17
End step 1
Begin step 2
Stress 7.86274e-16 13.3333 8.83769e-16 13.3333 3.37192e-16 -1.91965e-16 8.83769e-16 -1.91965e-16 3.37339e-16
Strain 0 6.66667e-05 0 6.66667e-05 0 0 0 0 0
Strain mean 2.24394e-21 6.66667e-05 4.41884e-21 6.66667e-05 -1.81026e-36 -9.59826e-22 4.41884e-21 -9.59826e-22 -2.44062e-36
Plastic strain_mean -7.32756e-25 8.64791e-15 0 8.64791e-15 7.32756e-25 0 0 0 0
Plastic strain_rate_mean 0 0 0 0 0 0 0 0 0
Dissipation 1.15193e-13
End step 2
Begin step 3
Stress 3.75051e-16 20 7.32846e-15 20 1.73957e-16 -3.92447e-16 7.32846e-15 -3.92447e-16 1.64848e-16
Strain 0 0.0001 0 0.0001 0 0 0 0 0
Strain mean 1.09655e-21 0.0001 3.66423e-20 0.0001 4.48157e-36 -1.96224e-21 3.66423e-20 -1.96224e-21 2.15997e-37
Plastic strain_mean 4.55428e-23 5.06844e-13 0 5.06844e-13 -4.55428e-23 0 0 0 0
Plastic strain_rate_mean 0 0 0 0 0 0 0 0 0
Dissipation 9.96392e-12
End step 3
Begin step 4
Stress -3.83817e-15 26.6667 1.95832e-13 26.6667 -1.42285e-15 4.91632e-14 1.95832e-13 4.91632e-14 -1.57971e-15
Strain 0 0.000133333 0 0.000133333 0 0 0 0 0
Strain mean -1.0508e-20 0.000133333 9.79161e-19 0.000133333 1.41059e-35 2.45816e-19 9.79161e-19 2.45816e-19 -6.62038e-35
Plastic strain_mean 7.84279e-22 9.35363e-12 0 9.35363e-12 -7.84279e-22 0 0 0 0
Plastic strain_rate_mean 0 0 0 0 0 0 0 0 0
Dissipation 2.35914e-10
End step 4
Begin step 5
Stress -1.75463e-15 33.3333 5.10231e-13 33.3333 3.65748e-16 1.15165e-13 5.10231e-13 1.15165e-13 -4.17034e-16
Strain 0 0.000166667 0 0.000166667 0 0 0 0 0
Strain mean -2.77406e-21 0.000166667 2.55116e-18 0.000166667 1.91841e-35 5.75823e-19 2.55116e-18 5.75823e-19 5.68939e-35
Plastic strain_mean 3.91391e-21 9.17457e-11 0 9.17457e-11 -3.91391e-21 0 0 0 0
Plastic strain_rate_mean 0 0 0 0 0 0 0 0 0
Dissipation 2.7464e-09
End step 5
Begin step 6
Stress -1.30156e-14 39.9999 -4.4744e-13 39.9999 2.55898e-15 -2.39478e-13 -4.4744e-13 -2.39478e-13 -3.13976e-15
Strain 0 0.0002 0 0.0002 0 0 0 0 0
Strain mean -2.08853e-20 0.0002 -2.2372e-18 0.0002 -3.76158e-35 -1.19739e-18 -2.2372e-18 -1.19739e-18 4.25999e-35
Plastic strain_mean 2.84937e-20 6.01883e-10 0 6.01883e-10 -2.84937e-20 0 0 0 0
Plastic strain_rate_mean 0 0 0 0 0 0 0 0 0
Dissipation 2.04054e-08
End step 6
Begin step 7
Stress 9.55147e-16 46.6661 1.46253e-12 46.6661 1.56242e-14 2.50568e-13 1.46253e-12 2.50568e-13 4.97821e-15
Strain 0 0.000233333 0 0.000233333 0 0 0 0 0
Strain mean 3.31145e-20 0.000233333 7.31264e-18 0.000233333 -1.50463e-35 1.25284e-18 7.31264e-18 1.25284e-18 -9.10303e-34
Plastic strain_mean 5.32298e-20 2.98482e-09 0 2.98482e-09 -5.32298e-20 0 0 0 0
Plastic strain_rate_mean 0 0 0 0 0 0 0 0 0
Dissipation 1.11202e-07
End step 7
Begin step 8
Stress -3.7536e-14 53.3309 -3.21797e-12 53.3309 3.1057e-14 2.23901e-12 -3.21797e-12 2.23901e-12 -1.94543e-15
Strain 0 0.000266667 0 0.000266667 0 0 0 0 0
Strain mean -1.29408e-20 0.000266667 -1.60899e-17 0.000266667 8.42594e-35 1.1195e-17 -1.60899e-17 1.1195e-17 -2.33519e-33
Plastic strain_mean 1.65012e-19 1.20399e-08 0 1.20399e-08 -1.65012e-19 0 0 0 0
Plastic strain_rate_mean 0 0 0 0 0 0 0 0 0
Dissipation 4.82913e-07
End step 8
Begin step 9
Stress -7.91097e-14 59.9917 -2.89434e-12 59.9917 8.47525e-14 2.18511e-12 -2.89434e-12 2.18511e-12 1.69434e-15
Strain 0 0.0003 0 0.0003 0 0 0 0 0
Strain mean 1.12705e-20 0.0003 -1.44717e-17 0.0003 -1.14352e-34 1.09256e-17 -1.44717e-17 1.09256e-17 -2.70232e-33
Plastic strain_mean 4.15291e-19 4.14171e-08 0 4.14171e-08 -4.15291e-19 0 0 0 0
Plastic strain_rate_mean 0 0 0 0 0 0 0 0 0
Dissipation 1.76239e-06
End step 9
Begin step 10
Stress -1.87085e-13 66.6416 -2.15117e-12 66.6416 1.55316e-13 1.78788e-12 -2.15117e-12 1.78788e-12 -9.53938e-15
Strain 0 0.000333333 0 0.000333333 0 0 0 0 0
Strain mean -6.34549e-20 0.000333333 -1.07558e-17 0.000333333 1.24253e-32 8.9394e-18 -1.07558e-17 8.9394e-18 -2.46459e-33
Plastic strain_mean 8.24275e-19 1.25469e-07 0 1.25469e-07 -8.24275e-19 0 0 0 0
Plastic strain_rate_mean 0 0 0 0 0 0 0 0 0
Dissipation 5.60133e-06
End step 10
Begin step 11
Stress -2.77731e-13 73.2649 -1.35847e-12 73.2649 2.40311e-13 1.1919e-12 -1.35847e-12 1.1919e-12 -1.12359e-14
Strain 0 0.000366667 0 0.000366667 0 0 0 0 0
Strain mean -7.47399e-20 0.000366667 -6.79234e-18 0.000366667 8.19423e-33 5.95951e-18 -6.79234e-18 5.95951e-18 -1.05099e-33
Plastic strain_mean 1.25774e-18 3.42261e-07 0 3.42261e-07 -1.25774e-18 0 0 0 0
Plastic strain_rate_mean 0 0 0 0 0 0 0 0 0
Dissipation 1.58832e-05
End step 11
Begin step 12
Stress -3.56133e-13 79.8293 3.25751e-12 79.8293 3.4604e-13 -1.73298e-12 3.25751e-12 -1.73298e-12 -3.03059e-15
Strain 0 0.0004 0 0.0004 0 0 0 0 0
Strain mean -2.01592e-20 0.0004 1.62875e-17 0.0004 -2.37461e-32 -8.66489e-18 1.62875e-17 -8.66489e-18 3.89098e-33
Plastic strain_mean 1.74535e-18 8.53572e-07 0 8.53572e-07 -1.74535e-18 0 0 0 0
Plastic strain_rate_mean 0 0 0 0 0 0 0 0 0
Dissipation 4.08174e-05
End step 12
Begin step 13
Stress -6.09428e-13 86.2737 4.56745e-12 86.2737 6.35577e-13 -2.20466e-12 4.56745e-12 -2.20466e-12 7.85159e-15
Strain 0 0.000433333 0 0.000433333 0 0 0 0 0
Strain mean 5.22279e-20 0.000433333 2.28373e-17 0.000433333 -5.16781e-32 -1.10233e-17 2.28373e-17 -1.10233e-17 4.23855e-33
Plastic strain_mean 3.13863e-18 1.9648e-06 0 1.9648e-06 -3.13863e-18 0 0 0 0
Plastic strain_rate_mean 0 0 0 0 0 0 0 0 0
Dissipation 9.58685e-05
End step 13
Begin step 14
Stress -1.20361e-12 92.4946 4.4136e-12 92.4946 1.25783e-12 -2.07628e-12 4.4136e-12 -2.07628e-12 1.62796e-14
Strain 0 0.000466667 0 0.000466667 0 0 0 0 0
Strain mean 1.0829e-19 0.000466667 2.2068e-17 0.000466667 4.13759e-32 -1.03814e-17 2.2068e-17 -1.03814e-17 5.31737e-33
Plastic strain_mean 6.20776e-18 4.1937e-06 0 4.1937e-06 -6.20776e-18 0 0 0 0
Plastic strain_rate_mean 0 0 0 0 0 0 0 0 0
Dissipation 0.000206158
End step 14
Begin step 15
Stress -2.24577e-12 98.3389 1.19587e-12 98.3389 2.20493e-12 -6.32979e-13 1.19587e-12 -6.32979e-13 -1.22621e-14
Strain 0 0.0005 0 0.0005 0 0 0 0 0
Strain mean -8.15661e-20 0.0005 5.97935e-18 0.0005 5.62372e-32 -3.16489e-18 5.97935e-18 -3.16489e-18 4.3183e-33
Plastic strain_mean 1.1086e-17 8.30542e-06 0 8.30542e-06 -1.1086e-17 0 0 0 0
Plastic strain_rate_mean 0 0 0 0 0 0 0 0 0
Dissipation 0.000404328
End step 15
Begin step 16
Stress -2.61296e-12 103.619 -5.08365e-13 103.619 2.64702e-12 3.63866e-12 -5.08365e-13 3.63866e-12 1.02272e-14
Strain 0 0.000533333 0 0.000533333 0 0 0 0 0
Strain mean 6.80299e-20 0.000533333 -2.54183e-18 0.000533333 -3.64001e-32 1.81933e-17 -2.54183e-18 1.81933e-17 2.84075e-33
Plastic strain_mean 1.3184e-17 1.52381e-05 0 1.52381e-05 -1.3184e-17 0 0 0 0
Plastic strain_rate_mean 0 0 0 0 0 0 0 0 0
Dissipation 0.000718318
End step 16
Begin step 17
Stress -2.69574e-12 108.159 1.10319e-12 108.159 2.71859e-12 -1.21884e-12 1.10319e-12 -1.21884e-12 6.86032e-15
Strain 0 0.000566667 0 0.000566667 0 0 0 0 0
Strain mean 4.5634e-20 0.000566667 5.51593e-18 0.000566667 -2.7926e-33 -6.09422e-18 5.51593e-18 -6.09422e-18 -9.08422e-35
Plastic strain_mean 1.35587e-17 2.5873e-05 0 2.5873e-05 -1.35587e-17 0 0 0 0
Plastic strain_rate_mean 0 0 0 0 0 0 0 0 0
Dissipation 0.00115014
End step 17
Begin step 18
Stress -2.22149e-12 111.853 9.52525e-13 111.853 2.19284e-12 -2.00925e-12 9.52525e-13 -2.00925e-12 -8.60269e-15
Strain 0 0.0006 0 0.0006 0 0 0 0 0
Strain mean -5.72241e-20 0.0006 4.76263e-18 0.0006 4.47779e-33 -1.00463e-17 4.76263e-18 -1.00463e-17 -1.36094e-33
Plastic strain_mean 1.10072e-17 4.07342e-05 0 4.07342e-05 -1.10072e-17 0 0 0 0
Plastic strain_rate_mean 0 0 0 0 0 0 0 0 0
Dissipation 0.00166204
End step 18
Begin step 19
Stress -2.1104e-12 114.703 1.69418e-12 114.703 2.07483e-12 3.8607e-12 1.69418e-12 3.8607e-12 -1.06813e-14
Strain 0 0.000633333 0 0.000633333 0 0 0 0 0
Strain mean -7.10508e-20 0.000633333 8.47089e-18 0.000633333 -1.11627e-30 1.93035e-17 8.47089e-18 1.93035e-17 -9.14817e-34
Plastic strain_mean 1.04276e-17 5.98172e-05 0 5.98172e-05 -1.04276e-17 0 0 0 0
Plastic strain_rate_mean 0 0 0 0 0 0 0 0 0
Dissipation 0.00218842
End step 19
Begin step 20
Stress 1.06406e-12 116.803 2.56274e-13 116.803 -9.43816e-13 -2.04637e-12 2.56274e-13 -2.04637e-12 3.61051e-14
Strain 0 0.000666667 0 0.000666667 0 0 0 0 0
Strain mean 2.40167e-19 0.000666667 1.28137e-18 0.000666667 -2.61926e-32 -1.02319e-17 1.28137e-18 -1.02319e-17 6.01853e-35
Plastic strain_mean -4.89961e-18 8.26528e-05 0 8.26528e-05 4.89961e-18 0 0 0 0
Plastic strain_rate_mean 0 0 0 0 0 0 0 0 0
Dissipation 0.00266651
End step 20
Begin step 21
Stress 3.40796e-12 118.295 -3.37252e-12 118.295 -3.36417e-12 -4.49001e-12 -3.37252e-12 -4.49001e-12 1.31486e-14
Strain 0 0.0007 0 0.0007 0 0 0 0 0
Strain mean 8.74628e-20 0.0007 -1.68626e-17 0.0007 -1.12859e-31 -2.245e-17 -1.68626e-17 -2.245e-17 -1.46852e-33
Plastic strain_mean -1.68866e-17 0.000108525 0 0.000108525 1.68866e-17 0 0 0 0
Plastic strain_rate_mean 0 0 0 0 0 0 0 0 0
Dissipation 0.00305947
End step 21
Begin step 22
Stress 2.19005e-12 119.329 1.78934e-13 119.329 -2.09064e-12 3.82907e-12 1.78934e-13 3.82907e-12 2.98518e-14
Strain 0 0.000733333 0 0.000733333 0 0 0 0 0
Strain mean 1.98571e-19 0.000733333 8.94669e-19 0.000733333 -2.002e-31 1.91453e-17 8.94669e-19 1.91453e-17 2.20767e-33
Plastic strain_mean -1.06024e-17 0.000136687 0 0.000136687 1.06024e-17 0 0 0 0
Plastic strain_rate_mean 0 0 0 0 0 0 0 0 0
Dissipation 0.00335905
End step 22
Begin step 23
Stress 1.80592e-12 120.036 -8.4323e-13 120.036 -1.82116e-12 -1.23903e-11 -8.4323e-13 -1.23903e-11 -4.57646e-15
Strain 0 0.000766667 0 0.000766667 0 0 0 0 0
Strain mean -3.04421e-20 0.000766667 -4.21615e-18 0.000766667 3.04778e-32 -6.19516e-17 -4.21615e-18 -6.19516e-17 2.55863e-33
Plastic strain_mean -9.08292e-18 0.000166489 0 0.000166489 9.08292e-18 0 0 0 0
Plastic strain_rate_mean 0 0 0 0 0 0 0 0 0
Dissipation 0.00357549
End step 23
Begin step 24
Stress 1.86178e-12 120.515 -6.10648e-13 120.515 -1.92018e-12 3.26979e-12 -6.10648e-13 3.26979e-12 -1.75373e-14
Strain 0 0.0008 0 0.0008 0 0 0 0 0
Strain mean -1.16656e-19 0.0008 -3.05324e-18 0.0008 5.82594e-33 1.63489e-17 -3.05324e-18 1.63489e-17 3.50504e-33
Plastic strain_mean -9.51322e-18 0.000197427 0 0.000197427 9.51322e-18 0 0 0 0
Plastic strain_rate_mean 0 0 0 0 0 0 0 0 0
Dissipation 0.00372619
End step 24
Begin step 25
Stress 3.32832e-13 120.84 5.08683e-13 120.84 -3.02204e-13 -4.3782e-12 5.08683e-13 -4.3782e-12 9.19658e-15
Strain 0 0.000833333 0 0.000833333 0 0 0 0 0
Strain mean 6.11746e-20 0.000833333 2.54341e-18 0.000833333 1.0063e-32 -2.1891e-17 2.54341e-18 -2.1891e-17 -1.14427e-33
Plastic strain_mean -1.557e-18 0.000229132 0 0.000229132 1.557e-18 0 0 0 0
Plastic strain_rate_mean 0 0 0 0 0 0 0 0 0
Dissipation 0.00382858
End step 25
Begin step 26
Stress -9.28546e-14 121.064 9.57097e-14 121.064 5.6162e-14 6.00949e-13 9.57097e-14 6.00949e-13 -1.10176e-14
Strain 0 0.000866667 0 0.000866667 0 0 0 0 0
Strain mean -7.32875e-20 0.000866667 4.78548e-19 0.000866667 5.82594e-33 3.00474e-18 4.78548e-19 3.00474e-18 1.24283e-33
Plastic strain_mean 3.35898e-19 0.000261347 0 0.000261347 -3.35898e-19 0 0 0 0
Plastic strain_rate_mean 0 0 0 0 0 0 0 0 0
Dissipation 0.00389709
End step 26
Begin step 27
Stress -2.7461e-13 121.22 -3.70574e-13 121.22 3.30281e-13 -2.02006e-12 -3.70574e-13 -2.02006e-12 1.67163e-14
Strain 0 0.0009 0 0.0009 0 0 0 0 0
Strain mean 1.11195e-19 0.0009 -1.85287e-18 0.0009 -1.28676e-32 -1.01003e-17 -1.85287e-18 -1.01003e-17 -1.62801e-33
Plastic strain_mean 1.56782e-18 0.000293898 0 0.000293898 -1.56782e-18 0 0 0 0
Plastic strain_rate_mean 0 0 0 0 0 0 0 0 0
Dissipation 0.00394252
End step 27
Begin step 28
Stress -4.14801e-13 121.333 6.19412e-14 121.333 3.44296e-13 -8.53752e-13 6.19412e-14 -8.53752e-13 -2.11705e-14
Strain 0 0.000933333 0 0.000933333 0 0 0 0 0
Strain mean -1.40824e-19 0.000933333 3.09706e-19 0.000933333 2.78056e-33 -4.26876e-18 3.09706e-19 -4.26876e-18 -1.40984e-33
Plastic strain_mean 1.82733e-18 0.000326669 0 0.000326669 -1.82733e-18 0 0 0 0
Plastic strain_rate_mean 0 0 0 0 0 0 0 0 0
Dissipation 0.00397253
End step 28
Begin step 29
Stress -9.8075e-13 121.416 9.10834e-14 121.416 1.06645e-12 1.7052e-13 9.10834e-14 1.7052e-13 2.57338e-14
Strain 0 0.000966667 0 0.000966667 0 0 0 0 0
Strain mean 1.71179e-19 0.000966667 4.55417e-19 0.000966667 7.00557e-33 8.52598e-19 4.55417e-19 8.52598e-19 -8.24539e-34
Plastic strain_mean 5.2036e-18 0.000359584 0 0.000359584 -5.2036e-18 0 0 0 0
Plastic strain_rate_mean 0 0 0 0 0 0 0 0 0
Dissipation 0.00399237
End step 29
Begin step 30
Stress -1.16222e-12 121.482 3.18558e-12 121.482 1.02863e-12 -8.52688e-13 3.18558e-12 -8.52688e-13 -4.01139e-14
Strain 0 0.001 0 0.001 0 0 0 0 0
Strain mean -2.66833e-19 0.001 1.59279e-17 0.001 4.8726e-32 -4.26344e-18 1.59279e-17 -4.26344e-18 3.73149e-34
Plastic strain_mean 5.3437e-18 0.000392592 0 0.000392592 -5.3437e-18 0 0 0 0
Plastic strain_rate_mean 0 0 0 0 0 0 0 0 0
Dissipation 0.00400554
End step 30
