Begin step 0
Stress 0 0 0 0 0 0 0 0 0
Strain 0 0 0 0 0 0 0 0 0
Strain mean 0 0 0 0 0 0 0 0 0
Plastic strain_mean 0 0 0 0 0 0 0 0 0
Plastic strain_rate_mean 0 0 0 0 0 0 0 0 0
Dissipation 0
End step 0
Begin step 1
Stress -1.24354e-16 6.66453 -6.69622e-14 6.66453 4.91571e-16 1.72495e-12 -6.69622e-14 1.72495e-12 1.10263e-16
Strain 0 3.33333e-05 0 3.33333e-05 0 0 0 0 0
Strain mean 7.33456e-22 3.33333e-05 -3.34811e-19 3.33333e-05 6.01853e-34 8.62473e-18 -3.34811e-19 8.62473e-18 1.6393e-33
Plastic strain_mean 1.90654e-21 1.07067e-08 0 1.07067e-08 -1.90654e-21 0 0 0 0
Plastic strain_rate_mean 0 0 0 0 0 0 0 0 0
Dissipation 7.13552e-08
End step 1
Begin step 2
Stress 2.00825e-14 13.3269 2.55e-12 13.3269 -1.58068e-14 1.77899e-12 2.55e-12 1.77899e-12 1.28385e-15
Strain 0 6.66667e-05 0 6.66667e-05 0 0 0 0 0
Strain mean 8.54004e-21 6.66667e-05 1.275e-17 6.66667e-05 -1.28484e-31 8.89494e-18 1.275e-17 8.89494e-18 4.46575e-33
Plastic strain_mean -8.54531e-20 3.21167e-08 0 3.21167e-08 8.54531e-20 0 0 0 0
Plastic strain_rate_mean 0 0 0 0 0 0 0 0 0
Dissipation 2.85329e-07
End step 2
Begin step 3
Stress -2.09192e-14 19.9872 -5.5945e-14 19.9872 2.48895e-14 7.63239e-12 -5.5945e-14 7.63239e-12 1.19215e-15
Strain 0 0.0001 0 0.0001 0 0 0 0 0
Strain mean 7.93004e-21 0.0001 -2.79725e-19 0.0001 4.19853e-32 3.8162e-17 -2.79725e-19 3.8162e-17 -1.625e-34
Plastic strain_mean 1.18487e-19 6.42266e-08 0 6.42266e-08 -1.18487e-19 0 0 0 0
Plastic strain_rate_mean 0 0 0 0 0 0 0 0 0
Dissipation 6.41784e-07
End step 3
Begin step 4
Stress -4.10262e-14 26.6453 -5.68481e-14 26.6453 7.44975e-14 7.64153e-12 -5.68481e-14 7.64153e-12 1.00503e-14
Strain 0 0.000133333 0 0.000133333 0 0 0 0 0
Strain mean 6.68534e-20 0.000133333 -2.8424e-19 0.000133333 -2.00778e-32 3.82077e-17 -2.8424e-19 3.82077e-17 -5.77779e-34
Plastic strain_mean 3.22236e-19 1.07033e-07 0 1.07033e-07 -3.22236e-19 0 0 0 0
Plastic strain_rate_mean 0 0 0 0 0 0 0 0 0
Dissipation 1.14058e-06
End step 4
Begin step 5
Stress -9.80673e-14 33.3012 -6.44911e-14 33.3012 1.08498e-13 7.67653e-12 -6.44911e-14 7.67653e-12 3.13212e-15
Strain 0 0.000166667 0 0.000166667 0 0 0 0 0
Strain mean 2.08345e-20 0.000166667 -3.22456e-19 0.000166667 -6.94298e-32 3.83827e-17 -3.22456e-19 3.83827e-17 -1.92593e-34
Plastic strain_mean 5.26832e-19 1.60532e-07 0 1.60532e-07 -5.26832e-19 0 0 0 0
Plastic strain_rate_mean 0 0 0 0 0 0 0 0 0
Dissipation 1.78158e-06
End step 5
Begin step 6
Stress -1.42951e-13 39.9551 -6.52471e-14 39.9551 1.47634e-13 7.67202e-12 -6.52471e-14 7.67202e-12 1.40612e-15
Strain 0 0.0002 0 0.0002 0 0 0 0 0
Strain mean 9.35338e-21 0.0002 -3.26236e-19 0.0002 1.44397e-31 3.83601e-17 -3.26236e-19 3.83601e-17 -5.77779e-34
Plastic strain_mean 7.31137e-19 2.24721e-07 0 2.24721e-07 -7.31137e-19 0 0 0 0
Plastic strain_rate_mean 0 0 0 0 0 0 0 0 0
Dissipation 2.56466e-06
End step 6
Begin step 7
Stress -1.68725e-13 46.6067 1.97211e-12 46.6067 1.41296e-13 1.59699e-12 1.97211e-12 1.59699e-12 -8.23587e-15
Strain 0 0.000233333 0 0.000233333 0 0 0 0 0
Strain mean -5.47841e-20 0.000233333 9.86054e-18 0.000233333 -9.50928e-34 7.98495e-18 9.86054e-18 7.98495e-18 -5.83798e-33
Plastic strain_mean 7.47661e-19 2.99681e-07 0 2.99681e-07 -7.47661e-19 0 0 0 0
Plastic strain_rate_mean 0 0 0 0 0 0 0 0 0
Dissipation 3.49365e-06
End step 7
Begin step 8
Stress -1.71651e-13 53.2561 -1.91357e-12 53.2561 1.56904e-13 1.58836e-12 -1.91357e-12 1.58836e-12 -4.42798e-15
Strain 0 0.000266667 0 0.000266667 0 0 0 0 0
Strain mean -2.94544e-20 0.000266667 -9.56783e-18 0.000266667 2.47963e-33 7.94182e-18 -9.56783e-18 7.94182e-18 3.7014e-34
Plastic strain_mean 8.06659e-19 3.86199e-07 0 3.86199e-07 -8.06659e-19 0 0 0 0
Plastic strain_rate_mean 0 0 0 0 0 0 0 0 0
Dissipation 4.60761e-06
End step 8
Begin step 9
Stress -1.76076e-13 59.9025 -3.27761e-12 59.9025 2.18367e-13 3.39211e-12 -3.27761e-12 3.39211e-12 1.26988e-14
Strain 0 0.0003 0 0.0003 0 0 0 0 0
Strain mean 8.44709e-20 0.0003 -1.63881e-17 0.0003 -2.76852e-34 1.69605e-17 -1.63881e-17 1.69605e-17 -3.47269e-33
Plastic strain_mean 1.02834e-18 4.87546e-07 0 4.87546e-07 -1.02834e-18 0 0 0 0
Plastic strain_rate_mean 0 0 0 0 0 0 0 0 0
Dissipation 6.07093e-06
End step 9
Begin step 10
Stress -3.10807e-13 66.5448 -3.96792e-12 66.5448 3.11243e-13 5.68815e-12 -3.96792e-12 5.68815e-12 1.31005e-16
Strain 0 0.000333333 0 0.000333333 0 0 0 0 0
Strain mean 8.71433e-22 0.000333333 -1.98396e-17 0.000333333 -1.92593e-33 2.84407e-17 -1.98396e-17 2.84407e-17 -6.10881e-33
Plastic strain_mean 1.55556e-18 6.09198e-07 0 6.09198e-07 -1.55556e-18 0 0 0 0
Plastic strain_rate_mean 0 0 0 0 0 0 0 0 0
Dissipation 8.09527e-06
End step 10
Begin step 11
Stress -2.66311e-13 73.1812 -3.10845e-12 73.1812 2.53084e-13 -8.74614e-13 -3.10845e-12 -8.74614e-13 -3.97165e-15
Strain 0 0.000366667 0 0.000366667 0 0 0 0 0
Strain mean -2.64189e-20 0.000366667 -1.55423e-17 0.000366667 -5.17594e-34 -4.37307e-18 -1.55423e-17 -4.37307e-18 6.3345e-34
Plastic strain_mean 1.28528e-18 7.60772e-07 0 7.60772e-07 -1.28528e-18 0 0 0 0
Plastic strain_rate_mean 0 0 0 0 0 0 0 0 0
Dissipation 1.10923e-05
End step 11
Begin step 12
Stress -3.00326e-13 79.8078 4.1612e-12 79.8078 3.02682e-13 -9.95209e-13 4.1612e-12 -9.95209e-13 7.07429e-16
Strain 0 0.0004 0 0.0004 0 0 0 0 0
Strain mean 4.70574e-21 0.0004 2.0806e-17 0.0004 2.45556e-33 -4.97604e-18 2.0806e-17 -4.97604e-18 -1.52269e-33
Plastic strain_mean 1.50987e-18 9.61115e-07 0 9.61115e-07 -1.50987e-18 0 0 0 0
Plastic strain_rate_mean 0 0 0 0 0 0 0 0 0
Dissipation 1.59889e-05
End step 12
Begin step 13
Stress -3.63341e-13 86.4158 6.94029e-13 86.4158 3.34109e-13 -6.8732e-14 6.94029e-13 -6.8732e-14 -8.77736e-15
Strain 0 0.000433333 0 0.000433333 0 0 0 0 0
Strain mean -5.8386e-20 0.000433333 3.47015e-18 0.000433333 -2.7926e-33 -3.4366e-19 3.47015e-18 -3.4366e-19 -3.81942e-34
Plastic strain_mean 1.71443e-18 1.25419e-06 0 1.25419e-06 -1.71443e-18 0 0 0 0
Plastic strain_rate_mean 0 0 0 0 0 0 0 0 0
Dissipation 2.53257e-05
End step 13
Begin step 14
Stress -2.72363e-13 92.9767 1.09932e-12 92.9767 2.95777e-13 2.59033e-12 1.09932e-12 2.59033e-12 7.03062e-15
Strain 0 0.000466667 0 0.000466667 0 0 0 0 0
Strain mean 4.67669e-20 0.000466667 5.49658e-18 0.000466667 2.42282e-31 1.29516e-17 5.49658e-18 1.29516e-17 -1.25787e-33
Plastic strain_mean 1.44373e-18 1.78329e-06 0 1.78329e-06 -1.44373e-18 0 0 0 0
Plastic strain_rate_mean 0 0 0 0 0 0 0 0 0
Dissipation 4.91941e-05
End step 14
Begin step 15
Stress -2.13545e-12 99.2354 -4.29252e-12 99.2354 2.18663e-12 9.00131e-12 -4.29252e-12 9.00131e-12 1.53669e-14
Strain 0 0.0005 0 0.0005 0 0 0 0 0
Strain mean 1.02219e-19 0.0005 -2.14626e-17 0.0005 1.96926e-32 4.50066e-17 -2.14626e-17 4.50066e-17 -2.73843e-34
Plastic strain_mean 1.08563e-17 3.82324e-06 0 3.82324e-06 -1.08563e-17 0 0 0 0
Plastic strain_rate_mean 0 0 0 0 0 0 0 0 0
Dissipation 0.00020243
End step 15
Begin step 16
Stress 3.66287e-13 101.345 1.13824e-12 101.345 -3.315e-13 -2.96668e-13 1.13824e-12 -2.96668e-13 1.04455e-14
Strain 0 0.000533333 0 0.000533333 0 0 0 0 0
Strain mean 6.94823e-20 0.000533333 5.6912e-18 0.000533333 2.42908e-32 -1.48334e-18 5.6912e-18 -1.48334e-18 -1.17286e-33
Plastic strain_mean -1.70973e-18 2.6608e-05 0 2.6608e-05 1.70973e-18 0 0 0 0
Plastic strain_rate_mean 0 0 0 0 0 0 0 0 0
Dissipation 0.00230894
End step 16
Begin step 17
Stress 1.88405e-12 101.432 -2.18125e-12 101.432 -1.90846e-12 -2.95285e-12 -2.18125e-12 -2.95285e-12 -7.32757e-15
Strain 0 0.000566667 0 0.000566667 0 0 0 0 0
Strain mean -4.87422e-20 0.000566667 -1.09063e-17 0.000566667 8.8015e-32 -1.47643e-17 -1.09063e-17 -1.47643e-17 1.08484e-33
Plastic strain_mean -9.50565e-18 5.95049e-05 0 5.95049e-05 9.50565e-18 0 0 0 0
Plastic strain_rate_mean 0 0 0 0 0 0 0 0 0
Dissipation 0.00333644
End step 17
Begin step 18
Stress -1.68614e-12 101.455 -4.28499e-13 101.455 1.67573e-12 4.21089e-13 -4.28499e-13 4.21089e-13 -3.12666e-15
Strain 0 0.0006 0 0.0006 0 0 0 0 0
Strain mean -2.07982e-20 0.0006 -2.1425e-18 0.0006 -5.63335e-32 2.10545e-18 -2.1425e-18 2.10545e-18 1.61297e-33
Plastic strain_mean 8.39426e-18 9.27264e-05 0 9.27264e-05 -8.39426e-18 0 0 0 0
Plastic strain_rate_mean 0 0 0 0 0 0 0 0 0
Dissipation 0.00336996
End step 18
Begin step 19
Stress 1.87803e-12 101.475 -2.20215e-12 101.475 -1.94012e-12 -2.40251e-12 -2.20215e-12 -2.40251e-12 -1.86421e-14
Strain 0 0.000633333 0 0.000633333 0 0 0 0 0
Strain mean -1.24005e-19 0.000633333 -1.10108e-17 0.000633333 2.6963e-33 -1.20125e-17 -1.10108e-17 -1.20125e-17 -8.42594e-35
Plastic strain_mean -9.60737e-18 0.000125956 0 0.000125956 9.60737e-18 0 0 0 0
Plastic strain_rate_mean 0 0 0 0 0 0 0 0 0
Dissipation 0.00337138
End step 19
Begin step 20
Stress -6.12622e-13 101.496 2.36674e-12 101.496 5.85557e-13 -1.17317e-12 2.36674e-12 -1.17317e-12 -8.1267e-15
Strain 0 0.000666667 0 0.000666667 0 0 0 0 0
Strain mean -5.40579e-20 0.000666667 1.18337e-17 0.000666667 -1.08334e-33 -5.86585e-18 1.18337e-17 -5.86585e-18 3.52084e-34
Plastic strain_mean 2.96842e-18 0.000159187 0 0.000159187 -2.96842e-18 0 0 0 0
Plastic strain_rate_mean 0 0 0 0 0 0 0 0 0
Dissipation 0.00337203
End step 20
Begin step 21
Stress -3.22093e-13 101.517 1.28431e-12 101.517 4.21801e-13 -8.64627e-13 1.28431e-12 -8.64627e-13 2.99391e-14
Strain 0 0.0007 0 0.0007 0 0 0 0 0
Strain mean 1.99152e-19 0.0007 6.42156e-18 0.0007 -2.71887e-33 -4.32314e-18 6.42156e-18 -4.32314e-18 3.91205e-34
Plastic strain_mean 1.95931e-18 0.000192417 0 0.000192417 -1.95931e-18 0 0 0 0
Plastic strain_rate_mean 0 0 0 0 0 0 0 0 0
Dissipation 0.00337263
End step 21
Begin step 22
Stress 6.85872e-13 101.537 -2.50684e-12 101.537 -6.77524e-13 1.89418e-12 -2.50684e-12 1.89418e-12 2.50657e-15
Strain 0 0.000733333 0 0.000733333 0 0 0 0 0
Strain mean 1.66734e-20 0.000733333 -1.25342e-17 0.000733333 1.803e-32 9.4709e-18 -1.25342e-17 9.4709e-18 -1.73785e-33
Plastic strain_mean -3.40015e-18 0.000225648 0 0.000225648 3.40015e-18 0 0 0 0
Plastic strain_rate_mean 0 0 0 0 0 0 0 0 0
Dissipation 0.00337322
End step 22
Begin step 23
Stress -1.87063e-12 101.558 -4.00374e-12 101.558 1.82872e-12 -1.28237e-12 -4.00374e-12 -1.28237e-12 -1.25853e-14
Strain 0 0.000766667 0 0.000766667 0 0 0 0 0
Strain mean -8.37157e-20 0.000766667 -2.00187e-17 0.000766667 -3.12362e-33 -6.41184e-18 -2.00187e-17 -6.41184e-18 -5.7176e-34
Plastic strain_mean 9.20653e-18 0.000258878 0 0.000258878 -9.20653e-18 0 0 0 0
Plastic strain_rate_mean 0 0 0 0 0 0 0 0 0
Dissipation 0.0033738
End step 23
Begin step 24
Stress -1.24407e-12 101.578 -2.68279e-12 101.578 1.23645e-12 -9.0673e-13 -2.68279e-12 -9.0673e-13 -2.28823e-15
Strain 0 0.0008 0 0.0008 0 0 0 0 0
Strain mean -1.5221e-20 0.0008 -1.3414e-17 0.0008 -9.50928e-34 -4.53365e-18 -1.3414e-17 -4.53365e-18 -1.5904e-33
Plastic strain_mean 6.19368e-18 0.000292109 0 0.000292109 -6.19368e-18 0 0 0 0
Plastic strain_rate_mean 0 0 0 0 0 0 0 0 0
Dissipation 0.00337438
End step 24
Begin step 25
Stress -8.59385e-13 101.599 -1.80213e-12 101.599 8.16831e-13 -6.32387e-13 -1.80213e-12 -6.32387e-13 -1.27774e-14
Strain 0 0.000833333 0 0.000833333 0 0 0 0 0
Strain mean -8.49938e-20 0.000833333 -9.01065e-18 0.000833333 -2.37732e-34 -3.16194e-18 -9.01065e-18 -3.16194e-18 -7.13196e-34
Plastic strain_mean 4.14804e-18 0.000325339 0 0.000325339 -4.14804e-18 0 0 0 0
Plastic strain_rate_mean 0 0 0 0 0 0 0 0 0
Dissipation 0.00337496
End step 25
Begin step 26
Stress -1.91476e-12 101.619 -1.00202e-11 101.619 1.98147e-12 -2.88383e-12 -1.00202e-11 -2.88383e-12 2.00307e-14
Strain 0 0.000866667 0 0.000866667 0 0 0 0 0
Strain mean 1.33242e-19 0.000866667 -5.0101e-17 0.000866667 -7.75789e-33 -1.44191e-17 -5.0101e-17 -1.44191e-17 1.82963e-33
Plastic strain_mean 9.8072e-18 0.00035857 0 0.00035857 -9.8072e-18 0 0 0 0
Plastic strain_rate_mean 0 0 0 0 0 0 0 0 0
Dissipation 0.00337554
End step 26
Begin step 27
Stress 2.62489e-13 101.64 7.29254e-13 101.64 -2.41387e-13 -9.21689e-13 7.29254e-13 -9.21689e-13 6.3363e-15
Strain 0 0.0009 0 0.0009 0 0 0 0 0
Strain mean 4.21483e-20 0.0009 3.64627e-18 0.0009 -3.18832e-33 -4.60845e-18 3.64627e-18 -4.60845e-18 -2.47963e-33
Plastic strain_mean -1.23861e-18 0.0003918 0 0.0003918 1.23861e-18 0 0 0 0
Plastic strain_rate_mean 0 0 0 0 0 0 0 0 0
Dissipation 0.00337612
End step 27
Begin step 28
Stress -5.44716e-12 101.661 -2.04321e-13 101.661 5.32874e-12 1.34396e-12 -2.04321e-13 1.34396e-12 -3.55549e-14
Strain 0 0.000933333 0 0.000933333 0 0 0 0 0
Strain mean -2.36507e-19 0.000933333 -1.0216e-18 0.000933333 -7.51113e-33 6.71979e-18 -1.0216e-18 6.71979e-18 -2.29306e-33
Plastic strain_mean 2.68215e-17 0.00042503 0 0.00042503 -2.68215e-17 0 0 0 0
Plastic strain_rate_mean 0 0 0 0 0 0 0 0 0
Dissipation 0.0033767
End step 28
Begin step 29
Stress -4.14747e-12 101.681 -2.59306e-13 101.681 4.23058e-12 1.05116e-12 -2.59306e-13 1.05116e-12 2.49565e-14
Strain 0 0.000966667 0 0.000966667 0 0 0 0 0
Strain mean 1.66008e-19 0.000966667 -1.29653e-18 0.000966667 -4.15038e-32 5.25578e-18 -1.29653e-18 5.25578e-18 -1.61297e-33
Plastic strain_mean 2.10281e-17 0.00045826 0 0.00045826 -2.10281e-17 0 0 0 0
Plastic strain_rate_mean 0 0 0 0 0 0 0 0 0
Dissipation 0.00337728
End step 29
Begin step 30
Stress -3.42217e-12 101.702 -2.29299e-13 101.702 3.53235e-12 8.42127e-13 -2.29299e-13 8.42127e-13 3.30832e-14
Strain 0 0.001 0 0.001 0 0 0 0 0
Strain mean 2.20066e-19 0.001 -1.1465e-18 0.001 -2.37371e-32 4.21064e-18 -1.1465e-18 4.21064e-18 -1.5588e-33
Plastic strain_mean 1.74963e-17 0.000491489 0 0.000491489 -1.74963e-17 0 0 0 0
Plastic strain_rate_mean 0 0 0 0 0 0 0 0 0
Dissipation 0.00337787
End step 30
