Begin step 0
Stress 0 0 0 0 0 0 0 0 0
Strain 0 0 0 0 0 0 0 0 0
Strain mean 0 0 0 0 0 0 0 0 0
Plastic strain_mean 0 0 0 0 0 0 0 0 0
Plastic strain_rate_mean 0 0 0 0 0 0 0 0 0
Dissipation 0
End step 0
Begin step 1
Stress -5.29823e-13 63.7422 3.09413e-12 63.7422 5.18872e-13 -3.15186e-12 3.09413e-12 -3.15186e-12 -3.28824e-15
Strain 0 0.000333333 0 0.000333333 0 0 0 0 0
Strain mean -2.1873e-20 0.000333333 1.54707e-17 0.000333333 6.50001e-33 -1.57593e-17 1.54707e-17 -1.57593e-17 6.79793e-33
Plastic strain_mean 2.6108e-18 1.46225e-05 0 1.46225e-05 -2.6108e-18 0 0 0 0
Plastic strain_rate_mean 0 0 0 0 0 0 0 0 0
Dissipation 0.000931988
End step 1
Begin step 2
Stress 8.28359e-13 100.071 2.64655e-13 100.071 -7.3601e-13 -1.13789e-12 2.64655e-13 -1.13789e-12 2.77295e-14
Strain 0 0.000666667 0 0.000666667 0 0 0 0 0
Strain mean 1.84453e-19 0.000666667 1.32328e-18 0.000666667 -1.27593e-33 -5.68943e-18 1.32328e-18 -5.68943e-18 -2.66132e-34
Plastic strain_mean -3.8187e-18 0.000166313 0 0.000166313 3.8187e-18 0 0 0 0
Plastic strain_rate_mean 0 0 0 0 0 0 0 0 0
Dissipation 0.0151688
End step 2
Begin step 3
Stress -1.64471e-12 100.272 -2.17409e-13 100.272 1.7428e-12 -2.47651e-12 -2.17409e-13 -2.47651e-12 2.94544e-14
Strain 0 0.001 0 0.001 0 0 0 0 0
Strain mean 1.95927e-19 0.001 -1.08704e-18 0.001 1.51186e-32 -1.23826e-17 -1.08704e-18 -1.23826e-17 -7.76391e-34
Plastic strain_mean 8.56675e-18 0.000498641 0 0.000498641 -8.56675e-18 0 0 0 0
Plastic strain_rate_mean 0 0 0 0 0 0 0 0 0
Dissipation 0.0333035
End step 3
Begin step 4
Stress 8.74098e-13 100.475 4.83741e-12 100.475 -7.56152e-13 -5.74366e-12 4.83741e-12 -5.74366e-12 3.54151e-14
Strain 0 0.00133333 0 0.00133333 0 0 0 0 0
Strain mean 2.35577e-19 0.00133333 2.4187e-17 0.00133333 -1.67917e-33 -2.87183e-17 2.4187e-17 -2.87183e-17 4.32131e-33
Plastic strain_mean -3.95784e-18 0.00083096 0 0.00083096 3.95784e-18 0 0 0 0
Plastic strain_rate_mean 0 0 0 0 0 0 0 0 0
Dissipation 0.0333604
End step 4
Begin step 5
Stress 2.31443e-12 100.679 5.30485e-12 100.679 -2.36771e-12 -8.10017e-12 5.30485e-12 -8.10017e-12 -1.60001e-14
Strain 0 0.00166667 0 0.00166667 0 0 0 0 0
Strain mean -1.06431e-19 0.00166667 2.65242e-17 0.00166667 -7.55928e-33 -4.05008e-17 2.65242e-17 -4.05008e-17 4.44469e-33
Plastic strain_mean -1.17586e-17 0.00116327 0 0.00116327 1.17586e-17 0 0 0 0
Plastic strain_rate_mean 0 0 0 0 0 0 0 0 0
Dissipation 0.033418
End step 5
Begin step 6
Stress -9.22676e-13 100.883 -5.20588e-13 100.883 9.90724e-13 -1.74231e-12 -5.20588e-13 -1.74231e-12 2.04325e-14
Strain 0 0.002 0 0.002 0 0 0 0 0
Strain mean 1.35915e-19 0.002 -2.60294e-18 0.002 7.95951e-34 -8.71153e-18 -2.60294e-18 -8.71153e-18 -8.58769e-34
Plastic strain_mean 4.85146e-18 0.00149558 0 0.00149558 -4.85146e-18 0 0 0 0
Plastic strain_rate_mean 0 0 0 0 0 0 0 0 0
Dissipation 0.033476
End step 6
Begin step 7
Stress 3.93118e-13 101.088 -2.03296e-12 101.088 -3.05684e-13 6.72116e-14 -2.03296e-12 6.72116e-14 2.62535e-14
Strain 0 0.00233333 0 0.00233333 0 0 0 0 0
Strain mean 1.74635e-19 0.00233333 -1.01648e-17 0.00233333 -3.49075e-33 3.36058e-19 -1.01648e-17 3.36058e-19 1.24283e-33
Plastic strain_mean -1.65969e-18 0.00182789 0 0.00182789 1.65969e-18 0 0 0 0
Plastic strain_rate_mean 0 0 0 0 0 0 0 0 0
Dissipation 0.0335343
End step 7
Begin step 8
Stress 9.55202e-13 101.294 5.06801e-12 101.294 -9.50868e-13 1.34742e-12 5.06801e-12 1.34742e-12 1.30132e-15
Strain 0 0.00266667 0 0.00266667 0 0 0 0 0
Strain mean 8.65624e-21 0.00266667 2.534e-17 0.00266667 2.76852e-34 6.73709e-18 2.534e-17 6.73709e-18 2.69028e-33
Plastic strain_mean -4.76084e-18 0.0021602 0 0.0021602 4.76084e-18 0 0 0 0
Plastic strain_rate_mean 0 0 0 0 0 0 0 0 0
Dissipation 0.0335928
End step 8
Begin step 9
Stress -1.68392e-12 101.499 -2.04262e-12 101.499 1.73014e-12 3.18952e-12 -2.04262e-12 3.18952e-12 1.38778e-14
Strain 0 0.003 0 0.003 0 0 0 0 0
Strain mean 9.23138e-20 0.003 -1.02131e-17 0.003 -1.15074e-32 1.59476e-17 -1.02131e-17 1.59476e-17 -2.16667e-34
Plastic strain_mean 8.58129e-18 0.0024925 0 0.0024925 -8.58129e-18 0 0 0 0
Plastic strain_rate_mean 0 0 0 0 0 0 0 0 0
Dissipation 0.0336514
End step 9
Begin step 10
Stress -1.51961e-12 101.705 -1.47519e-12 101.705 1.75018e-12 1.87122e-12 -1.47519e-12 1.87122e-12 6.9232e-14
Strain 0 0.00333333 0 0.00333333 0 0 0 0 0
Strain mean 4.60523e-19 0.00333333 -7.37597e-18 0.00333333 -3.12964e-34 9.3561e-18 -7.37597e-18 9.3561e-18 -1.29398e-34
Plastic strain_mean 8.40472e-18 0.00282481 0 0.00282481 -8.40472e-18 0 0 0 0
Plastic strain_rate_mean 0 0 0 0 0 0 0 0 0
Dissipation 0.03371
End step 10
Begin step 11
Stress 2.32032e-12 101.911 -1.08243e-12 101.911 -2.00223e-12 -5.03754e-12 -1.08243e-12 -5.03754e-12 9.55117e-14
Strain 0 0.00366667 0 0.00366667 0 0 0 0 0
Strain mean 6.35333e-19 0.00366667 -5.41213e-18 0.00366667 -2.38334e-33 -2.51877e-17 -5.41213e-18 -2.51877e-17 -3.01227e-33
Plastic strain_mean -1.04887e-17 0.00315711 0 0.00315711 1.04887e-17 0 0 0 0
Plastic strain_rate_mean 0 0 0 0 0 0 0 0 0
Dissipation 0.0337687
End step 11
Begin step 12
Stress -2.43257e-13 102.117 -2.77994e-12 102.117 1.38429e-13 -5.82469e-13 -2.77994e-12 -5.82469e-13 -3.14762e-14
Strain 0 0.004 0 0.004 0 0 0 0 0
Strain mean -2.09376e-19 0.004 -1.38997e-17 0.004 -7.22224e-34 -2.91235e-18 -1.38997e-17 -2.91235e-18 -3.60811e-33
Plastic strain_mean 8.49527e-19 0.00348941 0 0.00348941 -8.49527e-19 0 0 0 0
Plastic strain_rate_mean 0 0 0 0 0 0 0 0 0
Dissipation 0.0338274
End step 12
Begin step 13
Stress -4.97295e-13 102.323 -3.29685e-12 102.323 1.74838e-14 1.92719e-12 -3.29685e-12 1.92719e-12 -1.44071e-13
Strain 0 0.00433333 0 0.00433333 0 0 0 0 0
Strain mean -9.58344e-19 0.00433333 -1.64842e-17 0.00433333 2.30811e-33 9.63597e-18 -1.64842e-17 9.63597e-18 -2.93102e-33
Plastic strain_mean 8.07774e-19 0.00382172 0 0.00382172 -8.07774e-19 0 0 0 0
Plastic strain_rate_mean 0 0 0 0 0 0 0 0 0
Dissipation 0.0338862
End step 13
Begin step 14
Stress -9.08738e-13 102.529 -2.90379e-12 102.529 1.07532e-12 2.49372e-12 -2.90379e-12 2.49372e-12 5.00179e-14
Strain 0 0.00466667 0 0.00466667 0 0 0 0 0
Strain mean 3.32713e-19 0.00466667 -1.4519e-17 0.00466667 2.28704e-33 1.24686e-17 -1.4519e-17 1.24686e-17 -2.33068e-33
Plastic strain_mean 5.12649e-18 0.00415402 0 0.00415402 -5.12649e-18 0 0 0 0
Plastic strain_rate_mean 0 0 0 0 0 0 0 0 0
Dissipation 0.0339449
End step 14
Begin step 15
Stress -4.57903e-13 102.736 -2.24487e-12 102.736 -1.61989e-13 2.62796e-12 -2.24487e-12 2.62796e-12 -1.86133e-13
Strain 0 0.005 0 0.005 0 0 0 0 0
Strain mean -1.23813e-18 0.005 -1.12243e-17 0.005 4.47779e-33 1.31398e-17 -1.12243e-17 1.31398e-17 -2.35174e-33
Plastic strain_mean 1.2072e-19 0.00448632 0 0.00448632 -1.2072e-19 0 0 0 0
Plastic strain_rate_mean 0 0 0 0 0 0 0 0 0
Dissipation 0.0340037
End step 15
Begin step 16
Stress -9.53296e-13 102.942 -2.58493e-12 102.942 1.08337e-12 3.34511e-12 -2.58493e-12 3.34511e-12 3.90571e-14
Strain 0 0.00533333 0 0.00533333 0 0 0 0 0
Strain mean 2.59803e-19 0.00533333 -1.29246e-17 0.00533333 -8.0227e-33 1.67255e-17 -1.29246e-17 1.67255e-17 -2.38785e-33
Plastic strain_mean 5.22157e-18 0.00481862 0 0.00481862 -5.22157e-18 0 0 0 0
Plastic strain_rate_mean 0 0 0 0 0 0 0 0 0
Dissipation 0.0340624
End step 16
Begin step 17
Stress 1.68279e-13 103.148 -2.0005e-12 103.148 6.87678e-13 2.99178e-12 -2.0005e-12 2.99178e-12 2.57015e-13
Strain 0 0.00566667 0 0.00566667 0 0 0 0 0
Strain mean 1.70964e-18 0.00566667 -1.00025e-17 0.00566667 3.87593e-33 1.49589e-17 -1.00025e-17 1.49589e-17 -2.34121e-33
Plastic strain_mean 2.15332e-18 0.00515093 0 0.00515093 -2.15332e-18 0 0 0 0
Plastic strain_rate_mean 0 0 0 0 0 0 0 0 0
Dissipation 0.0341212
End step 17
Begin step 18
Stress 1.11229e-12 103.354 -5.03356e-13 103.354 -1.39376e-12 4.68712e-13 -5.03356e-13 4.68712e-13 -8.4516e-14
Strain 0 0.006 0 0.006 0 0 0 0 0
Strain mean -5.62191e-19 0.006 -2.51678e-18 0.006 1.55278e-33 2.34356e-18 -2.51678e-18 2.34356e-18 -1.2985e-33
Plastic strain_mean -6.54624e-18 0.00548323 0 0.00548323 6.54624e-18 0 0 0 0
Plastic strain_rate_mean 0 0 0 0 0 0 0 0 0
Dissipation 0.03418
End step 18
Begin step 19
Stress 5.8905e-12 103.56 9.10442e-12 103.56 -5.74856e-12 8.25314e-13 9.10442e-12 8.25314e-13 4.26204e-14
Strain 0 0.00633333 0 0.00633333 0 0 0 0 0
Strain mean 2.83506e-19 0.00633333 4.55221e-17 0.00633333 1.47334e-32 4.12657e-18 4.55221e-17 4.12657e-18 -1.7213e-33
Plastic strain_mean -2.89559e-17 0.00581553 0 0.00581553 2.89559e-17 0 0 0 0
Plastic strain_rate_mean 0 0 0 0 0 0 0 0 0
Dissipation 0.0342387
End step 19
Begin step 20
Stress -4.34769e-13 103.766 3.6522e-12 103.766 2.05015e-13 2.68763e-13 3.6522e-12 2.68763e-13 -6.89875e-14
Strain 0 0.00666667 0 0.00666667 0 0 0 0 0
Strain mean -4.58897e-19 0.00666667 1.8261e-17 0.00666667 -1.56482e-33 1.34382e-18 1.8261e-17 1.34382e-18 -2.10649e-34
Plastic strain_mean 1.37001e-18 0.00614783 0 0.00614783 -1.37001e-18 0 0 0 0
Plastic strain_rate_mean 0 0 0 0 0 0 0 0 0
Dissipation 0.0342975
End step 20
Begin step 21
Stress 2.58451e-12 103.973 4.92201e-12 103.973 -2.8503e-12 5.3007e-13 4.92201e-12 5.3007e-13 -7.98085e-14
Strain 0 0.007 0 0.007 0 0 0 0 0
Strain mean -5.30877e-19 0.007 2.461e-17 0.007 -3.73149e-33 2.65035e-18 2.461e-17 2.65035e-18 -7.7277e-34
Plastic strain_mean -1.38524e-17 0.00648014 0 0.00648014 1.38524e-17 0 0 0 0
Plastic strain_rate_mean 0 0 0 0 0 0 0 0 0
Dissipation 0.0343563
End step 21
Begin step 22
Stress 1.87182e-13 104.179 4.3785e-12 104.179 -6.29274e-15 1.23958e-12 4.3785e-12 1.23958e-12 5.43148e-14
Strain 0 0.00733333 0 0.00733333 0 0 0 0 0
Strain mean 3.61296e-19 0.00733333 2.18925e-17 0.00733333 -1.72732e-33 6.19792e-18 2.18925e-17 6.19792e-18 1.59491e-33
Plastic strain_mean -3.03038e-19 0.00681244 0 0.00681244 3.03038e-19 0 0 0 0
Plastic strain_rate_mean 0 0 0 0 0 0 0 0 0
Dissipation 0.034415
End step 22
Begin step 23
Stress -7.06251e-13 104.385 -3.20781e-12 104.385 1.23423e-12 -4.24523e-13 -3.20781e-12 -4.24523e-13 1.58534e-13
Strain 0 0.00766667 0 0.00766667 0 0 0 0 0
Strain mean 1.05455e-18 0.00766667 -1.6039e-17 0.00766667 3.82779e-33 -2.12261e-18 -1.6039e-17 -2.12261e-18 -1.74838e-33
Plastic strain_mean 5.37847e-18 0.00714474 0 0.00714474 -5.37847e-18 0 0 0 0
Plastic strain_rate_mean 0 0 0 0 0 0 0 0 0
Dissipation 0.0344738
End step 23
Begin step 24
Stress -2.292e-12 104.591 -1.10685e-11 104.591 2.19311e-12 -2.08863e-12 -1.10685e-11 -2.08863e-12 -2.96946e-14
Strain 0 0.008 0 0.008 0 0 0 0 0
Strain mean -1.97525e-19 0.008 -5.53426e-17 0.008 9.36483e-33 -1.04431e-17 -5.53426e-17 -1.04431e-17 -4.28519e-33
Plastic strain_mean 1.1114e-17 0.00747704 0 0.00747704 -1.1114e-17 0 0 0 0
Plastic strain_rate_mean 0 0 0 0 0 0 0 0 0
Dissipation 0.0345326
End step 24
Begin step 25
Stress 1.05956e-12 104.797 1.72936e-12 104.797 -1.57986e-12 -2.62542e-12 1.72936e-12 -2.62542e-12 -1.56228e-13
Strain 0 0.00833333 0 0.00833333 0 0 0 0 0
Strain mean -1.03921e-18 0.00833333 8.64682e-18 0.00833333 2.63852e-32 -1.31271e-17 8.64682e-18 -1.31271e-17 -2.86783e-33
Plastic strain_mean -7.11816e-18 0.00780935 0 0.00780935 7.11816e-18 0 0 0 0
Plastic strain_rate_mean 0 0 0 0 0 0 0 0 0
Dissipation 0.0345913
End step 25
Begin step 26
Stress 5.0941e-12 105.004 1.47921e-11 105.004 -4.94122e-12 -3.1622e-12 1.47921e-11 -3.1622e-12 4.59043e-14
Strain 0 0.00866667 0 0.00866667 0 0 0 0 0
Strain mean 3.0535e-19 0.00866667 7.39605e-17 0.00866667 -3.02371e-32 -1.5811e-17 7.39605e-17 -1.5811e-17 -5.65742e-34
Plastic strain_mean -2.49356e-17 0.00814165 0 0.00814165 2.49356e-17 0 0 0 0
Plastic strain_rate_mean 0 0 0 0 0 0 0 0 0
Dissipation 0.0346501
End step 26
Begin step 27
Stress 8.27062e-12 105.21 2.77292e-11 105.21 -8.82542e-12 -3.69899e-12 2.77292e-11 -3.69899e-12 -1.66586e-13
Strain 0 0.009 0 0.009 0 0 0 0 0
Strain mean -1.10811e-18 0.009 1.38646e-16 0.009 1.03615e-31 -1.84949e-17 1.38646e-16 -1.84949e-17 -1.46852e-33
Plastic strain_mean -4.32942e-17 0.00847395 0 0.00847395 4.32942e-17 0 0 0 0
Plastic strain_rate_mean 0 0 0 0 0 0 0 0 0
Dissipation 0.0347089
End step 27
Begin step 28
Stress 1.30221e-11 105.416 4.04412e-11 105.416 -1.19731e-11 -4.23577e-12 4.04412e-11 -4.23577e-12 3.14972e-13
Strain 0 0.00933333 0 0.00933333 0 0 0 0 0
Strain mean 2.09516e-18 0.00933333 2.02206e-16 0.00933333 9.51409e-32 -2.11789e-17 2.02206e-16 -2.11789e-17 -2.88889e-33
Plastic strain_mean -6.14403e-17 0.00880625 0 0.00880625 6.14403e-17 0 0 0 0
Plastic strain_rate_mean 0 0 0 0 0 0 0 0 0
Dissipation 0.0347676
End step 28
Begin step 29
Stress 1.70366e-12 105.622 2.41728e-12 105.622 -1.8228e-12 3.12026e-13 2.41728e-12 3.12026e-13 -3.57732e-14
Strain 0 0.00966667 0 0.00966667 0 0 0 0 0
Strain mean -2.37959e-19 0.00966667 1.20864e-17 0.00966667 1.54074e-33 1.56013e-18 1.20864e-17 1.56013e-18 -9.72745e-34
Plastic strain_mean -8.93514e-18 0.00913856 0 0.00913856 8.93514e-18 0 0 0 0
Plastic strain_rate_mean 0 0 0 0 0 0 0 0 0
Dissipation 0.0348264
End step 29
Begin step 30
Stress -7.97828e-12 105.828 -3.54058e-11 105.828 9.0361e-12 4.85983e-12 -3.54058e-11 4.85983e-12 3.17627e-13
Strain 0 0.01 0 0.01 0 0 0 0 0
Strain mean 2.11282e-18 0.01 -1.77029e-16 0.01 -8.08891e-32 2.42991e-17 -1.77029e-16 2.42991e-17 -1.20371e-33
Plastic strain_mean 4.35924e-17 0.00947086 0 0.00947086 -4.35924e-17 0 0 0 0
Plastic strain_rate_mean 0 0 0 0 0 0 0 0 0
Dissipation 0.0348852
End step 30
