Begin step 0
Stress 0 0 0 0 0 0 0 0 0
Strain 0 0 0 0 0 0 0 0 0
Strain mean 0 0 0 0 0 0 0 0 0
Plastic strain_mean 0 0 0 0 0 0 0 0 0
Plastic strain_rate_mean 0 0 0 0 0 0 0 0 0
Dissipation 0
End step 0
Begin step 1
Stress 2.26711e-13 6.41918 8.93259e-13 6.41918 -2.29981e-13 -1.07282e-12 8.93259e-13 -1.07282e-12 -9.81995e-16
Strain 0 3.33333e-05 0 3.33333e-05 0 0 0 0 0
Strain mean -6.53212e-21 3.33333e-05 4.4663e-18 3.33333e-05 -9.40997e-33 -5.36412e-18 4.4663e-18 -5.36412e-18 2.56389e-33
Plastic strain_mean -1.145e-18 1.23742e-06 0 1.23742e-06 1.145e-18 0 0 0 0
Plastic strain_rate_mean 0 0 0 0 0 0 0 0 0
Dissipation 7.94266e-06
End step 1
Begin step 2
Stress 4.18203e-13 12.6001 8.29785e-13 12.6001 -4.16258e-13 -1.01578e-12 8.29785e-13 -1.01578e-12 5.84066e-16
Strain 0 6.66667e-05 0 6.66667e-05 0 0 0 0 0
Strain mean 3.88514e-21 6.66667e-05 4.14893e-18 6.66667e-05 1.84468e-33 -5.07892e-18 4.14893e-18 -5.07892e-18 1.91991e-33
Plastic strain_mean -2.08421e-18 3.6662e-06 0 3.6662e-06 2.08421e-18 0 0 0 0
Plastic strain_rate_mean 0 0 0 0 0 0 0 0 0
Dissipation 3.05998e-05
End step 2
Begin step 3
Stress 5.64837e-13 18.5516 7.71681e-13 18.5516 -5.70989e-13 -9.60687e-13 7.71681e-13 -9.60687e-13 -1.84718e-15
Strain 0 0.0001 0 0.0001 0 0 0 0 0
Strain mean -1.22872e-20 0.0001 3.8584e-18 0.0001 -2.61866e-32 -4.80343e-18 3.8584e-18 -4.80343e-18 2.18774e-33
Plastic strain_mean -2.84571e-18 7.24201e-06 0 7.24201e-06 2.84571e-18 0 0 0 0
Plastic strain_rate_mean 0 0 0 0 0 0 0 0 0
Dissipation 6.63277e-05
End step 3
Begin step 4
Stress 1.95768e-13 24.2822 -6.42336e-12 24.2822 -1.98339e-13 1.54572e-12 -6.42336e-12 1.54572e-12 -7.7184e-16
Strain 0 0.000133333 0 0.000133333 0 0 0 0 0
Strain mean -5.13419e-21 0.000133333 -3.21168e-17 0.000133333 1.35537e-32 7.72859e-18 -3.21168e-17 7.72859e-18 -2.21783e-33
Plastic strain_mean -9.87833e-19 1.19221e-05 0 1.19221e-05 9.87833e-19 0 0 0 0
Plastic strain_rate_mean 0 0 0 0 0 0 0 0 0
Dissipation 0.000113624
End step 4
Begin step 5
Stress -1.10701e-13 29.8003 -5.94979e-12 29.8003 1.11326e-13 1.4304e-12 -5.94979e-12 1.4304e-12 1.87774e-16
Strain 0 0.000166667 0 0.000166667 0 0 0 0 0
Strain mean 1.24905e-21 0.000166667 -2.9749e-17 0.000166667 -9.43706e-33 7.15201e-18 -2.9749e-17 7.15201e-18 -1.55579e-33
Plastic strain_mean 5.55691e-19 1.76654e-05 0 1.76654e-05 -5.55691e-19 0 0 0 0
Plastic strain_rate_mean 0 0 0 0 0 0 0 0 0
Dissipation 0.000171114
End step 5
Begin step 6
Stress -3.52955e-13 35.1136 -5.50157e-12 35.1136 3.71189e-13 1.32392e-12 -5.50157e-12 1.32392e-12 5.47494e-15
Strain 0 0.0002 0 0.0002 0 0 0 0 0
Strain mean 3.64186e-20 0.0002 -2.75079e-17 0.0002 2.6963e-33 6.6196e-18 -2.75079e-17 6.6196e-18 -1.625e-33
Plastic strain_mean 1.82857e-18 2.44322e-05 0 2.44322e-05 -1.82857e-18 0 0 0 0
Plastic strain_rate_mean 0 0 0 0 0 0 0 0 0
Dissipation 0.000237547
End step 6
Begin step 7
Stress -5.86509e-13 40.2298 -5.09454e-12 40.2298 5.67698e-13 1.22493e-12 -5.09454e-12 1.22493e-12 -5.64852e-15
Strain 0 0.000233333 0 0.000233333 0 0 0 0 0
Strain mean -3.75733e-20 0.000233333 -2.54727e-17 0.000233333 1.6888e-32 6.12466e-18 -2.54727e-17 6.12466e-18 -1.82361e-33
Plastic strain_mean 2.86673e-18 3.21843e-05 0 3.21843e-05 -2.86673e-18 0 0 0 0
Plastic strain_rate_mean 0 0 0 0 0 0 0 0 0
Dissipation 0.000311779
End step 7
Begin step 8
Stress -6.37868e-13 45.1554 5.64185e-14 45.1554 6.3144e-13 -2.61621e-12 5.64185e-14 -2.61621e-12 -1.93015e-15
Strain 0 0.000266667 0 0.000266667 0 0 0 0 0
Strain mean -1.28391e-20 0.000266667 2.82093e-19 0.000266667 1.48297e-31 -1.3081e-17 2.82093e-19 -1.3081e-17 1.49711e-33
Plastic strain_mean 3.16685e-18 4.08895e-05 0 4.08895e-05 -3.16685e-18 0 0 0 0
Plastic strain_rate_mean 0 0 0 0 0 0 0 0 0
Dissipation 0.00039296
End step 8
Begin step 9
Stress -7.00032e-13 49.893 -5.60514e-13 49.893 6.76988e-13 -1.32821e-13 -5.60514e-13 -1.32821e-13 -6.91927e-15
Strain 0 0.0003 0 0.0003 0 0 0 0 0
Strain mean -4.60262e-20 0.0003 -2.80257e-18 0.0003 9.88002e-32 -6.64107e-19 -2.80257e-18 -6.64107e-19 2.05044e-33
Plastic strain_mean 3.41954e-18 5.05348e-05 0 5.05348e-05 -3.41954e-18 0 0 0 0
Plastic strain_rate_mean 0 0 0 0 0 0 0 0 0
Dissipation 0.000481057
End step 9
Begin step 10
Stress -3.96772e-13 54.4313 1.48678e-13 54.4313 3.77488e-13 -4.24383e-13 1.48678e-13 -4.24383e-13 -5.79044e-15
Strain 0 0.000333333 0 0.000333333 0 0 0 0 0
Strain mean -3.85173e-20 0.000333333 7.4339e-19 0.000333333 3.20186e-32 -2.12191e-18 7.4339e-19 -2.12191e-18 -9.38891e-34
Plastic strain_mean 1.91639e-18 6.1177e-05 0 6.1177e-05 -1.91639e-18 0 0 0 0
Plastic strain_rate_mean 0 0 0 0 0 0 0 0 0
Dissipation 0.000579021
End step 10
Begin step 11
Stress -4.80927e-13 58.7433 4.60635e-13 58.7433 5.17896e-13 -2.24579e-13 4.60635e-13 -2.24579e-13 1.11005e-14
Strain 0 0.000366667 0 0.000366667 0 0 0 0 0
Strain mean 7.38394e-20 0.000366667 2.30317e-18 0.000366667 1.95289e-31 -1.12289e-18 2.30317e-18 -1.12289e-18 1.16007e-33
Plastic strain_mean 2.53398e-18 7.29501e-05 0 7.29501e-05 -2.53398e-18 0 0 0 0
Plastic strain_rate_mean 0 0 0 0 0 0 0 0 0
Dissipation 0.000691252
End step 11
Begin step 12
Stress -6.35721e-13 62.8002 2.42744e-13 62.8002 6.42614e-13 -2.88844e-12 2.42744e-13 -2.88844e-12 2.06989e-15
Strain 0 0.0004 0 0.0004 0 0 0 0 0
Strain mean 1.37686e-20 0.0004 1.21372e-18 0.0004 -1.21334e-32 -1.44422e-17 1.21372e-18 -1.44422e-17 9.87039e-34
Plastic strain_mean 3.20272e-18 8.59992e-05 0 8.59992e-05 -3.20272e-18 0 0 0 0
Plastic strain_rate_mean 0 0 0 0 0 0 0 0 0
Dissipation 0.000819039
End step 12
Begin step 13
Stress -7.03009e-13 66.5719 -9.90189e-14 66.5719 6.99948e-13 -4.6751e-12 -9.90189e-14 -4.6751e-12 -9.19221e-16
Strain 0 0.000433333 0 0.000433333 0 0 0 0 0
Strain mean -6.11456e-21 0.000433333 -4.95095e-19 0.000433333 4.81097e-31 -2.33755e-17 -4.95095e-19 -2.33755e-17 2.42396e-33
Plastic strain_mean 3.50434e-18 0.000100474 0 0.000100474 -3.50434e-18 0 0 0 0
Plastic strain_rate_mean 0 0 0 0 0 0 0 0 0
Dissipation 0.000962997
End step 13
Begin step 14
Stress -3.71237e-13 70.0272 -5.16713e-13 70.0272 3.0593e-13 -1.93757e-12 -5.16713e-13 -1.93757e-12 -1.96093e-14
Strain 0 0.000466667 0 0.000466667 0 0 0 0 0
Strain mean -1.30439e-19 0.000466667 -2.58357e-18 0.000466667 -6.07631e-32 -9.68783e-18 -2.58357e-18 -9.68783e-18 -1.70926e-33
Plastic strain_mean 1.6277e-18 0.000116531 0 0.000116531 -1.6277e-18 0 0 0 0
Plastic strain_rate_mean 0 0 0 0 0 0 0 0 0
Dissipation 0.00112364
End step 14
Begin step 15
Stress 2.91043e-13 73.1367 -1.98718e-14 73.1367 -3.41057e-13 -3.19704e-12 -1.98718e-14 -3.19704e-12 -1.50176e-14
Strain 0 0.0005 0 0.0005 0 0 0 0 0
Strain mean -9.98953e-20 0.0005 -9.93588e-20 0.0005 6.25927e-33 -1.59852e-17 -9.93588e-20 -1.59852e-17 -2.34121e-33
Plastic strain_mean -1.6302e-18 0.000134317 0 0.000134317 1.6302e-18 0 0 0 0
Plastic strain_rate_mean 0 0 0 0 0 0 0 0 0
Dissipation 0.00129981
End step 15
Begin step 16
Stress 1.46591e-12 75.8779 1.58861e-12 75.8779 -1.42865e-12 -2.9621e-12 1.58861e-12 -2.9621e-12 1.11879e-14
Strain 0 0.000533333 0 0.000533333 0 0 0 0 0
Strain mean 7.44204e-20 0.000533333 7.94303e-18 0.000533333 2.77334e-32 -1.48105e-17 7.94303e-18 -1.48105e-17 -2.38936e-33
Plastic strain_mean -7.19917e-18 0.000153944 0 0.000153944 7.19917e-18 0 0 0 0
Plastic strain_rate_mean 0 0 0 0 0 0 0 0 0
Dissipation 0.00148799
End step 16
Begin step 17
Stress 1.79764e-13 78.2397 -5.06498e-13 78.2397 -2.15424e-13 2.53947e-12 -5.06498e-13 2.53947e-12 -1.07075e-14
Strain 0 0.000566667 0 0.000566667 0 0 0 0 0
Strain mean -7.12251e-20 0.000566667 -2.53249e-18 0.000566667 -5.44075e-33 1.26974e-17 -2.53249e-18 1.26974e-17 -2.06436e-33
Plastic strain_mean -1.02358e-18 0.000175468 0 0.000175468 1.02358e-18 0 0 0 0
Plastic strain_rate_mean 0 0 0 0 0 0 0 0 0
Dissipation 0.0016824
End step 17
Begin step 18
Stress -5.36742e-14 80.2258 -2.82919e-13 80.2258 -7.75705e-16 3.97012e-12 -2.82919e-13 3.97012e-12 -1.63495e-14
Strain 0 0.0006 0 0.0006 0 0 0 0 0
Strain mean -1.08755e-19 0.0006 -1.41459e-18 0.0006 -9.5815e-33 1.98506e-17 -1.41459e-18 1.98506e-17 -2.44954e-33
Plastic strain_mean 7.78689e-20 0.000198871 0 0.000198871 -7.78689e-20 0 0 0 0
Plastic strain_rate_mean 0 0 0 0 0 0 0 0 0
Dissipation 0.00187549
End step 18
Begin step 19
Stress -8.32786e-13 81.8555 -1.58964e-13 81.8555 8.35564e-13 3.13146e-12 -1.58964e-13 3.13146e-12 8.34068e-16
Strain 0 0.000633333 0 0.000633333 0 0 0 0 0
Strain mean 5.54812e-21 0.000633333 -7.9482e-19 0.000633333 -4.23705e-31 1.56573e-17 -7.9482e-19 1.56573e-17 -2.14184e-33
Plastic strain_mean 4.17365e-18 0.000224056 0 0.000224056 -4.17365e-18 0 0 0 0
Plastic strain_rate_mean 0 0 0 0 0 0 0 0 0
Dissipation 0.00205905
End step 19
Begin step 20
Stress -2.11589e-12 83.162 -2.24672e-12 83.162 2.11073e-12 1.16201e-12 -2.24672e-12 1.16201e-12 -1.55023e-15
Strain 0 0.000666667 0 0.000666667 0 0 0 0 0
Strain mean -1.0312e-20 0.000666667 -1.12336e-17 0.000666667 1.9813e-31 5.81006e-18 -1.12336e-17 5.81006e-18 -5.95835e-34
Plastic strain_mean 1.05614e-17 0.000250856 0 0.000250856 -1.05614e-17 0 0 0 0
Plastic strain_rate_mean 0 0 0 0 0 0 0 0 0
Dissipation 0.00222588
End step 20
Begin step 21
Stress -3.94967e-13 84.188 2.39351e-12 84.188 3.53359e-13 1.73922e-12 2.39351e-12 1.73922e-12 -1.24936e-14
Strain 0 0.0007 0 0.0007 0 0 0 0 0
Strain mean -8.31057e-20 0.0007 1.19675e-17 0.0007 -6.53853e-32 8.6961e-18 1.19675e-17 8.6961e-18 -3.24399e-33
Plastic strain_mean 1.82926e-18 0.00027906 0 0.00027906 -1.82926e-18 0 0 0 0
Plastic strain_rate_mean 0 0 0 0 0 0 0 0 0
Dissipation 0.00237098
End step 21
Begin step 22
Stress -2.10521e-13 84.9798 6.81707e-13 84.9798 2.32801e-13 -3.38579e-12 6.81707e-13 -3.38579e-12 6.69001e-15
Strain 0 0.000733333 0 0.000733333 0 0 0 0 0
Strain mean 4.45012e-20 0.000733333 3.40853e-18 0.000733333 -6.05705e-32 -1.69289e-17 3.40853e-18 -1.69289e-17 -2.4044e-33
Plastic strain_mean 1.13056e-18 0.000308434 0 0.000308434 -1.13056e-18 0 0 0 0
Plastic strain_rate_mean 0 0 0 0 0 0 0 0 0
Dissipation 0.00249227
End step 22
Begin step 23
Stress -1.21549e-12 85.5831 6.27801e-14 85.5831 1.24871e-12 3.59229e-12 6.27801e-14 3.59229e-12 9.97388e-15
Strain 0 0.000766667 0 0.000766667 0 0 0 0 0
Strain mean 6.63451e-20 0.000766667 3.139e-19 0.000766667 -8.90743e-34 1.79614e-17 3.139e-19 1.79614e-17 3.98427e-33
Plastic strain_mean 6.19369e-18 0.000338751 0 0.000338751 -6.19369e-18 0 0 0 0
Plastic strain_rate_mean 0 0 0 0 0 0 0 0 0
Dissipation 0.0025902
End step 23
Begin step 24
Stress 7.8339e-13 86.0386 2.47429e-13 86.0386 -7.96886e-13 3.91981e-12 2.47429e-13 3.91981e-12 -4.05243e-15
Strain 0 0.0008 0 0.0008 0 0 0 0 0
Strain mean -2.69563e-20 0.0008 1.23715e-18 0.0008 -1.3e-32 1.9599e-17 1.23715e-18 1.9599e-17 7.46298e-34
Plastic strain_mean -3.96417e-18 0.000369807 0 0.000369807 3.96417e-18 0 0 0 0
Plastic strain_rate_mean 0 0 0 0 0 0 0 0 0
Dissipation 0.00266706
End step 24
Begin step 25
Stress 1.11316e-12 86.3811 3.98532e-14 86.3811 -1.04905e-12 1.93444e-12 3.98532e-14 1.93444e-12 1.92491e-14
Strain 0 0.000833333 0 0.000833333 0 0 0 0 0
Strain mean 1.28043e-19 0.000833333 1.99266e-19 0.000833333 7.92941e-34 9.67221e-18 1.99266e-19 9.67221e-18 1.77547e-34
Plastic strain_mean -5.3415e-18 0.000401428 0 0.000401428 5.3415e-18 0 0 0 0
Plastic strain_rate_mean 0 0 0 0 0 0 0 0 0
Dissipation 0.00272605
End step 25
Begin step 26
Stress 1.35704e-12 86.6386 1.42944e-13 86.6386 -1.27788e-12 8.96764e-13 1.42944e-13 8.96764e-13 2.37688e-14
Strain 0 0.000866667 0 0.000866667 0 0 0 0 0
Strain mean 1.58107e-19 0.000866667 7.14719e-19 0.000866667 -4.88705e-33 4.48382e-18 7.14719e-19 4.48382e-18 1.71528e-33
Plastic strain_mean -6.50826e-18 0.000433474 0 0.000433474 6.50826e-18 0 0 0 0
Plastic strain_rate_mean 0 0 0 0 0 0 0 0 0
Dissipation 0.00277056
End step 26
Begin step 27
Stress 1.52448e-12 86.833 5.40695e-14 86.833 -1.48923e-12 5.57435e-13 5.40695e-14 5.57435e-13 1.05852e-14
Strain 0 0.0009 0 0.0009 0 0 0 0 0
Strain mean 7.04118e-20 0.0009 2.70348e-19 0.0009 -2.23889e-33 2.78718e-18 2.70348e-19 2.78718e-18 1.51517e-33
Plastic strain_mean -7.49907e-18 0.000465835 0 0.000465835 7.49907e-18 0 0 0 0
Plastic strain_rate_mean 0 0 0 0 0 0 0 0 0
Dissipation 0.00280374
End step 27
Begin step 28
Stress 3.83218e-13 86.9811 8.34173e-13 86.9811 -3.41828e-13 1.2967e-12 8.34173e-13 1.2967e-12 1.2428e-14
Strain 0 0.000933333 0 0.000933333 0 0 0 0 0
Strain mean 8.267e-20 0.000933333 4.17087e-18 0.000933333 -1.35297e-32 6.48352e-18 4.17087e-18 6.48352e-18 -3.64121e-33
Plastic strain_mean -1.77128e-18 0.000498428 0 0.000498428 1.77128e-18 0 0 0 0
Plastic strain_rate_mean 0 0 0 0 0 0 0 0 0
Dissipation 0.00282827
End step 28
Begin step 29
Stress -2.23668e-13 87.0954 -1.17841e-12 87.0954 3.12105e-13 -4.80405e-13 -1.17841e-12 -4.80405e-13 2.65548e-14
Strain 0 0.000966667 0 0.000966667 0 0 0 0 0
Strain mean 1.76639e-19 0.000966667 -5.89205e-18 0.000966667 5.60927e-33 -2.40202e-18 -5.89205e-18 -2.40202e-18 -1.85521e-33
Plastic strain_mean 1.42775e-18 0.00053119 0 0.00053119 -1.42775e-18 0 0 0 0
Plastic strain_rate_mean 0 0 0 0 0 0 0 0 0
Dissipation 0.00284632
End step 29
Begin step 30
Stress -9.29403e-13 87.1851 -2.7261e-13 87.1851 1.00608e-12 -5.99713e-13 -2.7261e-13 -5.99713e-13 2.3022e-14
Strain 0 0.001 0 0.001 0 0 0 0 0
Strain mean 1.5314e-19 0.001 -1.36305e-18 0.001 -3.43538e-32 -2.99856e-18 -1.36305e-18 -2.99856e-18 -1.46777e-33
Plastic strain_mean 4.91527e-18 0.000564075 0 0.000564075 -4.91527e-18 0 0 0 0
Plastic strain_rate_mean 0 0 0 0 0 0 0 0 0
Dissipation 0.00285959
End step 30
