Begin step 0
Stress 0 0 0 0 0 0 0 0 0
Strain 0 0 0 0 0 0 0 0 0
Strain mean 0 0 0 0 0 0 0 0 0
Plastic strain_mean 0 0 0 0 0 0 0 0 0
Plastic strain_rate_mean 0 0 0 0 0 0 0 0 0
Dissipation 0
End step 0
Begin step 1
Stress 3.67614e-16 6.66667 8.93606e-16 6.66667 1.5776e-16 2.50284e-17 8.93606e-16 2.50284e-17 1.57752e-16
Strain 0 3.33333e-05 0 3.33333e-05 0 0 0 0 0
Strain mean 1.04935e-21 3.33333e-05 4.46803e-21 3.33333e-05 -1.88079e-37 1.25142e-22 4.46803e-21 1.25142e-22 -1.23776e-36
Plastic strain_mean 4.01319e-26 3.22822e-20 0 3.22822e-20 -4.01319e-26 0 0 0 0
Plastic strain_rate_mean 0 0 0 0 0 0 0 0 0
Dissipation 2.15215e-19
End step 1
Begin step 2
Stress 7.93749e-16 13.3333 2.10319e-15 13.3333 3.40625e-16 1.47221e-16 2.10319e-15 1.47221e-16 3.40614e-16
Strain 0 6.66667e-05 0 6.66667e-05 0 0 0 0 0
Strain mean 2.26573e-21 6.66667e-05 1.05159e-20 6.66667e-05 -2.75066e-36 7.36106e-22 1.05159e-20 7.36106e-22 -2.4465e-37
Plastic strain_mean 5.29281e-26 1.87032e-16 0 1.87032e-16 -5.29281e-26 0 0 0 0
Plastic strain_rate_mean 0 0 0 0 0 0 0 0 0
Dissipation 2.49332e-15
End step 2
Begin step 3
Stress -7.20757e-16 20 -1.40881e-15 20 -3.08178e-16 -9.01216e-17 -1.40881e-15 -9.01216e-17 -3.08954e-16
Strain 0 0.0001 0 0.0001 0 0 0 0 0
Strain mean -2.05513e-21 0.0001 -7.04403e-21 0.0001 -3.70868e-36 -4.50608e-22 -7.04403e-21 -4.50608e-22 -1.18725e-36
Plastic strain_mean 3.88475e-24 2.99024e-14 0 2.99024e-14 -3.88475e-24 0 0 0 0
Plastic strain_rate_mean 0 0 0 0 0 0 0 0 0
Dissipation 5.94307e-13
End step 3
Begin step 4
Stress 4.96979e-17 26.6667 6.35157e-15 26.6667 3.029e-17 5.9356e-17 6.35157e-15 5.9356e-17 2.40177e-17
Strain 0 0.000133333 0 0.000133333 0 0 0 0 0
Strain mean 1.59763e-22 0.000133333 3.17578e-20 0.000133333 -3.13269e-36 2.9678e-22 3.17578e-20 2.9678e-22 -1.39884e-36
Plastic strain_mean 3.13616e-23 1.11312e-12 0 1.11312e-12 -3.13616e-23 0 0 0 0
Plastic strain_rate_mean 0 0 0 0 0 0 0 0 0
Dissipation 2.88857e-11
End step 4
Begin step 5
Stress 8.21168e-15 33.3333 6.56868e-14 33.3333 3.75741e-15 2.01621e-13 6.56868e-14 2.01621e-13 3.59392e-15
Strain 0 0.000166667 0 0.000166667 0 0 0 0 0
Strain mean 2.39063e-20 0.000166667 3.28434e-19 0.000166667 -6.99654e-35 1.00811e-18 3.28434e-19 1.00811e-18 -8.3319e-35
Plastic strain_mean 8.17477e-22 1.87364e-11 0 1.87364e-11 -8.17477e-22 0 0 0 0
Plastic strain_rate_mean 0 0 0 0 0 0 0 0 0
Dissipation 5.87444e-10
End step 5
Begin step 6
Stress -8.50052e-15 40 1.46649e-12 40 6.90799e-16 3.74227e-13 1.46649e-12 3.74227e-13 -2.345e-15
Strain 0 0.0002 0 0.0002 0 0 0 0 0
Strain mean -1.55987e-20 0.0002 7.33246e-18 0.0002 -3.76158e-35 1.87113e-18 7.33246e-18 1.87113e-18 1.909e-34
Plastic strain_mean 1.5179e-20 1.90864e-10 0 1.90864e-10 -1.5179e-20 0 0 0 0
Plastic strain_rate_mean 0 0 0 0 0 0 0 0 0
Dissipation 6.88509e-09
End step 6
Begin step 7
Stress -1.15905e-14 46.6664 1.98624e-13 46.6664 1.76114e-14 3.73538e-13 1.98624e-13 3.73538e-13 1.80787e-15
Strain 0 0.000233333 0 0.000233333 0 0 0 0 0
Strain mean 1.20258e-20 0.000233333 9.93118e-19 0.000233333 2.40741e-34 1.86769e-18 9.93118e-19 1.86769e-18 1.15104e-33
Plastic strain_mean 7.90174e-20 1.37298e-09 0 1.37298e-09 -7.90174e-20 0 0 0 0
Plastic strain_rate_mean 0 0 0 0 0 0 0 0 0
Dissipation 5.51649e-08
End step 7
Begin step 8
Stress 3.50532e-14 53.3318 8.96383e-12 53.3318 -4.02743e-14 1.28708e-12 8.96383e-12 1.28708e-12 -1.5677e-15
Strain 0 0.000266667 0 0.000266667 0 0 0 0 0
Strain mean -1.04281e-20 0.000266667 4.48191e-17 0.000266667 -9.0278e-36 6.43541e-18 4.48191e-17 6.43541e-18 -2.72339e-33
Plastic strain_mean -1.93533e-19 7.64537e-09 0 7.64537e-09 1.93533e-19 0 0 0 0
Plastic strain_rate_mean 0 0 0 0 0 0 0 0 0
Dissipation 3.34518e-07
End step 8
Begin step 9
Stress 1.48772e-13 59.993 4.95689e-12 59.993 -1.26666e-13 1.06472e-12 4.95689e-12 1.06472e-12 6.63761e-15
Strain 0 0.0003 0 0.0003 0 0 0 0 0
Strain mean 4.41526e-20 0.0003 2.47844e-17 0.0003 4.15279e-34 5.32361e-18 2.47844e-17 5.32361e-18 -1.27743e-33
Plastic strain_mean -6.66518e-19 3.49579e-08 0 3.49579e-08 6.66518e-19 0 0 0 0
Plastic strain_rate_mean 0 0 0 0 0 0 0 0 0
Dissipation 1.63856e-06
End step 9
Begin step 10
Stress 1.63754e-13 66.6394 1.23653e-12 66.6394 -1.80973e-13 -1.95744e-12 1.23653e-12 -1.95744e-12 -5.17035e-15
Strain 0 0.000333333 0 0.000333333 0 0 0 0 0
Strain mean -3.43926e-20 0.000333333 6.18267e-18 0.000333333 8.66668e-33 -9.78721e-18 6.18267e-18 -9.78721e-18 -3.12964e-34
Plastic strain_mean -8.79014e-19 1.3652e-07 0 1.3652e-07 8.79014e-19 0 0 0 0
Plastic strain_rate_mean 0 0 0 0 0 0 0 0 0
Dissipation 6.76803e-06
End step 10
Begin step 11
Stress 1.5995e-13 73.2399 9.85504e-13 73.2399 -1.94912e-13 -2.48673e-12 9.85504e-13 -2.48673e-12 -1.04979e-14
Strain 0 0.000366667 0 0.000366667 0 0 0 0 0
Strain mean -6.98308e-20 0.000366667 4.92752e-18 0.000366667 -1.59942e-31 -1.24337e-17 4.92752e-18 -1.24337e-17 -1.82361e-33
Plastic strain_mean -9.2207e-19 4.67213e-07 0 4.67213e-07 9.2207e-19 0 0 0 0
Plastic strain_rate_mean 0 0 0 0 0 0 0 0 0
Dissipation 2.42198e-05
End step 11
Begin step 12
Stress -1.48946e-13 79.7159 -3.10815e-12 79.7159 1.11657e-13 -3.15079e-12 -3.10815e-12 -3.15079e-12 -1.11966e-14
Strain 0 0.0004 0 0.0004 0 0 0 0 0
Strain mean -7.44785e-20 0.0004 -1.55408e-17 0.0004 7.75187e-32 -1.5754e-17 -1.55408e-17 -1.5754e-17 -4.13774e-33
Plastic strain_mean 6.1427e-19 1.42074e-06 0 1.42074e-06 -6.1427e-19 0 0 0 0
Plastic strain_rate_mean 0 0 0 0 0 0 0 0 0
Dissipation 7.60111e-05
End step 12
Begin step 13
Stress -1.71779e-13 85.8976 -6.86632e-13 85.8976 1.9115e-13 -1.59171e-12 -6.86632e-13 -1.59171e-12 5.81664e-15
Strain 0 0.000433333 0 0.000433333 0 0 0 0 0
Strain mean 3.86916e-20 0.000433333 -3.43316e-18 0.000433333 2.33519e-32 -7.95854e-18 -3.43316e-18 -7.95854e-18 -6.11182e-33
Plastic strain_mean 9.26668e-19 3.84547e-06 0 3.84547e-06 -9.26668e-19 0 0 0 0
Plastic strain_rate_mean 0 0 0 0 0 0 0 0 0
Dissipation 0.000208274
End step 13
Begin step 14
Stress -7.45736e-13 91.497 8.06271e-13 91.497 7.58069e-13 -5.95389e-13 8.06271e-13 -5.95389e-13 3.70309e-15
Strain 0 0.000466667 0 0.000466667 0 0 0 0 0
Strain mean 2.46325e-20 0.000466667 4.03136e-18 0.000466667 -2.36504e-31 -2.97695e-18 4.03136e-18 -2.97695e-18 3.08619e-33
Plastic strain_mean 3.77183e-18 9.18151e-06 0 9.18151e-06 -3.77183e-18 0 0 0 0
Plastic strain_rate_mean 0 0 0 0 0 0 0 0 0
Dissipation 0.000488212
End step 14
Begin step 15
Stress -3.25871e-12 96.1754 -4.12399e-13 96.1754 3.27917e-12 -4.48006e-12 -4.12399e-13 -4.48006e-12 6.14415e-15
Strain 0 0.0005 0 0.0005 0 0 0 0 0
Strain mean 4.08702e-20 0.0005 -2.06199e-18 0.0005 3.27408e-33 -2.24003e-17 -2.06199e-18 -2.24003e-17 1.51667e-33
Plastic strain_mean 1.63651e-17 1.91229e-05 0 1.91229e-05 -1.63651e-17 0 0 0 0
Plastic strain_rate_mean 0 0 0 0 0 0 0 0 0
Dissipation 0.000956037
End step 15
Begin step 16
Stress -4.4821e-12 99.7212 -2.35983e-13 99.7212 4.53717e-12 1.11526e-12 -2.35983e-13 1.11526e-12 1.65373e-14
Strain 0 0.000533333 0 0.000533333 0 0 0 0 0
Strain mean 1.10004e-19 0.000533333 -1.17992e-18 0.000533333 7.94446e-33 5.5763e-18 -1.17992e-18 5.5763e-18 5.36853e-33
Plastic strain_mean 2.26032e-17 3.47271e-05 0 3.47271e-05 -2.26032e-17 0 0 0 0
Plastic strain_rate_mean 0 0 0 0 0 0 0 0 0
Dissipation 0.00155585
End step 16
Begin step 17
Stress -2.11675e-12 102.171 4.31297e-13 102.171 2.08819e-12 -4.96193e-12 4.31297e-13 -4.96193e-12 -8.57649e-15
Strain 0 0.000566667 0 0.000566667 0 0 0 0 0
Strain mean -5.70498e-20 0.000566667 2.15648e-18 0.000566667 -2.40741e-34 -2.48097e-17 2.15648e-18 -2.48097e-17 -5.68751e-33
Plastic strain_mean 1.04838e-17 5.58127e-05 0 5.58127e-05 -1.04838e-17 0 0 0 0
Plastic strain_rate_mean 0 0 0 0 0 0 0 0 0
Dissipation 0.00215387
End step 17
Begin step 18
Stress -1.05251e-12 103.746 -6.21589e-13 103.746 1.05619e-12 -9.08063e-13 -6.21589e-13 -9.08063e-13 1.10481e-15
Strain 0 0.0006 0 0.0006 0 0 0 0 0
Strain mean 7.34909e-21 0.0006 -3.10795e-18 0.0006 4.79075e-33 -4.54031e-18 -3.10795e-18 -4.54031e-18 8.06483e-34
Plastic strain_mean 5.27545e-18 8.12718e-05 0 8.12718e-05 -5.27545e-18 0 0 0 0
Plastic strain_rate_mean 0 0 0 0 0 0 0 0 0
Dissipation 0.00264047
End step 18
Begin step 19
Stress -1.71084e-12 104.712 1.89441e-12 104.712 1.70234e-12 -9.74623e-14 1.89441e-12 -9.74623e-14 -2.55024e-15
Strain 0 0.000633333 0 0.000633333 0 0 0 0 0
Strain mean -1.69639e-20 0.000633333 9.47204e-18 0.000633333 -1.21093e-32 -4.87312e-19 9.47204e-18 -4.87312e-19 -2.08542e-33
Plastic strain_mean 8.52447e-18 0.000109773 0 0.000109773 -8.52447e-18 0 0 0 0
Plastic strain_rate_mean 0 0 0 0 0 0 0 0 0
Dissipation 0.00298326
End step 19
Begin step 20
Stress 9.89567e-13 105.291 -1.92527e-12 105.291 -9.94599e-13 1.69417e-12 -1.92527e-12 1.69417e-12 -1.51093e-15
Strain 0 0.000666667 0 0.000666667 0 0 0 0 0
Strain mean -1.00505e-20 0.000666667 -9.62633e-18 0.000666667 -3.90001e-33 8.47084e-18 -9.62633e-18 8.47084e-18 -2.52176e-33
Plastic strain_mean -4.96544e-18 0.000140212 0 0.000140212 4.96544e-18 0 0 0 0
Plastic strain_rate_mean 0 0 0 0 0 0 0 0 0
Dissipation 0.0032033
End step 20
Begin step 21
Stress 9.29263e-13 105.636 2.56657e-12 105.636 -9.85866e-13 -2.21548e-12 2.56657e-12 -2.21548e-12 -1.69958e-14
Strain 0 0.0007 0 0.0007 0 0 0 0 0
Strain mean -1.13054e-19 0.0007 1.28328e-17 0.0007 -3.09352e-33 -1.10774e-17 1.28328e-17 -1.10774e-17 6.01853e-35
Plastic strain_mean -4.84435e-18 0.000171818 0 0.000171818 4.84435e-18 0 0 0 0
Plastic strain_rate_mean 0 0 0 0 0 0 0 0 0
Dissipation 0.00333684
End step 21
Begin step 22
Stress 1.04273e-12 105.845 1.59612e-12 105.845 -1.01416e-12 7.72273e-13 1.59612e-12 7.72273e-13 8.57649e-15
Strain 0 0.000733333 0 0.000733333 0 0 0 0 0
Strain mean 5.70498e-20 0.000733333 7.98062e-18 0.000733333 2.76852e-34 3.86137e-18 7.98062e-18 3.86137e-18 -1.26389e-34
Plastic strain_mean -5.11369e-18 0.000204107 0 0.000204107 5.11369e-18 0 0 0 0
Plastic strain_rate_mean 0 0 0 0 0 0 0 0 0
Dissipation 0.00341535
End step 22
Begin step 23
Stress 2.77596e-12 105.976 1.20895e-12 105.976 -2.76298e-12 -4.89498e-13 1.20895e-12 -4.89498e-13 3.89523e-15
Strain 0 0.000766667 0 0.000766667 0 0 0 0 0
Strain mean 2.59106e-20 0.000766667 6.04475e-18 0.000766667 9.62965e-35 -2.44749e-18 6.04475e-18 -2.44749e-18 1.7529e-33
Plastic strain_mean -1.38344e-17 0.000236789 0 0.000236789 1.38344e-17 0 0 0 0
Plastic strain_rate_mean 0 0 0 0 0 0 0 0 0
Dissipation 0.00346077
End step 23
Begin step 24
Stress 2.64535e-14 106.061 1.53136e-12 106.061 -1.56441e-13 -2.27626e-12 1.53136e-12 -2.27626e-12 -3.90309e-14
Strain 0 0.0008 0 0.0008 0 0 0 0 0
Strain mean -2.59629e-19 0.0008 7.65678e-18 0.0008 -6.01853e-34 -1.13813e-17 7.65678e-18 -1.13813e-17 -2.56352e-33
Plastic strain_mean -5.87051e-19 0.000269694 0 0.000269694 5.87051e-19 0 0 0 0
Plastic strain_rate_mean 0 0 0 0 0 0 0 0 0
Dissipation 0.0034869
End step 24
Begin step 25
Stress -1.229e-12 106.122 -8.39073e-14 106.122 1.17514e-12 3.92126e-13 -8.39073e-14 3.92126e-13 -1.61748e-14
Strain 0 0.000833333 0 0.000833333 0 0 0 0 0
Strain mean -1.07593e-19 0.000833333 -4.19537e-19 0.000833333 -2.79982e-32 1.96063e-18 -4.19537e-19 1.96063e-18 1.10139e-33
Plastic strain_mean 5.95655e-18 0.000302725 0 0.000302725 -5.95655e-18 0 0 0 0
Plastic strain_rate_mean 0 0 0 0 0 0 0 0 0
Dissipation 0.003502
End step 25
Begin step 26
Stress 1.07647e-12 106.168 -2.01864e-12 106.168 -1.14308e-12 -7.15045e-13 -2.01864e-12 -7.15045e-13 -2.00002e-14
Strain 0 0.000866667 0 0.000866667 0 0 0 0 0
Strain mean -1.33039e-19 0.000866667 -1.00932e-17 0.000866667 -1.01352e-32 -3.57522e-18 -1.00932e-17 -3.57522e-18 2.76852e-34
Plastic strain_mean -5.61538e-18 0.000335827 0 0.000335827 5.61538e-18 0 0 0 0
Plastic strain_rate_mean 0 0 0 0 0 0 0 0 0
Dissipation 0.00351083
End step 26
Begin step 27
Stress -7.20027e-14 106.206 8.04896e-13 106.206 7.68602e-14 2.46313e-13 8.04896e-13 2.46313e-13 1.45853e-15
Strain 0 0.0009 0 0.0009 0 0 0 0 0
Strain mean 9.70195e-21 0.0009 4.02448e-18 0.0009 2.48445e-32 1.23156e-18 4.02448e-18 1.23156e-18 -3.51783e-33
Plastic strain_mean 3.77008e-19 0.000368971 0 0.000368971 -3.77008e-19 0 0 0 0
Plastic strain_rate_mean 0 0 0 0 0 0 0 0 0
Dissipation 0.00351613
End step 27
Begin step 28
Stress -1.13002e-12 106.239 -1.0709e-12 106.239 1.15589e-12 1.47189e-12 -1.0709e-12 1.47189e-12 7.76862e-15
Strain 0 0.000933333 0 0.000933333 0 0 0 0 0
Strain mean 5.1676e-20 0.000933333 -5.35449e-18 0.000933333 2.07519e-32 7.35945e-18 -5.35449e-18 7.35945e-18 -8.47108e-34
Plastic strain_mean 5.7406e-18 0.000402137 0 0.000402137 -5.7406e-18 0 0 0 0
Plastic strain_rate_mean 0 0 0 0 0 0 0 0 0
Dissipation 0.00351944
End step 28
Begin step 29
Stress -1.51901e-12 106.27 -1.6253e-12 106.27 1.52573e-12 1.72105e-12 -1.6253e-12 1.72105e-12 2.01748e-15
Strain 0 0.000966667 0 0.000966667 0 0 0 0 0
Strain mean 1.34201e-20 0.000966667 -8.1265e-18 0.000966667 -1.23741e-32 8.60525e-18 -8.1265e-18 8.60525e-18 -8.62907e-34
Plastic strain_mean 7.61854e-18 0.000435318 0 0.000435318 -7.61854e-18 0 0 0 0
Plastic strain_rate_mean 0 0 0 0 0 0 0 0 0
Dissipation 0.00352163
End step 29
Begin step 30
Stress -1.6837e-12 106.299 -1.72458e-12 106.299 1.60698e-12 1.74894e-12 -1.72458e-12 1.74894e-12 -2.30351e-14
Strain 0 0.001 0 0.001 0 0 0 0 0
Strain mean -1.53227e-19 0.001 -8.62288e-18 0.001 5.97038e-33 8.74472e-18 -8.62288e-18 8.74472e-18 -1.2133e-33
Plastic strain_mean 8.15007e-18 0.000468506 0 0.000468506 -8.15007e-18 0 0 0 0
Plastic strain_rate_mean 0 0 0 0 0 0 0 0 0
Dissipation 0.00352319
End step 30
