Begin step 0
Stress 0 0 0 0 0 0 0 0 0
Strain 0 0 0 0 0 0 0 0 0
Strain mean 0 0 0 0 0 0 0 0 0
Plastic strain_mean 0 0 0 0 0 0 0 0 0
Plastic strain_rate_mean 0 0 0 0 0 0 0 0 0
Dissipation 0
End step 0
Begin step 1
Stress -5.80474e-14 6.64532 -2.89012e-12 6.64532 5.29081e-14 1.69645e-12 -2.89012e-12 1.69645e-12 -1.54313e-15
Strain 0 3.33333e-05 0 3.33333e-05 0 0 0 0 0
Strain mean -1.02648e-20 3.33333e-05 -1.44506e-17 3.33333e-05 -4.11668e-33 8.48227e-18 -1.44506e-17 8.48227e-18 -1.78449e-33
Plastic strain_mean 2.72256e-19 1.06758e-07 0 1.06758e-07 -2.72256e-19 0 0 0 0
Plastic strain_rate_mean 0 0 0 0 0 0 0 0 0
Dissipation 7.09438e-07
End step 1
Begin step 2
Stress -6.50271e-14 13.2693 -2.52432e-13 13.2693 6.33983e-14 2.34038e-12 -2.52432e-13 2.34038e-12 -4.89087e-16
Strain 0 6.66667e-05 0 6.66667e-05 0 0 0 0 0
Strain mean -3.25335e-21 6.66667e-05 -1.26216e-18 6.66667e-05 1.68519e-34 1.17019e-17 -1.26216e-18 1.17019e-17 1.4783e-33
Plastic strain_mean 3.19437e-19 3.19931e-07 0 3.19931e-07 -3.19437e-19 0 0 0 0
Plastic strain_rate_mean 0 0 0 0 0 0 0 0 0
Dissipation 2.82865e-06
End step 2
Begin step 3
Stress -6.63649e-14 19.8722 -2.47871e-13 19.8722 7.6138e-14 2.33127e-12 -2.47871e-13 2.33127e-12 2.93452e-15
Strain 0 0.0001 0 0.0001 0 0 0 0 0
Strain mean 1.95201e-20 0.0001 -1.23936e-18 0.0001 8.1852e-34 1.16564e-17 -1.23936e-18 1.16564e-17 1.37223e-33
Plastic strain_mean 3.66017e-19 6.39178e-07 0 6.39178e-07 -3.66017e-19 0 0 0 0
Plastic strain_rate_mean 0 0 0 0 0 0 0 0 0
Dissipation 6.34405e-06
End step 3
Begin step 4
Stress -8.77115e-14 26.4538 -2.45327e-13 26.4538 8.01235e-14 2.3225e-12 -2.45327e-13 2.3225e-12 -2.2784e-15
Strain 0 0.000133333 0 0.000133333 0 0 0 0 0
Strain mean -1.51557e-20 0.000133333 -1.22663e-18 0.000133333 -1.10741e-33 1.16125e-17 -1.22663e-18 1.16125e-17 1.20295e-33
Plastic strain_mean 4.1201e-19 1.06416e-06 0 1.06416e-06 -4.1201e-19 0 0 0 0
Plastic strain_rate_mean 0 0 0 0 0 0 0 0 0
Dissipation 1.12422e-05
End step 4
Begin step 5
Stress -9.25412e-14 33.0144 -2.35613e-13 33.0144 9.10905e-14 2.31453e-12 -2.35613e-13 2.31453e-12 -4.35593e-16
Strain 0 0.000166667 0 0.000166667 0 0 0 0 0
Strain mean -2.89751e-21 0.000166667 -1.17806e-18 0.000166667 -4.30927e-33 1.15727e-17 -1.17806e-18 1.15727e-17 1.38501e-33
Plastic strain_mean 4.57631e-19 1.59453e-06 0 1.59453e-06 -4.57631e-19 0 0 0 0
Plastic strain_rate_mean 0 0 0 0 0 0 0 0 0
Dissipation 1.75096e-05
End step 5
Begin step 6
Stress -9.99404e-14 39.554 -2.30318e-13 39.554 1.00784e-13 2.305e-12 -2.30318e-13 2.305e-12 2.53277e-16
Strain 0 0.0002 0 0.0002 0 0 0 0 0
Strain mean 1.68477e-21 0.0002 -1.15159e-18 0.0002 -4.57408e-34 1.1525e-17 -1.15159e-18 1.1525e-17 1.16609e-33
Plastic strain_mean 5.02653e-19 2.22996e-06 0 2.22996e-06 -5.02653e-19 0 0 0 0
Plastic strain_rate_mean 0 0 0 0 0 0 0 0 0
Dissipation 2.51331e-05
End step 6
Begin step 7
Stress -1.13655e-13 46.0725 -2.51803e-12 46.0725 1.01206e-13 1.577e-12 -2.51803e-12 1.577e-12 -3.73802e-15
Strain 0 0.000233333 0 0.000233333 0 0 0 0 0
Strain mean -2.48649e-20 0.000233333 -1.25901e-17 0.000233333 6.12927e-32 7.885e-18 -1.25901e-17 7.885e-18 3.34028e-33
Plastic strain_mean 5.24721e-19 2.97076e-06 0 2.97076e-06 -5.24721e-19 0 0 0 0
Plastic strain_rate_mean 0 0 0 0 0 0 0 0 0
Dissipation 3.41301e-05
End step 7
Begin step 8
Stress -1.8226e-13 52.5687 6.7573e-12 52.5687 1.68662e-13 -4.99388e-12 6.7573e-12 -4.99388e-12 -4.083e-15
Strain 0 0.000266667 0 0.000266667 0 0 0 0 0
Strain mean -2.71597e-20 0.000266667 3.37865e-17 0.000266667 -3.09112e-32 -2.49694e-17 3.37865e-17 -2.49694e-17 7.6315e-33
Plastic strain_mean 8.63726e-19 3.82294e-06 0 3.82294e-06 -8.63726e-19 0 0 0 0
Plastic strain_rate_mean 0 0 0 0 0 0 0 0 0
Dissipation 4.47964e-05
End step 8
Begin step 9
Stress -1.16956e-13 59.037 8.30281e-13 59.037 9.74824e-14 -2.19055e-12 8.30281e-13 -2.19055e-12 -5.84721e-15
Strain 0 0.0003 0 0.0003 0 0 0 0 0
Strain mean -3.8895e-20 0.0003 4.15141e-18 0.0003 3.77964e-33 -1.09527e-17 4.15141e-18 -1.09527e-17 -8.72687e-34
Plastic strain_mean 5.16648e-19 4.81501e-06 0 4.81501e-06 -5.16648e-19 0 0 0 0
Plastic strain_rate_mean 0 0 0 0 0 0 0 0 0
Dissipation 5.8567e-05
End step 9
Begin step 10
Stress -4.92735e-15 65.4676 2.82276e-13 65.4676 1.52676e-14 -2.31396e-12 2.82276e-13 -2.31396e-12 3.10483e-15
Strain 0 0.000333333 0 0.000333333 0 0 0 0 0
Strain mean 2.0653e-20 0.000333333 1.41138e-18 0.000333333 -9.57909e-32 -1.15698e-17 1.41138e-18 -1.15698e-17 -1.03519e-33
Plastic strain_mean 6.08138e-20 5.99553e-06 0 5.99553e-06 -6.08138e-20 0 0 0 0
Plastic strain_rate_mean 0 0 0 0 0 0 0 0 0
Dissipation 7.72833e-05
End step 10
Begin step 11
Stress -3.08156e-14 71.8442 2.65682e-12 71.8442 2.51146e-14 3.88759e-14 2.65682e-12 3.88759e-14 -1.7118e-15
Strain 0 0.000366667 0 0.000366667 0 0 0 0 0
Strain mean -1.13867e-20 0.000366667 1.32841e-17 0.000366667 -5.68149e-33 1.94379e-19 1.32841e-17 1.94379e-19 -3.13265e-33
Plastic strain_mean 1.34132e-19 7.44582e-06 0 7.44582e-06 -1.34132e-19 0 0 0 0
Plastic strain_rate_mean 0 0 0 0 0 0 0 0 0
Dissipation 0.00010419
End step 11
Begin step 12
Stress 8.76822e-14 78.1367 -3.45182e-12 78.1367 -4.80301e-14 1.48458e-12 -3.45182e-12 1.48458e-12 1.19062e-14
Strain 0 0.0004 0 0.0004 0 0 0 0 0
Strain mean 7.91987e-20 0.0004 -1.72591e-17 0.0004 -8.36576e-34 7.42292e-18 -1.72591e-17 7.42292e-18 -4.83739e-34
Plastic strain_mean -2.99681e-19 9.31641e-06 0 9.31641e-06 2.99681e-19 0 0 0 0
Plastic strain_rate_mean 0 0 0 0 0 0 0 0 0
Dissipation 0.000146154
End step 12
Begin step 13
Stress -2.84852e-13 84.2828 7.32708e-12 84.2828 3.12746e-13 -3.62355e-12 7.32708e-12 -3.62355e-12 8.37561e-15
Strain 0 0.000433333 0 0.000433333 0 0 0 0 0
Strain mean 5.57136e-20 0.000433333 3.66354e-17 0.000433333 -2.79741e-32 -1.81177e-17 3.66354e-17 -1.81177e-17 6.5602e-33
Plastic strain_mean 1.52185e-18 1.19192e-05 0 1.19192e-05 -1.52185e-18 0 0 0 0
Plastic strain_rate_mean 0 0 0 0 0 0 0 0 0
Dissipation 0.000219353
End step 13
Begin step 14
Stress -2.5935e-14 90.1273 -1.44214e-12 90.1273 5.29273e-14 -4.87659e-12 -1.44214e-12 -4.87659e-12 8.10487e-15
Strain 0 0.000466667 0 0.000466667 0 0 0 0 0
Strain mean 5.39127e-20 0.000466667 -7.21072e-18 0.000466667 -1.58889e-32 -2.4383e-17 -7.21072e-18 -2.4383e-17 8.78104e-33
Plastic strain_mean 2.24112e-19 1.60302e-05 0 1.60302e-05 -2.24112e-19 0 0 0 0
Plastic strain_rate_mean 0 0 0 0 0 0 0 0 0
Dissipation 0.000370479
End step 14
Begin step 15
Stress 2.50068e-13 95.1838 2.36379e-12 95.1838 -3.00039e-13 4.52022e-12 2.36379e-12 4.52022e-12 -1.50045e-14
Strain 0 0.0005 0 0.0005 0 0 0 0 0
Strain mean -9.98081e-20 0.0005 1.18189e-17 0.0005 1.89704e-32 2.26011e-17 1.18189e-17 2.26011e-17 -3.18681e-33
Plastic strain_mean -1.42517e-18 2.40808e-05 0 2.40808e-05 1.42517e-18 0 0 0 0
Plastic strain_rate_mean 0 0 0 0 0 0 0 0 0
Dissipation 0.000766189
End step 15
Begin step 16
Stress 3.85134e-13 98.1816 2.17668e-12 98.1816 -4.12155e-13 1.27289e-12 2.17668e-12 1.27289e-12 -8.1136e-15
Strain 0 0.000533333 0 0.000533333 0 0 0 0 0
Strain mean -5.39708e-20 0.000533333 1.08834e-17 0.000533333 9.14817e-34 6.36443e-18 1.08834e-17 6.36443e-18 1.83264e-33
Plastic strain_mean -2.02021e-18 4.24251e-05 0 4.24251e-05 2.02021e-18 0 0 0 0
Plastic strain_rate_mean 0 0 0 0 0 0 0 0 0
Dissipation 0.00180068
End step 16
Begin step 17
Stress -6.6118e-13 99.0632 -2.25767e-12 99.0632 6.15689e-13 1.03027e-11 -2.25767e-12 1.03027e-11 -1.36595e-14
Strain 0 0.000566667 0 0.000566667 0 0 0 0 0
Strain mean -9.08614e-20 0.000566667 -1.12884e-17 0.000566667 1.66111e-33 5.15133e-17 -1.12884e-17 5.15133e-17 -1.72732e-33
Plastic strain_mean 3.14674e-18 7.13506e-05 0 7.13506e-05 -3.14674e-18 0 0 0 0
Plastic strain_rate_mean 0 0 0 0 0 0 0 0 0
Dissipation 0.00286459
End step 17
Begin step 18
Stress -3.21619e-12 99.2476 2.46485e-13 99.2476 3.25891e-12 -1.72795e-12 2.46485e-13 -1.72795e-12 1.28298e-14
Strain 0 0.0006 0 0.0006 0 0 0 0 0
Strain mean 8.53423e-20 0.0006 1.23243e-18 0.0006 2.49601e-31 -8.63977e-18 1.23243e-18 -8.63977e-18 -7.01159e-34
Plastic strain_mean 1.62304e-17 0.000103762 0 0.000103762 -1.62304e-17 0 0 0 0
Plastic strain_rate_mean 0 0 0 0 0 0 0 0 0
Dissipation 0.00321555
End step 18
Begin step 19
Stress -1.38341e-13 99.298 5.89081e-13 99.298 1.99859e-13 -2.88358e-12 5.89081e-13 -2.88358e-12 1.84718e-14
Strain 0 0.000633333 0 0.000633333 0 0 0 0 0
Strain mean 1.22872e-19 0.000633333 2.9454e-18 0.000633333 9.24446e-33 -1.44179e-17 2.9454e-18 -1.44179e-17 -1.49109e-33
Plastic strain_mean 9.06935e-19 0.000136843 0 0.000136843 -9.06935e-19 0 0 0 0
Plastic strain_rate_mean 0 0 0 0 0 0 0 0 0
Dissipation 0.00328339
End step 19
Begin step 20
Stress -9.80733e-13 99.3255 -2.68424e-13 99.3255 9.51501e-13 -1.63061e-12 -2.68424e-13 -1.63061e-12 -8.77736e-15
Strain 0 0.000666667 0 0.000666667 0 0 0 0 0
Strain mean -5.8386e-20 0.000666667 -1.34212e-18 0.000666667 1.52871e-33 -8.15305e-18 -1.34212e-18 -8.15305e-18 -9.78764e-34
Plastic strain_mean 4.80139e-18 0.000170039 0 0.000170039 -4.80139e-18 0 0 0 0
Plastic strain_rate_mean 0 0 0 0 0 0 0 0 0
Dissipation 0.0032955
End step 20
Begin step 21
Stress -1.03026e-12 99.3488 -2.94924e-13 99.3488 1.0272e-12 -1.0596e-12 -2.94924e-13 -1.0596e-12 -9.17038e-16
Strain 0 0.0007 0 0.0007 0 0 0 0 0
Strain mean -6.10003e-21 0.0007 -1.47462e-18 0.0007 -9.59956e-34 -5.29801e-18 -1.47462e-18 -5.29801e-18 -1.17286e-33
Plastic strain_mean 5.14059e-18 0.000203256 0 0.000203256 -5.14059e-18 0 0 0 0
Plastic strain_rate_mean 0 0 0 0 0 0 0 0 0
Dissipation 0.00329815
End step 21
Begin step 22
Stress -5.94344e-13 99.3711 -5.36193e-12 99.3711 6.40635e-13 -2.935e-13 -5.36193e-12 -2.935e-13 1.38997e-14
Strain 0 0.000733333 0 0.000733333 0 0 0 0 0
Strain mean 9.2459e-20 0.000733333 -2.68097e-17 0.000733333 5.96436e-33 -1.4675e-18 -2.68097e-17 -1.4675e-18 2.68652e-33
Plastic strain_mean 3.13368e-18 0.000236478 0 0.000236478 -3.13368e-18 0 0 0 0
Plastic strain_rate_mean 0 0 0 0 0 0 0 0 0
Dissipation 0.00329921
End step 22
Begin step 23
Stress -1.34912e-12 99.393 -6.40528e-12 99.393 1.41753e-12 -9.3227e-13 -6.40528e-12 -9.3227e-13 2.05417e-14
Strain 0 0.000766667 0 0.000766667 0 0 0 0 0
Strain mean 1.36641e-19 0.000766667 -3.20264e-17 0.000766667 4.52594e-33 -4.66135e-18 -3.20264e-17 -4.66135e-18 5.21957e-33
Plastic strain_mean 6.98495e-18 0.000269702 0 0.000269702 -6.98495e-18 0 0 0 0
Plastic strain_rate_mean 0 0 0 0 0 0 0 0 0
Dissipation 0.00329997
End step 23
Begin step 24
Stress -1.28297e-12 99.4146 -5.2973e-12 99.4146 1.29276e-12 -6.62497e-13 -5.2973e-12 -6.62497e-13 2.93889e-15
Strain 0 0.0008 0 0.0008 0 0 0 0 0
Strain mean 1.95491e-20 0.0008 -2.64865e-17 0.0008 2.29908e-33 -3.31248e-18 -2.64865e-17 -3.31248e-18 4.71928e-33
Plastic strain_mean 6.44909e-18 0.000302927 0 0.000302927 -6.44909e-18 0 0 0 0
Plastic strain_rate_mean 0 0 0 0 0 0 0 0 0
Dissipation 0.00330065
End step 24
Begin step 25
Stress -1.1813e-12 99.436 -4.46045e-12 99.436 1.15734e-12 -4.69543e-13 -4.46045e-12 -4.69543e-13 -7.19656e-15
Strain 0 0.000833333 0 0.000833333 0 0 0 0 0
Strain mean -4.78707e-20 0.000833333 -2.23022e-17 0.000833333 -1.45648e-33 -2.34772e-18 -2.23022e-17 -2.34772e-18 3.7202e-33
Plastic strain_mean 5.82266e-18 0.000336153 0 0.000336153 -5.82266e-18 0 0 0 0
Plastic strain_rate_mean 0 0 0 0 0 0 0 0 0
Dissipation 0.0033013
End step 25
Begin step 26
Stress -1.04639e-12 99.4573 -3.81319e-12 99.4573 1.02997e-12 -3.36138e-13 -3.81319e-12 -3.36138e-13 -4.93017e-15
Strain 0 0.000866667 0 0.000866667 0 0 0 0 0
Strain mean -3.27949e-20 0.000866667 -1.9066e-17 0.000866667 -1.04722e-33 -1.68069e-18 -1.9066e-17 -1.68069e-18 2.85466e-33
Plastic strain_mean 5.17448e-18 0.00036938 0 0.00036938 -5.17448e-18 0 0 0 0
Plastic strain_rate_mean 0 0 0 0 0 0 0 0 0
Dissipation 0.00330194
End step 26
Begin step 27
Stress -9.38201e-13 99.4784 -3.23634e-12 99.4784 9.49109e-13 -2.43027e-13 -3.23634e-12 -2.43027e-13 3.27514e-15
Strain 0 0.0009 0 0.0009 0 0 0 0 0
Strain mean 2.17858e-20 0.0009 -1.61817e-17 0.0009 -8.54631e-34 -1.21513e-18 -1.61817e-17 -1.21513e-18 3.11609e-33
Plastic strain_mean 4.72917e-18 0.000402608 0 0.000402608 -4.72917e-18 0 0 0 0
Plastic strain_rate_mean 0 0 0 0 0 0 0 0 0
Dissipation 0.00330256
End step 27
Begin step 28
Stress -8.21645e-13 99.4994 -2.69206e-12 99.4994 8.20016e-13 -1.84124e-13 -2.69206e-12 -1.84124e-13 -4.89087e-16
Strain 0 0.000933333 0 0.000933333 0 0 0 0 0
Strain mean -3.25335e-21 0.000933333 -1.34603e-17 0.000933333 -4.21297e-34 -9.20618e-19 -1.34603e-17 -9.20618e-19 2.19451e-33
Plastic strain_mean 4.10252e-18 0.000435836 0 0.000435836 -4.10252e-18 0 0 0 0
Plastic strain_rate_mean 0 0 0 0 0 0 0 0 0
Dissipation 0.00330317
End step 28
Begin step 29
Stress -7.88504e-13 99.5203 -2.42999e-12 99.5203 6.98583e-13 -1.42289e-13 -2.42999e-12 -1.42289e-13 -2.70002e-14
Strain 0 0.000966667 0 0.000966667 0 0 0 0 0
Strain mean -1.79602e-19 0.000966667 -1.215e-17 0.000966667 -1.15556e-33 -7.11447e-19 -1.215e-17 -7.11447e-19 2.04141e-33
Plastic strain_mean 3.62792e-18 0.000469065 0 0.000469065 -3.62792e-18 0 0 0 0
Plastic strain_rate_mean 0 0 0 0 0 0 0 0 0
Dissipation 0.00330378
End step 29
Begin step 30
Stress -6.10534e-13 99.5411 -2.01609e-12 99.5411 6.85926e-13 -1.10366e-13 -2.01609e-12 -1.10366e-13 2.26377e-14
Strain 0 0.001 0 0.001 0 0 0 0 0
Strain mean 1.50584e-19 0.001 -1.00805e-17 0.001 3.31019e-34 -5.51831e-19 -1.00805e-17 -5.51831e-19 1.70513e-33
Plastic strain_mean 3.31644e-18 0.000502295 0 0.000502295 -3.31644e-18 0 0 0 0
Plastic strain_rate_mean 0 0 0 0 0 0 0 0 0
Dissipation 0.00330438
End step 30
