Begin step 0
Stress 0 0 0 0 0 0 0 0 0
Strain 0 0 0 0 0 0 0 0 0
Strain mean 0 0 0 0 0 0 0 0 0
Plastic strain_mean 0 0 0 0 0 0 0 0 0
Plastic strain_rate_mean 0 0 0 0 0 0 0 0 0
Dissipation 0
End step 0
Begin step 1
Stress -3.79038e-14 66.3452 2.47588e-12 66.3452 6.61468e-14 -5.50867e-13 2.47588e-12 -5.50867e-13 8.48042e-15
Strain 0 0.000333333 0 0.000333333 0 0 0 0 0
Strain mean 5.64108e-20 0.000333333 1.23794e-17 0.000333333 1.3e-32 -2.75433e-18 1.23794e-17 -2.75433e-18 -6.98714e-33
Plastic strain_mean 2.88332e-19 1.60748e-06 0 1.60748e-06 -2.88332e-19 0 0 0 0
Plastic strain_rate_mean 0 0 0 0 0 0 0 0 0
Dissipation 0.000106647
End step 1
Begin step 2
Stress 1.78368e-13 104.151 -9.25703e-14 104.151 -1.74092e-13 -1.43041e-12 -9.25703e-14 -1.43041e-12 1.28385e-15
Strain 0 0.000666667 0 0.000666667 0 0 0 0 0
Strain mean 8.54004e-21 0.000666667 -4.62851e-19 0.000666667 -7.07177e-34 -7.15207e-18 -4.62851e-19 -7.15207e-18 7.40608e-34
Plastic strain_mean -8.76881e-19 0.000145913 0 0.000145913 8.76881e-19 0 0 0 0
Plastic strain_rate_mean 0 0 0 0 0 0 0 0 0
Dissipation 0.0150218
End step 2
Begin step 3
Stress 2.551e-12 112.077 1.83257e-12 112.077 -2.46623e-12 -3.52301e-12 1.83257e-12 -3.52301e-12 2.54544e-14
Strain 0 0.001 0 0.001 0 0 0 0 0
Strain mean 1.69319e-19 0.001 9.16287e-18 0.001 -1.12547e-33 -1.76151e-17 9.16287e-18 -1.76151e-17 1.11343e-34
Plastic strain_mean -1.24584e-17 0.000439615 0 0.000439615 1.24584e-17 0 0 0 0
Plastic strain_rate_mean 0 0 0 0 0 0 0 0 0
Dissipation 0.0328762
End step 3
Begin step 4
Stress -9.55822e-13 113.529 -2.49296e-12 113.529 9.92587e-13 -5.8695e-12 -2.49296e-12 -5.8695e-12 1.10394e-14
Strain 0 0.00133333 0 0.00133333 0 0 0 0 0
Strain mean 7.34328e-20 0.00133333 -1.24648e-17 0.00133333 1.42037e-33 -2.93475e-17 -1.24648e-17 -2.93475e-17 -5.32828e-33
Plastic strain_mean 4.90774e-18 0.000765689 0 0.000765689 -4.90774e-18 0 0 0 0
Plastic strain_rate_mean 0 0 0 0 0 0 0 0 0
Dissipation 0.0369483
End step 4
Begin step 5
Stress -7.20588e-14 113.973 2.38519e-13 113.973 4.14185e-15 -1.95693e-12 2.38519e-13 -1.95693e-12 -2.03932e-14
Strain 0 0.00166667 0 0.00166667 0 0 0 0 0
Strain mean -1.35653e-19 0.00166667 1.1926e-18 0.00166667 -1.36621e-33 -9.78465e-18 1.1926e-18 -9.78465e-18 -1.2985e-33
Plastic strain_mean 1.22675e-19 0.0010968 0 0.0010968 -1.22675e-19 0 0 0 0
Plastic strain_rate_mean 0 0 0 0 0 0 0 0 0
Dissipation 0.0376451
End step 5
Begin step 6
Stress 6.23765e-13 114.262 2.6277e-12 114.262 -5.54015e-13 -1.46404e-12 2.6277e-12 -1.46404e-12 2.09434e-14
Strain 0 0.002 0 0.002 0 0 0 0 0
Strain mean 1.39313e-19 0.002 1.31385e-17 0.002 -1.50463e-36 -7.32022e-18 1.31385e-17 -7.32022e-18 -1.84919e-33
Plastic strain_mean -2.87479e-18 0.00142869 0 0.00142869 2.87479e-18 0 0 0 0
Plastic strain_rate_mean 0 0 0 0 0 0 0 0 0
Dissipation 0.0378101
End step 6
Begin step 7
Stress 2.45413e-13 114.525 2.18475e-12 114.525 -4.63358e-13 -1.14927e-12 2.18475e-12 -1.14927e-12 -6.54416e-14
Strain 0 0.00233333 0 0.00233333 0 0 0 0 0
Strain mean -4.3531e-19 0.00233333 1.09237e-17 0.00233333 1.19769e-33 -5.74633e-18 1.09237e-17 -5.74633e-18 -1.55729e-33
Plastic strain_mean -1.98958e-18 0.00176071 0 0.00176071 1.98958e-18 0 0 0 0
Plastic strain_rate_mean 0 0 0 0 0 0 0 0 0
Dissipation 0.0378958
End step 7
Begin step 8
Stress 1.11567e-13 114.78 1.64573e-12 114.78 -3.44172e-13 -8.88695e-13 1.64573e-12 -8.88695e-13 -6.98434e-14
Strain 0 0.00266667 0 0.00266667 0 0 0 0 0
Strain mean -4.6459e-19 0.00266667 8.22864e-18 0.00266667 -4.97657e-34 -4.44347e-18 8.22864e-18 -4.44347e-18 -1.15368e-33
Plastic strain_mean -1.37164e-18 0.00209277 0 0.00209277 1.37164e-18 0 0 0 0
Plastic strain_rate_mean 0 0 0 0 0 0 0 0 0
Dissipation 0.0379691
End step 8
Begin step 9
Stress -1.21378e-12 115.031 3.69389e-12 115.031 1.4152e-12 -3.27189e-12 3.69389e-12 -3.27189e-12 6.04808e-14
Strain 0 0.003 0 0.003 0 0 0 0 0
Strain mean 4.02312e-19 0.003 1.84695e-17 0.003 2.16667e-33 -1.63594e-17 1.84695e-17 -1.63594e-17 1.17361e-34
Plastic strain_mean 6.7736e-18 0.00242484 0 0.00242484 -6.7736e-18 0 0 0 0
Plastic strain_rate_mean 0 0 0 0 0 0 0 0 0
Dissipation 0.03804
End step 9
Begin step 10
Stress -9.9185e-13 115.28 2.95008e-12 115.28 1.13333e-12 -2.45952e-12 2.95008e-12 -2.45952e-12 4.24807e-14
Strain 0 0.00333333 0 0.00333333 0 0 0 0 0
Strain mean 2.82577e-19 0.00333333 1.47504e-17 0.00333333 -2.40741e-34 -1.22976e-17 1.47504e-17 -1.22976e-17 3.82177e-34
Plastic strain_mean 5.45423e-18 0.00275693 0 0.00275693 -5.45423e-18 0 0 0 0
Plastic strain_rate_mean 0 0 0 0 0 0 0 0 0
Dissipation 0.0381102
End step 10
Begin step 11
Stress -8.08392e-13 115.527 2.33087e-12 115.527 8.08741e-13 -1.8602e-12 2.33087e-12 -1.8602e-12 1.04804e-16
Strain 0 0.00366667 0 0.00366667 0 0 0 0 0
Strain mean 6.97146e-22 0.00366667 1.16543e-17 0.00366667 7.46298e-34 -9.30099e-18 1.16543e-17 -9.30099e-18 1.29398e-34
Plastic strain_mean 4.04318e-18 0.00308903 0 0.00308903 -4.04318e-18 0 0 0 0
Plastic strain_rate_mean 0 0 0 0 0 0 0 0 0
Dissipation 0.0381799
End step 11
Begin step 12
Stress -7.06717e-13 115.772 2.20455e-12 115.772 6.53343e-13 -1.42836e-12 2.20455e-12 -1.42836e-12 -1.60263e-14
Strain 0 0.004 0 0.004 0 0 0 0 0
Strain mean -1.06605e-19 0.004 1.10227e-17 0.004 6.50001e-34 -7.14178e-18 1.10227e-17 -7.14178e-18 -2.52778e-34
Plastic strain_mean 3.34685e-18 0.00342114 0 0.00342114 -3.34685e-18 0 0 0 0
Plastic strain_rate_mean 0 0 0 0 0 0 0 0 0
Dissipation 0.0382492
End step 12
Begin step 13
Stress -5.66286e-13 116.015 1.66716e-12 116.015 4.82808e-13 -1.12971e-12 1.66716e-12 -1.12971e-12 -2.50657e-14
Strain 0 0.00433333 0 0.00433333 0 0 0 0 0
Strain mean -1.66734e-19 0.00433333 8.3358e-18 0.00433333 -8.90743e-34 -5.64853e-18 8.3358e-18 -5.64853e-18 1.15857e-34
Plastic strain_mean 2.53937e-18 0.00375326 0 0.00375326 -2.53937e-18 0 0 0 0
Plastic strain_rate_mean 0 0 0 0 0 0 0 0 0
Dissipation 0.0383183
End step 13
Begin step 14
Stress -5.4395e-13 116.257 1.322e-12 116.257 3.26674e-13 -9.0107e-13 1.322e-12 -9.0107e-13 -6.52407e-14
Strain 0 0.00466667 0 0.00466667 0 0 0 0 0
Strain mean -4.33974e-19 0.00466667 6.60998e-18 0.00466667 -2.40741e-34 -4.50535e-18 6.60998e-18 -4.50535e-18 -6.77085e-35
Plastic strain_mean 1.95957e-18 0.00408538 0 0.00408538 -1.95957e-18 0 0 0 0
Plastic strain_rate_mean 0 0 0 0 0 0 0 0 0
Dissipation 0.0383872
End step 14
Begin step 15
Stress -3.72163e-12 116.498 8.25106e-13 116.498 3.47596e-12 -3.81736e-12 8.25106e-13 -3.81736e-12 -7.37648e-14
Strain 0 0.005 0 0.005 0 0 0 0 0
Strain mean -4.90675e-19 0.005 4.12553e-18 0.005 3.00927e-34 -1.90868e-17 4.12553e-18 -1.90868e-17 -4.9051e-33
Plastic strain_mean 1.77486e-17 0.00441751 0 0.00441751 -1.77486e-17 0 0 0 0
Plastic strain_rate_mean 0 0 0 0 0 0 0 0 0
Dissipation 0.0384559
End step 15
Begin step 16
Stress -3.02044e-12 116.739 6.65332e-13 116.739 3.22835e-12 -3.15459e-12 6.65332e-13 -3.15459e-12 6.24285e-14
Strain 0 0.00533333 0 0.00533333 0 0 0 0 0
Strain mean 4.15267e-19 0.00533333 3.32666e-18 0.00533333 1.87778e-33 -1.5773e-17 3.32666e-18 -1.5773e-17 -3.08299e-33
Plastic strain_mean 1.58296e-17 0.00474964 0 0.00474964 -1.58296e-17 0 0 0 0
Plastic strain_rate_mean 0 0 0 0 0 0 0 0 0
Dissipation 0.0385244
End step 16
Begin step 17
Stress -2.84604e-12 116.978 5.82892e-13 116.978 2.61137e-12 -2.63179e-12 5.82892e-13 -2.63179e-12 -7.04635e-14
Strain 0 0.00566667 0 0.00566667 0 0 0 0 0
Strain mean -4.68715e-19 0.00566667 2.91446e-18 0.00566667 1.42037e-33 -1.3159e-17 2.91446e-18 -1.3159e-17 -4.03242e-33
Plastic strain_mean 1.34091e-17 0.00508178 0 0.00508178 -1.34091e-17 0 0 0 0
Plastic strain_rate_mean 0 0 0 0 0 0 0 0 0
Dissipation 0.0385928
End step 17
Begin step 18
Stress -2.44705e-12 117.216 2.81912e-13 117.216 1.99173e-12 -2.24049e-12 2.81912e-13 -2.24049e-12 -1.36717e-13
Strain 0 0.006 0 0.006 0 0 0 0 0
Strain mean -9.09428e-19 0.006 1.40956e-18 0.006 -4.27316e-34 -1.12024e-17 1.40956e-18 -1.12024e-17 -2.05157e-33
Plastic strain_mean 1.06422e-17 0.00541392 0 0.00541392 -1.06422e-17 0 0 0 0
Plastic strain_rate_mean 0 0 0 0 0 0 0 0 0
Dissipation 0.038661
End step 18
Begin step 19
Stress -1.67126e-12 117.454 -2.72248e-15 117.454 2.06207e-12 -1.9502e-12 -2.72248e-15 -1.9502e-12 1.17346e-13
Strain 0 0.00633333 0 0.00633333 0 0 0 0 0
Strain mean 7.80572e-19 0.00633333 -1.36124e-20 0.00633333 2.47362e-33 -9.75098e-18 -1.36124e-20 -9.75098e-18 -1.44595e-33
Plastic strain_mean 9.72362e-18 0.00574606 0 0.00574606 -9.72362e-18 0 0 0 0
Plastic strain_rate_mean 0 0 0 0 0 0 0 0 0
Dissipation 0.0387292
End step 19
Begin step 20
Stress -1.49752e-12 117.692 7.29762e-13 117.692 1.55179e-12 -1.6883e-12 7.29762e-13 -1.6883e-12 1.62971e-14
Strain 0 0.00666667 0 0.00666667 0 0 0 0 0
Strain mean 1.08406e-19 0.00666667 3.64881e-18 0.00666667 -4.99538e-34 -8.44151e-18 3.64881e-18 -8.44151e-18 -1.00397e-33
Plastic strain_mean 7.67748e-18 0.00607821 0 0.00607821 -7.67748e-18 0 0 0 0
Plastic strain_rate_mean 0 0 0 0 0 0 0 0 0
Dissipation 0.0387972
End step 20
Begin step 21
Stress -1.14217e-12 117.928 3.33934e-14 117.928 1.3972e-12 -1.48571e-12 3.33934e-14 -1.48571e-12 7.6577e-14
Strain 0 0.007 0 0.007 0 0 0 0 0
Strain mean 5.09382e-19 0.007 1.66967e-19 0.007 -1.92593e-34 -7.42857e-18 1.66967e-19 -7.42857e-18 -1.31204e-33
Plastic strain_mean 6.60314e-18 0.00641036 0 0.00641036 -6.60314e-18 0 0 0 0
Plastic strain_rate_mean 0 0 0 0 0 0 0 0 0
Dissipation 0.0388652
End step 21
Begin step 22
Stress -1.09952e-12 118.165 8.70061e-14 118.165 7.14884e-13 -1.31073e-12 8.70061e-14 -1.31073e-12 -1.15494e-13
Strain 0 0.00733333 0 0.00733333 0 0 0 0 0
Strain mean -7.68255e-19 0.00733333 4.35031e-19 0.00733333 -1.5588e-33 -6.55363e-18 4.35031e-19 -6.55363e-18 -8.43347e-34
Plastic strain_mean 4.15189e-18 0.00674251 0 0.00674251 -4.15189e-18 0 0 0 0
Plastic strain_rate_mean 0 0 0 0 0 0 0 0 0
Dissipation 0.0389331
End step 22
Begin step 23
Stress -7.63554e-13 118.401 7.93902e-14 118.401 1.12423e-12 -1.17513e-12 7.93902e-14 -1.17513e-12 1.08298e-13
Strain 0 0.00766667 0 0.00766667 0 0 0 0 0
Strain mean 7.20385e-19 0.00766667 3.96951e-19 0.00766667 4.72455e-34 -5.87563e-18 3.96951e-19 -5.87563e-18 -7.90685e-34
Plastic strain_mean 5.07965e-18 0.00707466 0 0.00707466 -5.07965e-18 0 0 0 0
Plastic strain_rate_mean 0 0 0 0 0 0 0 0 0
Dissipation 0.0390009
End step 23
Begin step 24
Stress -1.04583e-12 118.636 -5.50943e-14 118.636 7.24074e-13 -1.07529e-12 -5.50943e-14 -1.07529e-12 -9.66121e-14
Strain 0 0.008 0 0.008 0 0 0 0 0
Strain mean -6.42653e-19 0.008 -2.75472e-19 0.008 -5.95835e-34 -5.37645e-18 -2.75472e-19 -5.37645e-18 -6.97397e-34
Plastic strain_mean 4.10343e-18 0.00740682 0 0.00740682 -4.10343e-18 0 0 0 0
Plastic strain_rate_mean 0 0 0 0 0 0 0 0 0
Dissipation 0.0390687
End step 24
Begin step 25
Stress -2.56868e-12 118.872 -2.97685e-12 118.872 2.93744e-12 -1.54491e-12 -2.97685e-12 -1.54491e-12 1.10726e-13
Strain 0 0.00833333 0 0.00833333 0 0 0 0 0
Strain mean 7.36535e-19 0.00833333 -1.48843e-17 0.00833333 -8.42594e-34 -7.72454e-18 -1.48843e-17 -7.72454e-18 9.39643e-33
Plastic strain_mean 1.41336e-17 0.00773897 0 0.00773897 -1.41336e-17 0 0 0 0
Plastic strain_rate_mean 0 0 0 0 0 0 0 0 0
Dissipation 0.0391364
End step 25
Begin step 26
Stress -3.31452e-12 119.107 -2.6993e-12 119.107 2.42406e-12 -1.52646e-12 -2.6993e-12 -1.52646e-12 -2.67373e-13
Strain 0 0.00866667 0 0.00866667 0 0 0 0 0
Strain mean -1.77854e-18 0.00866667 -1.34965e-17 0.00866667 3.25001e-34 -7.6323e-18 -1.34965e-17 -7.6323e-18 7.29145e-33
Plastic strain_mean 1.34572e-17 0.00807113 0 0.00807113 -1.34572e-17 0 0 0 0
Plastic strain_rate_mean 0 0 0 0 0 0 0 0 0
Dissipation 0.0392041
End step 26
Begin step 27
Stress -1.50837e-12 119.341 -2.00766e-12 119.341 2.90318e-12 -1.45251e-12 -2.00766e-12 -1.45251e-12 4.18816e-13
Strain 0 0.009 0 0.009 0 0 0 0 0
Strain mean 2.78591e-18 0.009 -1.00383e-17 0.009 -3.74353e-33 -7.26257e-18 -1.00383e-17 -7.26257e-18 5.83196e-33
Plastic strain_mean 1.24218e-17 0.00840329 0 0.00840329 -1.24218e-17 0 0 0 0
Plastic strain_rate_mean 0 0 0 0 0 0 0 0 0
Dissipation 0.0392717
End step 27
Begin step 28
Stress -2.39985e-12 119.576 -1.13536e-12 119.576 2.10084e-12 -1.44898e-12 -1.13536e-12 -1.44898e-12 -8.97824e-14
Strain 0 0.00933333 0 0.00933333 0 0 0 0 0
Strain mean -5.97222e-19 0.00933333 -5.6768e-18 0.00933333 1.08334e-33 -7.2449e-18 -5.6768e-18 -7.2449e-18 6.11182e-33
Plastic strain_mean 1.09531e-17 0.00873545 0 0.00873545 -1.09531e-17 0 0 0 0
Plastic strain_rate_mean 0 0 0 0 0 0 0 0 0
Dissipation 0.0393393
End step 28
Begin step 29
Stress -2.03848e-12 119.81 -1.55519e-12 119.81 2.10491e-12 -1.35956e-12 -1.55519e-12 -1.35956e-12 1.99478e-14
Strain 0 0.00966667 0 0.00966667 0 0 0 0 0
Strain mean 1.3269e-19 0.00966667 -7.77595e-18 0.00966667 1.17963e-33 -6.79779e-18 -7.77595e-18 -6.79779e-18 4.37999e-33
Plastic strain_mean 1.04248e-17 0.00906762 0 0.00906762 -1.04248e-17 0 0 0 0
Plastic strain_rate_mean 0 0 0 0 0 0 0 0 0
Dissipation 0.0394069
End step 29
Begin step 30
Stress -1.24563e-12 120.044 -1.51737e-12 120.044 1.98897e-12 -1.31553e-12 -1.51737e-12 -1.31553e-12 2.23198e-13
Strain 0 0.01 0 0.01 0 0 0 0 0
Strain mean 1.48469e-18 0.01 -7.58685e-18 0.01 3.17177e-33 -6.57766e-18 -7.58685e-18 -6.57766e-18 3.8812e-33
Plastic strain_mean 8.82883e-18 0.00939978 0 0.00939978 -8.82883e-18 0 0 0 0
Plastic strain_rate_mean 0 0 0 0 0 0 0 0 0
Dissipation 0.0394744
End step 30
