Begin step 0
Stress 0 0 0 0 0 0 0 0 0
Strain 0 0 0 0 0 0 0 0 0
Strain mean 0 0 0 0 0 0 0 0 0
Plastic strain_mean 0 0 0 0 0 0 0 0 0
Plastic strain_rate_mean 0 0 0 0 0 0 0 0 0
Dissipation 0
End step 0
Begin step 1
Stress -2.6926e-15 6.6241 2.31765e-12 6.6241 1.07277e-14 -2.13042e-12 2.31765e-12 -2.13042e-12 2.41268e-15
Strain 0 3.33333e-05 0 3.33333e-05 0 0 0 0 0
Strain mean 1.60489e-20 3.33333e-05 1.15882e-17 3.33333e-05 2.1426e-33 -1.06521e-17 1.15882e-17 -1.06521e-17 -2.24472e-34
Plastic strain_mean 4.15753e-20 2.12833e-07 0 2.12833e-07 -4.15753e-20 0 0 0 0
Plastic strain_rate_mean 0 0 0 0 0 0 0 0 0
Dissipation 1.40981e-06
End step 1
Begin step 2
Stress 5.89712e-14 13.2059 -1.48269e-13 13.2059 -6.08218e-14 3.21097e-12 -1.48269e-13 3.21097e-12 -5.55681e-16
Strain 0 6.66667e-05 0 6.66667e-05 0 0 0 0 0
Strain mean -3.69633e-21 6.66667e-05 -7.41346e-19 6.66667e-05 -1.28074e-32 1.60549e-17 -7.41346e-19 1.60549e-17 3.17233e-33
Plastic strain_mean -3.01331e-19 6.37137e-07 0 6.37137e-07 3.01331e-19 0 0 0 0
Plastic strain_rate_mean 0 0 0 0 0 0 0 0 0
Dissipation 5.60323e-06
End step 2
Begin step 3
Stress 1.31786e-13 19.7457 -1.46674e-13 19.7457 -1.25158e-13 3.18928e-12 -1.46674e-13 3.18928e-12 1.99019e-15
Strain 0 0.0001 0 0.0001 0 0 0 0 0
Strain mean 1.32385e-20 0.0001 -7.33368e-19 0.0001 -2.65778e-32 1.59464e-17 -7.33368e-19 1.59464e-17 4.29497e-33
Plastic strain_mean -6.35743e-19 1.27156e-06 0 1.27156e-06 6.35743e-19 0 0 0 0
Plastic strain_rate_mean 0 0 0 0 0 0 0 0 0
Dissipation 1.25268e-05
End step 3
Begin step 4
Stress 1.97094e-13 26.2437 -1.23654e-13 26.2437 -1.90208e-13 3.16814e-12 -1.23654e-13 3.16814e-12 2.0677e-15
Strain 0 0.000133333 0 0.000133333 0 0 0 0 0
Strain mean 1.37541e-20 0.000133333 -6.18272e-19 0.000133333 1.34334e-32 1.58407e-17 -6.18272e-19 1.58407e-17 3.25847e-33
Plastic strain_mean -9.61378e-19 2.11475e-06 0 2.11475e-06 9.61378e-19 0 0 0 0
Plastic strain_rate_mean 0 0 0 0 0 0 0 0 0
Dissipation 2.21278e-05
End step 4
Begin step 5
Stress 2.66759e-13 32.7003 -1.16329e-13 32.7003 -2.50892e-13 3.14658e-12 -1.16329e-13 3.14658e-12 4.76423e-15
Strain 0 0.000166667 0 0.000166667 0 0 0 0 0
Strain mean 3.16911e-20 0.000166667 -5.81645e-19 0.000166667 -1.86815e-32 1.57329e-17 -5.81645e-19 1.57329e-17 3.41345e-33
Plastic strain_mean -1.27828e-18 3.16537e-06 0 3.16537e-06 1.27828e-18 0 0 0 0
Plastic strain_rate_mean 0 0 0 0 0 0 0 0 0
Dissipation 3.43545e-05
End step 5
Begin step 6
Stress 3.07067e-13 39.1156 -9.99771e-14 39.1156 -3.21886e-13 3.12565e-12 -9.99771e-14 3.12565e-12 -4.44982e-15
Strain 0 0.0002 0 0.0002 0 0 0 0 0
Strain mean -2.95997e-20 0.0002 -4.99885e-19 0.0002 -1.38185e-32 1.56283e-17 -4.99885e-19 1.56283e-17 3.87104e-33
Plastic strain_mean -1.58718e-18 4.4221e-06 0 4.4221e-06 1.58718e-18 0 0 0 0
Plastic strain_rate_mean 0 0 0 0 0 0 0 0 0
Dissipation 4.91556e-05
End step 6
Begin step 7
Stress 3.20276e-13 45.4898 -1.91187e-12 45.4898 -3.23578e-13 1.31665e-12 -1.91187e-12 1.31665e-12 -9.91274e-16
Strain 0 0.000233333 0 0.000233333 0 0 0 0 0
Strain mean -6.59384e-21 0.000233333 -9.55937e-18 0.000233333 2.44352e-33 6.58326e-18 -9.55937e-18 6.58326e-18 3.9963e-33
Plastic strain_mean -1.61293e-18 5.88455e-06 0 5.88455e-06 1.61293e-18 0 0 0 0
Plastic strain_rate_mean 0 0 0 0 0 0 0 0 0
Dissipation 6.65237e-05
End step 7
Begin step 8
Stress 4.46406e-13 51.8212 1.49923e-12 51.8212 -4.39236e-13 -2.61085e-12 1.49923e-12 -2.61085e-12 2.15286e-15
Strain 0 0.000266667 0 0.000266667 0 0 0 0 0
Strain mean 1.43206e-20 0.000266667 7.49615e-18 0.000266667 1.014e-31 -1.30543e-17 7.49615e-18 -1.30543e-17 -1.24584e-33
Plastic strain_mean -2.20694e-18 7.56055e-06 0 7.56055e-06 2.20694e-18 0 0 0 0
Plastic strain_rate_mean 0 0 0 0 0 0 0 0 0
Dissipation 8.68476e-05
End step 8
Begin step 9
Stress 5.18329e-13 58.1011 7.76453e-13 58.1011 -5.22154e-13 -2.88163e-12 7.76453e-13 -2.88163e-12 -1.14848e-15
Strain 0 0.0003 0 0.0003 0 0 0 0 0
Strain mean -7.63956e-21 0.0003 3.88227e-18 0.0003 -4.44168e-33 -1.44081e-17 3.88227e-18 -1.44081e-17 -2.16065e-33
Plastic strain_mean -2.60503e-18 9.49465e-06 0 9.49465e-06 2.60503e-18 0 0 0 0
Plastic strain_rate_mean 0 0 0 0 0 0 0 0 0
Dissipation 0.000112366
End step 9
Begin step 10
Stress 3.59106e-13 64.314 -1.47381e-12 64.314 -3.7586e-13 2.26231e-12 -1.47381e-12 2.26231e-12 -5.03061e-15
Strain 0 0.000333333 0 0.000333333 0 0 0 0 0
Strain mean -3.3463e-20 0.000333333 -7.36905e-18 0.000333333 -5.76816e-32 1.13116e-17 -7.36905e-18 1.13116e-17 2.88889e-34
Plastic strain_mean -1.85414e-18 1.17635e-05 0 1.17635e-05 1.85414e-18 0 0 0 0
Plastic strain_rate_mean 0 0 0 0 0 0 0 0 0
Dissipation 0.000145906
End step 10
Begin step 11
Stress 4.47775e-15 70.437 8.20041e-13 70.437 1.74826e-14 -5.57784e-12 8.20041e-13 -5.57784e-12 6.59394e-15
Strain 0 0.000366667 0 0.000366667 0 0 0 0 0
Strain mean 4.38621e-20 0.000366667 4.10021e-18 0.000366667 -5.77779e-32 -2.78892e-17 4.10021e-18 -2.78892e-17 3.78867e-33
Plastic strain_mean 5.44431e-20 1.44819e-05 0 1.44819e-05 -5.44431e-20 0 0 0 0
Plastic strain_rate_mean 0 0 0 0 0 0 0 0 0
Dissipation 0.000191459
End step 11
Begin step 12
Stress -1.82432e-13 76.4324 -3.73178e-12 76.4324 1.85784e-13 2.46654e-12 -3.73178e-12 2.46654e-12 1.00656e-15
Strain 0 0.0004 0 0.0004 0 0 0 0 0
Strain mean 6.69551e-21 0.0004 -1.86589e-17 0.0004 6.62038e-33 1.23327e-17 -1.86589e-17 1.23327e-17 -4.75464e-34
Plastic strain_mean 9.23886e-19 1.78381e-05 0 1.78381e-05 -9.23886e-19 0 0 0 0
Plastic strain_rate_mean 0 0 0 0 0 0 0 0 0
Dissipation 0.000256499
End step 12
Begin step 13
Stress -8.74176e-14 82.2367 1.22961e-12 82.2367 6.01344e-14 -8.38445e-13 1.22961e-12 -8.38445e-13 -8.19221e-15
Strain 0 0.000433333 0 0.000433333 0 0 0 0 0
Strain mean -5.44936e-20 0.000433333 6.14806e-18 0.000433333 -1.23357e-32 -4.19223e-18 6.14806e-18 -4.19223e-18 8.33002e-34
Plastic strain_mean 3.41633e-19 2.21498e-05 0 2.21498e-05 -3.41633e-19 0 0 0 0
Plastic strain_rate_mean 0 0 0 0 0 0 0 0 0
Dissipation 0.000354539
End step 13
Begin step 14
Stress -1.90388e-13 87.7359 -2.74922e-12 87.7359 2.15053e-13 8.50464e-13 -2.74922e-12 8.50464e-13 7.40617e-15
Strain 0 0.000466667 0 0.000466667 0 0 0 0 0
Strain mean 4.9265e-20 0.000466667 -1.37461e-17 0.000466667 -2.09926e-32 4.25232e-18 -1.37461e-17 4.25232e-18 -3.15973e-33
Plastic strain_mean 1.03823e-18 2.79873e-05 0 2.79873e-05 -1.03823e-18 0 0 0 0
Plastic strain_rate_mean 0 0 0 0 0 0 0 0 0
Dissipation 0.000512076
End step 14
Begin step 15
Stress -1.1115e-12 92.7174 2.59631e-12 92.7174 1.11214e-12 7.29835e-13 2.59631e-12 7.29835e-13 1.92141e-16
Strain 0 0.0005 0 0.0005 0 0 0 0 0
Strain mean 1.2781e-21 0.0005 1.29816e-17 0.0005 -2.34145e-31 3.64917e-18 1.29816e-17 3.64917e-18 1.29398e-34
Plastic strain_mean 5.55973e-18 3.64132e-05 0 3.64132e-05 -5.55973e-18 0 0 0 0
Plastic strain_rate_mean 0 0 0 0 0 0 0 0 0
Dissipation 0.00078107
End step 15
Begin step 16
Stress -3.20421e-13 96.8097 5.89592e-13 96.8097 3.8527e-13 -3.06574e-12 5.89592e-13 -3.06574e-12 1.94718e-14
Strain 0 0.000533333 0 0.000533333 0 0 0 0 0
Strain mean 1.29524e-19 0.000533333 2.94796e-18 0.000533333 3.19897e-31 -1.53287e-17 2.94796e-18 -1.53287e-17 1.02014e-33
Plastic strain_mean 1.82899e-18 4.92847e-05 0 4.92847e-05 -1.82899e-18 0 0 0 0
Plastic strain_rate_mean 0 0 0 0 0 0 0 0 0
Dissipation 0.00124577
End step 16
Begin step 17
Stress 2.24393e-13 99.5748 -1.42602e-12 99.5748 -2.53131e-13 1.30741e-12 -1.42602e-12 1.30741e-12 -8.62889e-15
Strain 0 0.000566667 0 0.000566667 0 0 0 0 0
Strain mean -5.73984e-20 0.000566667 -7.13009e-18 0.000566667 1.01352e-32 6.53705e-18 -7.13009e-18 6.53705e-18 -6.80094e-34
Plastic strain_mean -1.22251e-18 6.87928e-05 0 6.87928e-05 1.22251e-18 0 0 0 0
Plastic strain_rate_mean 0 0 0 0 0 0 0 0 0
Dissipation 0.00194185
End step 17
Begin step 18
Stress 1.55048e-13 101.006 -8.34969e-13 101.006 -1.07317e-13 -1.42747e-12 -8.34969e-13 -1.42747e-12 1.4332e-14
Strain 0 0.0006 0 0.0006 0 0 0 0 0
Strain mean 9.53348e-20 0.0006 -4.17484e-18 0.0006 5.9102e-33 -7.13733e-18 -4.17484e-18 -7.13733e-18 -6.7558e-34
Plastic strain_mean -6.08244e-19 9.49713e-05 0 9.49713e-05 6.08244e-19 0 0 0 0
Plastic strain_rate_mean 0 0 0 0 0 0 0 0 0
Dissipation 0.00264301
End step 18
Begin step 19
Stress -3.33999e-12 101.607 -5.34436e-13 101.607 3.31406e-12 2.20133e-12 -5.34436e-13 2.20133e-12 -7.78609e-15
Strain 0 0.000633333 0 0.000633333 0 0 0 0 0
Strain mean -5.17922e-20 0.000633333 -2.67218e-18 0.000633333 -8.66668e-33 1.10067e-17 -2.67218e-18 1.10067e-17 4.07755e-34
Plastic strain_mean 1.66092e-17 0.000125297 0 0.000125297 -1.66092e-17 0 0 0 0
Plastic strain_rate_mean 0 0 0 0 0 0 0 0 0
Dissipation 0.00307962
End step 19
Begin step 20
Stress -2.12934e-12 101.843 -2.16735e-12 101.843 2.17058e-12 2.57043e-12 -2.16735e-12 2.57043e-12 1.23844e-14
Strain 0 0.000666667 0 0.000666667 0 0 0 0 0
Strain mean 8.23795e-20 0.000666667 -1.08367e-17 0.000666667 7.46298e-33 1.28522e-17 -1.08367e-17 1.28522e-17 -1.5588e-33
Plastic strain_mean 1.0791e-17 0.000157453 0 0.000157453 -1.0791e-17 0 0 0 0
Plastic strain_rate_mean 0 0 0 0 0 0 0 0 0
Dissipation 0.00327277
End step 20
Begin step 21
Stress 1.57896e-12 101.941 -1.53432e-12 101.941 -1.52678e-12 6.75397e-12 -1.53432e-12 6.75397e-12 1.56682e-14
Strain 0 0.0007 0 0.0007 0 0 0 0 0
Strain mean 1.04223e-19 0.0007 -7.6716e-18 0.0007 1.27111e-32 3.37698e-17 -7.6716e-18 3.37698e-17 4.57408e-34
Plastic strain_mean -7.71225e-18 0.000190293 0 0.000190293 7.71225e-18 0 0 0 0
Plastic strain_rate_mean 0 0 0 0 0 0 0 0 0
Dissipation 0.00334535
End step 21
Begin step 22
Stress 5.42738e-13 101.992 1.79886e-13 101.992 -5.17287e-13 2.73967e-12 1.79886e-13 2.73967e-12 7.64198e-15
Strain 0 0.000733333 0 0.000733333 0 0 0 0 0
Strain mean 5.08336e-20 0.000733333 8.99431e-19 0.000733333 -4.69445e-33 1.36984e-17 8.99431e-19 1.36984e-17 1.76042e-33
Plastic strain_mean -2.62465e-18 0.000223374 0 0.000223374 2.62465e-18 0 0 0 0
Plastic strain_rate_mean 0 0 0 0 0 0 0 0 0
Dissipation 0.00337124
End step 22
Begin step 23
Stress -7.49149e-14 102.026 2.31219e-13 102.026 6.89376e-14 -3.83797e-12 2.31219e-13 -3.83797e-12 -1.79477e-15
Strain 0 0.000766667 0 0.000766667 0 0 0 0 0
Strain mean -1.19386e-20 0.000766667 1.1561e-18 0.000766667 9.70789e-33 -1.91899e-17 1.1561e-18 -1.91899e-17 -2.57744e-33
Plastic strain_mean 3.53662e-19 0.000256538 0 0.000256538 -3.53662e-19 0 0 0 0
Plastic strain_rate_mean 0 0 0 0 0 0 0 0 0
Dissipation 0.00338062
End step 23
Begin step 24
Stress 2.31866e-13 102.054 1.57029e-12 102.054 -2.69053e-13 3.10474e-12 1.57029e-12 3.10474e-12 -1.1166e-14
Strain 0 0.0008 0 0.0008 0 0 0 0 0
Strain mean -7.42751e-20 0.0008 7.85147e-18 0.0008 7.10187e-34 1.55237e-17 7.85147e-18 1.55237e-17 8.93752e-34
Plastic strain_mean -1.28943e-18 0.000289732 0 0.000289732 1.28943e-18 0 0 0 0
Plastic strain_rate_mean 0 0 0 0 0 0 0 0 0
Dissipation 0.00338433
End step 24
Begin step 25
Stress 1.91733e-13 102.079 1.57709e-12 102.079 -2.95761e-13 2.77901e-12 1.57709e-12 2.77901e-12 -3.12361e-14
Strain 0 0.000833333 0 0.000833333 0 0 0 0 0
Strain mean -2.07779e-19 0.000833333 7.88545e-18 0.000833333 7.82409e-35 1.3895e-17 7.88545e-18 1.3895e-17 1.62199e-33
Plastic strain_mean -1.32262e-18 0.000322938 0 0.000322938 1.32262e-18 0 0 0 0
Plastic strain_rate_mean 0 0 0 0 0 0 0 0 0
Dissipation 0.0033861
End step 25
Begin step 26
Stress 1.99016e-13 102.104 1.4852e-12 102.104 -2.28131e-13 2.46562e-12 1.4852e-12 2.46562e-12 -8.74243e-15
Strain 0 0.000866667 0 0.000866667 0 0 0 0 0
Strain mean -5.81536e-20 0.000866667 7.42598e-18 0.000866667 -8.06483e-34 1.23281e-17 7.42598e-18 1.23281e-17 1.48357e-33
Plastic strain_mean -1.09694e-18 0.000356149 0 0.000356149 1.09694e-18 0 0 0 0
Plastic strain_rate_mean 0 0 0 0 0 0 0 0 0
Dissipation 0.00338719
End step 26
Begin step 27
Stress 2.67391e-13 102.128 1.39155e-12 102.128 -1.41636e-13 2.19434e-12 1.39155e-12 2.19434e-12 3.77601e-14
Strain 0 0.0009 0 0.0009 0 0 0 0 0
Strain mean 2.51176e-19 0.0009 6.95776e-18 0.0009 3.61112e-34 1.09717e-17 6.95776e-18 1.09717e-17 1.63704e-33
Plastic strain_mean -8.9698e-19 0.000389362 0 0.000389362 8.9698e-19 0 0 0 0
Plastic strain_rate_mean 0 0 0 0 0 0 0 0 0
Dissipation 0.00338804
End step 27
Begin step 28
Stress 2.20573e-13 102.151 1.19881e-12 102.151 -1.2133e-13 1.95648e-12 1.19881e-12 1.95648e-12 2.97994e-14
Strain 0 0.000933333 0 0.000933333 0 0 0 0 0
Strain mean 1.98222e-19 0.000933333 5.99406e-18 0.000933333 6.01853e-35 9.78241e-18 5.99406e-18 9.78241e-18 1.85521e-33
Plastic strain_mean -7.55648e-19 0.000422577 0 0.000422577 7.55648e-19 0 0 0 0
Plastic strain_rate_mean 0 0 0 0 0 0 0 0 0
Dissipation 0.00338879
End step 28
Begin step 29
Stress 1.80039e-12 102.175 2.34735e-12 102.175 -1.80865e-12 4.46662e-12 2.34735e-12 4.46662e-12 -2.48037e-15
Strain 0 0.000966667 0 0.000966667 0 0 0 0 0
Strain mean -1.64991e-20 0.000966667 1.17367e-17 0.000966667 -3.37038e-34 2.23331e-17 1.17367e-17 2.23331e-17 -1.43843e-33
Plastic strain_mean -9.03084e-18 0.000455794 0 0.000455794 9.03084e-18 0 0 0 0
Plastic strain_rate_mean 0 0 0 0 0 0 0 0 0
Dissipation 0.0033895
End step 29
Begin step 30
Stress 5.33347e-13 102.198 1.07542e-12 102.198 -3.86111e-13 1.60288e-12 1.07542e-12 1.60288e-12 4.421e-14
Strain 0 0.001 0 0.001 0 0 0 0 0
Strain mean 2.9408e-19 0.001 5.37712e-18 0.001 -2.04028e-33 8.01438e-18 5.37712e-18 8.01438e-18 1.30301e-33
Plastic strain_mean -2.1516e-18 0.000489011 0 0.000489011 2.1516e-18 0 0 0 0
Plastic strain_rate_mean 0 0 0 0 0 0 0 0 0
Dissipation 0.00339018
End step 30
