Begin step 0
Stress 0 0 0 0 0 0 0 0 0
Strain 0 0 0 0 0 0 0 0 0
Strain mean 0 0 0 0 0 0 0 0 0
Plastic strain_mean 0 0 0 0 0 0 0 0 0
Plastic strain_rate_mean 0 0 0 0 0 0 0 0 0
Dissipation 0
End step 0
Begin step 1
Stress 158.308 -4.18827e-11 7.8344e-12 -4.18827e-11 -2.93624e-13 -4.33776e-12 7.8344e-12 -4.33776e-12 2.67357e-13
Strain 0.00133333 0 0 0 0 0 0 0 0
Strain mean 0.00133333 5.54753e-15 3.7186e-17 5.54753e-15 -0.000517679 5.72607e-15 3.7186e-17 5.72607e-15 -0.000517679
Plastic strain_mean 2.87155e-05 5.74285e-15 6.49035e-19 5.74285e-15 -1.43578e-05 5.7463e-15 6.49035e-19 5.7463e-15 -1.43578e-05
Plastic strain_rate_mean 0 0 0 0 0 0 0 0 0
Dissipation 0.000378824
End step 1
Begin step 2
Stress 313.207 -5.07788e-11 -1.39848e-11 -5.07788e-11 1.50771e-12 -2.10176e-11 -1.39848e-11 -2.10176e-11 -1.05641e-12
Strain 0.00266667 0 0 0 0 0 0 0 0
Strain mean 0.00266667 5.49975e-15 -6.57731e-17 5.49975e-15 -0.00103857 5.64467e-15 -6.57731e-17 5.64467e-15 -0.00103857
Plastic strain_mean 8.55191e-05 5.73656e-15 -5.5258e-19 5.73656e-15 -4.27595e-05 5.74269e-15 -5.5258e-19 5.74269e-15 -4.27595e-05
Plastic strain_rate_mean 0 0 0 0 0 0 0 0 0
Dissipation 0.0014826
End step 2
Begin step 3
Stress 464.773 -7.38252e-11 -1.94939e-11 -7.38252e-11 3.12482e-12 -1.89704e-11 -1.94939e-11 -1.89704e-11 -1.32637e-12
Strain 0.004 0 0 0 0 0 0 0 0
Strain mean 0.004 5.37817e-15 -9.31547e-17 5.37817e-15 -0.00156259 5.64525e-15 -9.31547e-17 5.64525e-15 -0.00156259
Plastic strain_mean 0.00016979 5.72246e-15 -2.24169e-18 5.72246e-15 -8.48952e-05 5.73372e-15 -2.24169e-18 5.73372e-15 -8.48952e-05
Plastic strain_rate_mean 0 0 0 0 0 0 0 0 0
Dissipation 0.00326392
End step 3
Begin step 4
Stress 613.075 -1.48246e-10 3.14855e-12 -1.48246e-10 1.89882e-11 1.82285e-14 3.14855e-12 1.82285e-14 -2.58974e-13
Strain 0.00533333 0 0 0 0 0 0 0 0
Strain mean 0.00533333 4.81291e-15 -2.34519e-18 4.81291e-15 -0.00208969 5.52948e-15 -2.34519e-18 5.52948e-15 -0.00208969
Plastic strain_mean 0.000280963 5.50428e-15 -1.7029e-17 5.50428e-15 -0.000140482 5.52939e-15 -1.7029e-17 5.52939e-15 -0.000140482
Plastic strain_rate_mean 0 0 0 0 0 0 0 0 0
Dissipation 0.00567977
End step 4
Begin step 5
Stress 757.027 -2.10896e-10 -1.66667e-11 -2.10896e-10 -1.38158e-12 -1.0842e-11 -1.66667e-11 -1.0842e-11 4.39517e-14
Strain 0.00666667 0 0 0 0 0 0 0 0
Strain mean 0.00666667 -2.73364e-14 -4.5616e-16 -2.73364e-14 -0.00262088 -2.63533e-14 -4.5616e-16 -2.63533e-14 -0.00262088
Plastic strain_mean 0.000427985 -2.63529e-14 -3.78432e-16 -2.63529e-14 -0.000213992 -2.63027e-14 -3.78432e-16 -2.63027e-14 -0.000213992
Plastic strain_rate_mean 0 0 0 0 0 0 0 0 0
Dissipation 0.00927492
End step 5
Begin step 6
Stress 893.208 -2.53484e-10 5.48172e-12 -2.53484e-10 -3.32233e-11 -1.98058e-12 5.48172e-12 -1.98058e-12 -3.03054e-13
Strain 0.008 0 0 0 0 0 0 0 0
Strain mean 0.008 -2.79098e-14 -3.73155e-16 -2.79098e-14 -0.00315938 -2.66326e-14 -3.73155e-16 -2.66326e-14 -0.00315938
Plastic strain_mean 0.000639047 -2.67277e-14 -3.9872e-16 -2.67277e-14 -0.000319523 -2.66233e-14 -3.9872e-16 -2.66233e-14 -0.000319523
Plastic strain_rate_mean 0 0 0 0 0 0 0 0 0
Dissipation 0.0157102
End step 6
Begin step 7
Stress 1013.59 -2.83123e-10 -5.72129e-12 -2.83123e-10 -3.13894e-12 -1.42071e-12 -5.72129e-12 -1.42071e-12 6.41733e-13
Strain 0.00933333 0 0 0 0 0 0 0 0
Strain mean 0.00933333 -5.61888e-14 -9.26209e-16 -5.61888e-14 -0.00371275 -5.4629e-14 -9.26209e-16 -5.4629e-14 -0.00371275
Plastic strain_mean 0.000980337 -5.48684e-14 -8.99527e-16 -5.48684e-14 -0.000490168 -5.46223e-14 -8.99527e-16 -5.46223e-14 -0.000490168
Plastic strain_rate_mean 0 0 0 0 0 0 0 0 0
Dissipation 0.0288272
End step 7
Begin step 8
Stress 1101.33 -3.05666e-10 8.16526e-12 -3.05666e-10 1.97882e-13 3.15266e-14 8.16526e-12 3.15266e-14 -9.6286e-14
Strain 0.0106667 0 0 0 0 0 0 0 0
Strain mean 0.0106667 -1.71344e-12 -5.96848e-15 -1.71344e-12 -0.00429685 -1.71117e-12 -5.96848e-15 -1.71117e-12 -0.00429685
Plastic strain_mean 0.0015906 -1.71201e-12 -6.00656e-15 -1.71201e-12 -0.000795299 -1.71117e-12 -6.00656e-15 -1.71117e-12 -0.000795299
Plastic strain_rate_mean 0 0 0 0 0 0 0 0 0
Dissipation 0.0560081
End step 8
Begin step 9
Stress 1145.27 -3.19629e-10 3.05236e-11 -3.19629e-10 2.14277e-11 3.02808e-11 3.05236e-11 3.02808e-11 1.671e-12
Strain 0.012 0 0 0 0 0 0 0 0
Strain mean 0.012 -2.09395e-12 -6.2389e-15 -2.09395e-12 -0.00492216 -2.09012e-12 -6.2389e-15 -2.09012e-12 -0.00492216
Plastic strain_mean 0.00256181 -2.09246e-12 -6.38125e-15 -2.09246e-12 -0.00128091 -2.09026e-12 -6.38125e-15 -2.09026e-12 -0.00128091
Plastic strain_rate_mean 0 0 0 0 0 0 0 0 0
Dissipation 0.0926918
End step 9
Begin step 10
Stress 1162.17 -3.23207e-10 -3.82973e-12 -3.23207e-10 9.93869e-13 6.1906e-13 -3.82973e-12 6.1906e-13 2.62575e-13
Strain 0.0133333 0 0 0 0 0 0 0 0
Strain mean 0.0133333 -1.02844e-11 -1.33376e-14 -1.02844e-11 -0.00557292 -1.02788e-11 -1.33376e-14 -1.02788e-11 -0.00557292
Plastic strain_mean 0.00375586 -1.02829e-11 -1.33198e-14 -1.02829e-11 -0.00187793 -1.02788e-11 -1.33198e-14 -1.02788e-11 -0.00187793
Plastic strain_rate_mean 0 0 0 0 0 0 0 0 0
Dissipation 0.11564
End step 10
Begin step 11
Stress 1169.8 -3.25675e-10 -5.69855e-12 -3.25675e-10 2.24445e-12 2.84162e-12 -5.69855e-12 2.84162e-12 3.40332e-13
Strain 0.0146667 0 0 0 0 0 0 0 0
Strain mean 0.0146667 -1.30951e-11 -1.54705e-14 -1.30951e-11 -0.0062324 -1.30874e-11 -1.54705e-14 -1.30874e-11 -0.0062324
Plastic strain_mean 0.00502627 -1.30936e-11 -1.5444e-14 -1.30936e-11 -0.00251313 -1.30875e-11 -1.5444e-14 -1.30875e-11 -0.00251313
Plastic strain_rate_mean 0 0 0 0 0 0 0 0 0
Dissipation 0.123844
End step 11
Begin step 12
Stress 1174.95 -3.26744e-10 -1.99487e-12 -3.26744e-10 2.09741e-12 2.76084e-12 -1.99487e-12 2.76084e-12 -1.56541e-14
Strain 0.016 0 0 0 0 0 0 0 0
Strain mean 0.016 -1.38574e-11 -1.60308e-14 -1.38574e-11 -0.00689422 -1.38477e-11 -1.60308e-14 -1.38477e-11 -0.00689422
Plastic strain_mean 0.00631717 -1.38559e-11 -1.60215e-14 -1.38559e-11 -0.00315858 -1.38477e-11 -1.60215e-14 -1.38477e-11 -0.00315858
Plastic strain_rate_mean 0 0 0 0 0 0 0 0 0
Dissipation 0.126396
End step 12
Begin step 13
Stress 1179.48 -3.28256e-10 -6.0038e-12 -3.28256e-10 2.11559e-12 2.73038e-12 -6.0038e-12 2.73038e-12 2.63164e-13
Strain 0.0173333 0 0 0 0 0 0 0 0
Strain mean 0.0173333 -1.67747e-11 -1.8228e-14 -1.67747e-11 -0.00755663 -1.67629e-11 -1.8228e-14 -1.67629e-11 -0.00755663
Plastic strain_mean 0.00761319 -1.67732e-11 -1.82e-14 -1.67732e-11 -0.0038066 -1.67629e-11 -1.82e-14 -1.67629e-11 -0.0038066
Plastic strain_rate_mean 0 0 0 0 0 0 0 0 0
Dissipation 0.127386
End step 13
Begin step 14
Stress 1183.85 -3.28957e-10 -1.97192e-12 -3.28957e-10 2.76117e-12 2.8929e-12 -1.97192e-12 2.8929e-12 4.70336e-13
Strain 0.0186667 0 0 0 0 0 0 0 0
Strain mean 0.0186667 -1.74371e-11 -1.87329e-14 -1.74371e-11 -0.00821918 -1.74233e-11 -1.87329e-14 -1.74233e-11 -0.00821918
Plastic strain_mean 0.00891048 -1.74356e-11 -1.87237e-14 -1.74356e-11 -0.00445524 -1.74233e-11 -1.87237e-14 -1.74233e-11 -0.00445524
Plastic strain_rate_mean 0 0 0 0 0 0 0 0 0
Dissipation 0.127983
End step 14
Begin step 15
Stress 1188.19 -3.30789e-10 -3.13256e-12 -3.30789e-10 1.64027e-12 3.20524e-12 -3.13256e-12 3.20524e-12 1.49054e-13
Strain 0.02 0 0 0 0 0 0 0 0
Strain mean 0.02 -2.00207e-11 -2.04691e-14 -2.00207e-11 -0.00888176 -2.00047e-11 -2.04691e-14 -2.00047e-11 -0.00888176
Plastic strain_mean 0.0102081 -2.00191e-11 -2.04545e-14 -2.00191e-11 -0.00510404 -2.00047e-11 -2.04545e-14 -2.00047e-11 -0.00510404
Plastic strain_rate_mean 0 0 0 0 0 0 0 0 0
Dissipation 0.128483
End step 15
