Begin step 0
Stress 0 0 0 0 0 0 0 0 0
Strain 0 0 0 0 0 0 0 0 0
Strain mean 0 0 0 0 0 0 0 0 0
Plastic strain_mean 0 0 0 0 0 0 0 0 0
Plastic strain_rate_mean 0 0 0 0 0 0 0 0 0
Dissipation 0
End step 0
Begin step 1
Stress -4.71338e-16 6.66667 8.16118e-16 6.66667 -2.02196e-16 -9.75227e-17 8.16118e-16 -9.75227e-17 -2.0224e-16
Strain 0 3.33333e-05 0 3.33333e-05 0 0 0 0 0
Strain mean -1.34527e-21 3.33333e-05 4.08059e-21 3.33333e-05 -7.93459e-37 -4.87613e-22 4.08059e-21 -4.87613e-22 4.87095e-37
Plastic strain_mean 2.16915e-25 3.22822e-19 0 3.22822e-19 -2.16915e-25 0 0 0 0
Plastic strain_rate_mean 0 0 0 0 0 0 0 0 0
Dissipation 2.15215e-18
End step 1
Begin step 2
Stress 3.26911e-15 13.3333 2.37913e-16 13.3333 1.40291e-15 -1.54473e-17 2.37913e-16 -1.54473e-17 1.40285e-15
Strain 0 6.66667e-05 0 6.66667e-05 0 0 0 0 0
Strain mean 9.3316e-21 6.66667e-05 1.18957e-21 6.66667e-05 -1.29525e-36 -7.72365e-23 1.18957e-21 -7.72365e-23 1.8514e-37
Plastic strain_mean 3.08928e-25 1.87032e-15 0 1.87032e-15 -3.08928e-25 0 0 0 0
Plastic strain_rate_mean 0 0 0 0 0 0 0 0 0
Dissipation 2.49332e-14
End step 2
Begin step 3
Stress 4.95994e-15 20 4.79802e-15 20 2.13353e-15 -4.71393e-17 4.79802e-15 -4.71393e-17 2.12993e-15
Strain 0 0.0001 0 0.0001 0 0 0 0 0
Strain mean 1.4168e-20 0.0001 2.39901e-20 0.0001 -3.51473e-36 -2.35696e-22 2.39901e-20 -2.35696e-22 1.59932e-37
Plastic strain_mean 1.79843e-23 2.99024e-13 0 2.99024e-13 -1.79843e-23 0 0 0 0
Plastic strain_rate_mean 0 0 0 0 0 0 0 0 0
Dissipation 5.94307e-12
End step 3
Begin step 4
Stress 7.60206e-15 26.6667 -1.04761e-14 26.6667 3.60352e-15 2.60978e-15 -1.04761e-14 2.60978e-15 3.36466e-15
Strain 0 0.000133333 0 0.000133333 0 0 0 0 0
Strain mean 2.23813e-20 0.000133333 -5.23807e-20 0.000133333 -2.30397e-36 1.30489e-20 -5.23807e-20 1.30489e-20 -5.57588e-36
Plastic strain_mean 1.1943e-21 1.11312e-11 0 1.11312e-11 -1.1943e-21 0 0 0 0
Plastic strain_rate_mean 0 0 0 0 0 0 0 0 0
Dissipation 2.88857e-10
End step 4
Begin step 5
Stress -4.00163e-15 33.3333 -1.82424e-12 33.3333 5.4034e-16 -8.09365e-13 -1.82424e-12 -8.09365e-13 -1.03931e-15
Strain 0 0.000166667 0 0.000166667 0 0 0 0 0
Strain mean -6.91337e-21 0.000166667 -9.1212e-18 0.000166667 -2.40741e-35 -4.04682e-18 -9.1212e-18 -4.04682e-18 8.87733e-34
Plastic strain_mean 7.89825e-21 1.87362e-10 0 1.87362e-10 -7.89825e-21 0 0 0 0
Plastic strain_rate_mean 0 0 0 0 0 0 0 0 0
Dissipation 5.87436e-09
End step 5
Begin step 6
Stress 1.41214e-14 39.9996 -7.56412e-12 39.9996 -3.17033e-15 -1.48651e-12 -7.56412e-12 -1.48651e-12 3.28824e-15
Strain 0 0.0002 0 0.0002 0 0 0 0 0
Strain mean 2.1873e-20 0.0002 -3.78206e-17 0.0002 3.61112e-34 -7.43256e-18 -3.78206e-17 -7.43256e-18 1.89114e-33
Plastic strain_mean -3.22928e-20 1.90845e-09 0 1.90845e-09 3.22928e-20 0 0 0 0
Plastic strain_rate_mean 0 0 0 0 0 0 0 0 0
Dissipation 6.88429e-08
End step 6
Begin step 7
Stress 5.62491e-14 46.6639 -2.87343e-12 46.6639 -5.60746e-14 -3.87999e-12 -2.87343e-12 -3.87999e-12 5.24022e-17
Strain 0 0.000233333 0 0.000233333 0 0 0 0 0
Strain mean 3.48573e-22 0.000233333 -1.43671e-17 0.000233333 4.99538e-34 -1.94e-17 -1.43671e-17 -1.94e-17 7.23127e-33
Plastic strain_mean -2.80635e-19 1.37217e-08 0 1.37217e-08 2.80635e-19 0 0 0 0
Plastic strain_rate_mean 0 0 0 0 0 0 0 0 0
Dissipation 5.51253e-07
End step 7
Begin step 8
Stress 1.70597e-13 53.3181 6.97165e-13 53.3181 -1.62133e-13 -5.30889e-12 6.97165e-13 -5.30889e-12 2.54151e-15
Strain 0 0.000266667 0 0.000266667 0 0 0 0 0
Strain mean 1.69058e-20 0.000266667 3.48583e-18 0.000266667 2.20278e-33 -2.65444e-17 3.48583e-18 -2.65444e-17 9.0278e-33
Plastic strain_mean -8.23374e-19 7.62436e-08 0 7.62436e-08 8.23374e-19 0 0 0 0
Plastic strain_rate_mean 0 0 0 0 0 0 0 0 0
Dissipation 3.33355e-06
End step 8
Begin step 9
Stress 3.15314e-13 59.9308 1.49348e-12 59.9308 -2.88584e-13 -5.20175e-12 1.49348e-12 -5.20175e-12 8.02627e-15
Strain 0 0.0003 0 0.0003 0 0 0 0 0
Strain mean 5.33898e-20 0.0003 7.46742e-18 0.0003 -2.82871e-32 -2.60087e-17 7.46742e-18 -2.60087e-17 8.73289e-33
Plastic strain_mean -1.48305e-18 3.45839e-07 0 3.45839e-07 1.48305e-18 0 0 0 0
Plastic strain_rate_mean 0 0 0 0 0 0 0 0 0
Dissipation 1.6157e-05
End step 9
Begin step 10
Stress 2.68796e-13 66.4032 2.89883e-12 66.4032 -2.77725e-13 -8.47514e-13 2.89883e-12 -8.47514e-13 -2.68124e-15
Strain 0 0.000333333 0 0.000333333 0 0 0 0 0
Strain mean -1.78353e-20 0.000333333 1.44942e-17 0.000333333 1.15556e-32 -4.23757e-18 1.44942e-17 -4.23757e-18 -6.29087e-33
Plastic strain_mean -1.37522e-18 1.31722e-06 0 1.31722e-06 1.37522e-18 0 0 0 0
Plastic strain_rate_mean 0 0 0 0 0 0 0 0 0
Dissipation 6.45022e-05
End step 10
Begin step 11
Stress 7.53015e-13 72.4888 -6.49903e-13 72.4888 -7.44463e-13 -3.43265e-12 -6.49903e-13 -3.43265e-12 2.56771e-15
Strain 0 0.000366667 0 0.000366667 0 0 0 0 0
Strain mean 1.70801e-20 0.000366667 -3.24951e-18 0.000366667 -3.41853e-33 -1.71633e-17 -3.24951e-18 -1.71633e-17 -2.7595e-33
Plastic strain_mean -3.73516e-18 4.22287e-06 0 4.22287e-06 3.73516e-18 0 0 0 0
Plastic strain_rate_mean 0 0 0 0 0 0 0 0 0
Dissipation 0.000210622
End step 11
Begin step 12
Stress 2.23638e-14 77.7593 -1.00911e-12 77.7593 -5.7733e-14 3.84232e-12 -1.00911e-12 3.84232e-12 -1.06202e-14
Strain 0 0.0004 0 0.0004 0 0 0 0 0
Strain mean -7.06442e-20 0.0004 -5.04554e-18 0.0004 1.68519e-33 1.92116e-17 -5.04554e-18 1.92116e-17 2.23288e-33
Plastic strain_mean -2.35564e-19 1.12034e-05 0 1.12034e-05 2.35564e-19 0 0 0 0
Plastic strain_rate_mean 0 0 0 0 0 0 0 0 0
Dissipation 0.000542766
End step 12
Begin step 13
Stress 2.46021e-12 81.8003 -2.55124e-12 81.8003 -2.46078e-12 -1.33325e-13 -2.55124e-12 -1.33325e-13 -1.70307e-16
Strain 0 0.000433333 0 0.000433333 0 0 0 0 0
Strain mean -1.13286e-21 0.000433333 -1.27562e-17 0.000433333 9.38891e-33 -6.66627e-19 -1.27562e-17 -6.66627e-19 -4.45672e-33
Plastic strain_mean -1.23031e-17 2.43321e-05 0 2.43321e-05 1.23031e-17 0 0 0 0
Plastic strain_rate_mean 0 0 0 0 0 0 0 0 0
Dissipation 0.0010738
End step 13
Begin step 14
Stress 2.58017e-13 84.5226 -6.47083e-13 84.5226 -2.63427e-13 2.536e-12 -6.47083e-13 2.536e-12 -1.62447e-15
Strain 0 0.000466667 0 0.000466667 0 0 0 0 0
Strain mean -1.08058e-20 0.000466667 -3.23542e-18 0.000466667 4.11668e-33 1.268e-17 -3.23542e-18 1.268e-17 -3.18982e-34
Plastic strain_mean -1.30901e-18 4.40535e-05 0 4.40535e-05 1.30901e-18 0 0 0 0
Plastic strain_rate_mean 0 0 0 0 0 0 0 0 0
Dissipation 0.00166656
End step 14
Begin step 15
Stress 2.16257e-13 86.1777 5.29043e-13 86.1777 -2.41679e-13 1.02321e-12 5.29043e-13 1.02321e-12 -7.63325e-15
Strain 0 0.0005 0 0.0005 0 0 0 0 0
Strain mean -5.07755e-20 0.0005 2.64522e-18 0.0005 1.80556e-33 5.11603e-18 2.64522e-18 5.11603e-18 3.95718e-34
Plastic strain_mean -1.17023e-18 6.91115e-05 0 6.91115e-05 1.17023e-18 0 0 0 0
Plastic strain_rate_mean 0 0 0 0 0 0 0 0 0
Dissipation 0.00215878
End step 15
Begin step 16
Stress -6.42521e-13 87.1209 -1.59052e-12 87.1209 5.62068e-13 1.36268e-12 -1.59052e-12 1.36268e-12 -2.41574e-14
Strain 0 0.000533333 0 0.000533333 0 0 0 0 0
Strain mean -1.60692e-19 0.000533333 -7.95262e-18 0.000533333 4.7727e-32 6.81339e-18 -7.95262e-18 6.81339e-18 -3.59908e-33
Plastic strain_mean 2.93113e-18 9.77286e-05 0 9.77286e-05 -2.93113e-18 0 0 0 0
Plastic strain_rate_mean 0 0 0 0 0 0 0 0 0
Dissipation 0.00249209
End step 16
Begin step 17
Stress -3.46865e-12 87.6423 4.57892e-14 87.6423 3.46475e-12 1.82616e-12 4.57892e-14 1.82616e-12 -1.17032e-15
Strain 0 0.000566667 0 0.000566667 0 0 0 0 0
Strain mean -7.7848e-21 0.000566667 2.28946e-19 0.000566667 5.97038e-33 9.13081e-18 2.28946e-19 9.13081e-18 -2.63913e-33
Plastic strain_mean 1.73296e-17 0.000128455 0 0.000128455 -1.73296e-17 0 0 0 0
Plastic strain_rate_mean 0 0 0 0 0 0 0 0 0
Dissipation 0.0026915
End step 17
Begin step 18
Stress 1.00804e-12 87.9297 7.38805e-13 87.9297 -1.06814e-12 5.24692e-12 7.38805e-13 5.24692e-12 -1.80438e-14
Strain 0 0.0006 0 0.0006 0 0 0 0 0
Strain mean -1.20025e-19 0.0006 3.69403e-18 0.0006 4.92767e-34 2.62346e-17 3.69403e-18 2.62346e-17 3.89098e-33
Plastic strain_mean -5.25046e-18 0.000160352 0 0.000160352 5.25046e-18 0 0 0 0
Plastic strain_rate_mean 0 0 0 0 0 0 0 0 0
Dissipation 0.00280284
End step 18
Begin step 19
Stress 1.03727e-12 88.0917 -7.28932e-13 88.0917 -1.07002e-12 2.09348e-12 -7.28932e-13 2.09348e-12 -9.83414e-15
Strain 0 0.000633333 0 0.000633333 0 0 0 0 0
Strain mean -6.54156e-20 0.000633333 -3.64466e-18 0.000633333 -5.80186e-33 1.04674e-17 -3.64466e-18 1.04674e-17 4.74561e-33
Plastic strain_mean -5.30092e-18 0.000192875 0 0.000192875 5.30092e-18 0 0 0 0
Plastic strain_rate_mean 0 0 0 0 0 0 0 0 0
Dissipation 0.00286284
End step 19
Begin step 20
Stress 3.77886e-12 88.1879 1.3711e-12 88.1879 -3.73209e-12 -5.60701e-13 1.3711e-12 -5.60701e-13 1.40438e-14
Strain 0 0.000666667 0 0.000666667 0 0 0 0 0
Strain mean 9.34176e-20 0.000666667 6.8555e-18 0.000666667 -9.75002e-34 -2.8035e-18 6.8555e-18 -2.8035e-18 -1.70926e-33
Plastic strain_mean -1.87307e-17 0.000225727 0 0.000225727 1.87307e-17 0 0 0 0
Plastic strain_rate_mean 0 0 0 0 0 0 0 0 0
Dissipation 0.0028947
End step 20
Begin step 21
Stress 2.30364e-12 88.2496 6.45198e-13 88.2496 -2.33336e-12 2.2319e-12 6.45198e-13 2.2319e-12 -8.92584e-15
Strain 0 0.0007 0 0.0007 0 0 0 0 0
Strain mean -5.93736e-20 0.0007 3.22599e-18 0.0007 2.50747e-33 1.11595e-17 3.22599e-18 1.11595e-17 -1.17361e-33
Plastic strain_mean -1.16222e-17 0.000258752 0 0.000258752 1.16222e-17 0 0 0 0
Plastic strain_rate_mean 0 0 0 0 0 0 0 0 0
Dissipation 0.00291159
End step 21
Begin step 22
Stress 9.74135e-13 88.2935 -5.24934e-13 88.2935 -9.73437e-13 7.91578e-13 -5.24934e-13 7.91578e-13 2.09609e-16
Strain 0 0.000733333 0 0.000733333 0 0 0 0 0
Strain mean 1.39429e-21 0.000733333 -2.62467e-18 0.000733333 5.29631e-34 3.95789e-18 -2.62467e-18 3.95789e-18 1.10139e-33
Plastic strain_mean -4.86823e-18 0.000291866 0 0.000291866 4.86823e-18 0 0 0 0
Plastic strain_rate_mean 0 0 0 0 0 0 0 0 0
Dissipation 0.00292065
End step 22
Begin step 23
Stress 5.48351e-14 88.3279 -1.66434e-13 88.3279 1.18021e-14 1.02392e-12 -1.66434e-13 1.02392e-12 2.00089e-14
Strain 0 0.000766667 0 0.000766667 0 0 0 0 0
Strain mean 1.33097e-19 0.000766667 -8.32169e-19 0.000766667 -5.92223e-32 5.11961e-18 -8.32169e-19 5.11961e-18 2.64815e-34
Plastic strain_mean -4.10339e-20 0.000325027 0 0.000325027 4.10339e-20 0 0 0 0
Plastic strain_rate_mean 0 0 0 0 0 0 0 0 0
Dissipation 0.00292566
End step 23
Begin step 24
Stress -4.58748e-13 88.3575 1.77602e-12 88.3575 4.20819e-13 5.99303e-13 1.77602e-12 5.99303e-13 -1.13887e-14
Strain 0 0.0008 0 0.0008 0 0 0 0 0
Strain mean -7.57566e-20 0.0008 8.88009e-18 0.0008 -1.59852e-32 2.99652e-18 8.88009e-18 2.99652e-18 -3.36737e-33
Plastic strain_mean 2.16104e-18 0.000358213 0 0.000358213 -2.16104e-18 0 0 0 0
Plastic strain_rate_mean 0 0 0 0 0 0 0 0 0
Dissipation 0.00292855
End step 24
Begin step 25
Stress -1.27304e-13 88.3843 6.2549e-13 88.3843 1.21167e-13 2.51143e-13 6.2549e-13 2.51143e-13 -1.84281e-15
Strain 0 0.000833333 0 0.000833333 0 0 0 0 0
Strain mean -1.22582e-20 0.000833333 3.12745e-18 0.000833333 -3.28612e-33 1.25572e-18 3.12745e-18 1.25572e-18 2.62784e-33
Plastic strain_mean 6.15049e-19 0.000391412 0 0.000391412 -6.15049e-19 0 0 0 0
Plastic strain_rate_mean 0 0 0 0 0 0 0 0 0
Dissipation 0.00293037
End step 25
Begin step 26
Stress 4.25842e-14 88.4097 8.31154e-13 88.4097 -4.77906e-14 5.55836e-13 8.31154e-13 5.55836e-13 -1.56333e-15
Strain 0 0.000866667 0 0.000866667 0 0 0 0 0
Strain mean -1.03991e-20 0.000866667 4.15577e-18 0.000866667 8.94956e-33 2.77918e-18 4.15577e-18 2.77918e-18 2.78282e-33
Plastic strain_mean -2.31137e-19 0.000424618 0 0.000424618 2.31137e-19 0 0 0 0
Plastic strain_rate_mean 0 0 0 0 0 0 0 0 0
Dissipation 0.00293161
End step 26
Begin step 27
Stress 1.40812e-14 88.4342 5.87495e-13 88.4342 4.44554e-14 5.43048e-13 5.87495e-13 5.43048e-13 1.75766e-14
Strain 0 0.0009 0 0.0009 0 0 0 0 0
Strain mean 1.16917e-19 0.0009 2.93748e-18 0.0009 9.56946e-34 2.71524e-18 2.93748e-18 2.71524e-18 2.21482e-33
Plastic strain_mean 1.34394e-19 0.000457829 0 0.000457829 -1.34394e-19 0 0 0 0
Plastic strain_rate_mean 0 0 0 0 0 0 0 0 0
Dissipation 0.00293257
End step 27
Begin step 28
Stress 9.61832e-14 88.4582 8.07591e-13 88.4582 -1.63606e-13 6.51376e-13 8.07591e-13 6.51376e-13 -2.02447e-14
Strain 0 0.000933333 0 0.000933333 0 0 0 0 0
Strain mean -1.34665e-19 0.000933333 4.03796e-18 0.000933333 -2.23769e-32 3.25688e-18 4.03796e-18 3.25688e-18 2.27877e-33
Plastic strain_mean -7.16805e-19 0.000491042 0 0.000491042 7.16805e-19 0 0 0 0
Plastic strain_rate_mean 0 0 0 0 0 0 0 0 0
Dissipation 0.00293337
End step 28
Begin step 29
Stress 1.5914e-12 88.4819 -1.97125e-12 88.4819 -1.5889e-12 -4.24842e-13 -1.97125e-12 -4.24842e-13 7.51098e-16
Strain 0 0.000966667 0 0.000966667 0 0 0 0 0
Strain mean 4.99622e-21 0.000966667 -9.85623e-18 0.000966667 2.89612e-32 -2.12421e-18 -9.85623e-18 -2.12421e-18 -3.35862e-34
Plastic strain_mean -7.94824e-18 0.000524257 0 0.000524257 7.94824e-18 0 0 0 0
Plastic strain_rate_mean 0 0 0 0 0 0 0 0 0
Dissipation 0.00293409
End step 29
Begin step 30
Stress 1.41903e-12 88.5052 -1.66654e-12 88.5052 -1.46376e-12 -4.04877e-13 -1.66654e-12 -4.04877e-13 -1.34324e-14
Strain 0 0.001 0 0.001 0 0 0 0 0
Strain mean -8.93509e-20 0.001 -8.33269e-18 0.001 7.30409e-32 -2.02439e-18 -8.33269e-18 -2.02439e-18 -2.761e-34
Plastic strain_mean -7.25165e-18 0.000557474 0 0.000557474 7.25165e-18 0 0 0 0
Plastic strain_rate_mean 0 0 0 0 0 0 0 0 0
Dissipation 0.00293477
End step 30
