Begin step 0
Stress 0 0 0 0 0 0 0 0 0
Strain 0 0 0 0 0 0 0 0 0
Strain mean 0 0 0 0 0 0 0 0 0
Plastic strain_mean 0 0 0 0 0 0 0 0 0
Plastic strain_rate_mean 0 0 0 0 0 0 0 0 0
Dissipation 0
End step 0
Begin step 1
Stress -2.01309e-14 6.65597 -3.30512e-12 6.65597 2.19598e-14 2.22241e-12 -3.30512e-12 2.22241e-12 5.49131e-16
Strain 0 3.33333e-05 0 3.33333e-05 0 0 0 0 0
Strain mean 3.65276e-21 3.33333e-05 -1.65256e-17 3.33333e-05 -4.23705e-33 1.11121e-17 -1.65256e-17 1.11121e-17 5.78907e-34
Plastic strain_mean 1.07053e-19 5.34648e-08 0 5.34648e-08 -1.07053e-19 0 0 0 0
Plastic strain_rate_mean 0 0 0 0 0 0 0 0 0
Dissipation 3.5586e-07
End step 1
Begin step 2
Stress -9.37832e-14 13.3013 1.79459e-12 13.3013 9.65919e-14 -5.63004e-12 1.79459e-12 -5.63004e-12 8.43347e-16
Strain 0 6.66667e-05 0 6.66667e-05 0 0 0 0 0
Strain mean 5.60985e-21 6.66667e-05 8.97297e-18 6.66667e-05 -2.03186e-32 -2.81502e-17 8.97297e-18 -2.81502e-17 -4.78473e-34
Plastic strain_mean 4.78743e-19 1.60308e-07 0 1.60308e-07 -4.78743e-19 0 0 0 0
Plastic strain_rate_mean 0 0 0 0 0 0 0 0 0
Dissipation 1.42115e-06
End step 2
Begin step 3
Stress -1.66824e-13 19.9359 1.79607e-12 19.9359 1.70504e-13 -5.62509e-12 1.79607e-12 -5.62509e-12 1.10481e-15
Strain 0 0.0001 0 0.0001 0 0 0 0 0
Strain mean 7.34909e-21 0.0001 8.98036e-18 0.0001 5.72964e-33 -2.81254e-17 8.98036e-18 -2.81254e-17 -9.93058e-35
Plastic strain_mean 8.46994e-19 3.20445e-07 0 3.20445e-07 -8.46994e-19 0 0 0 0
Plastic strain_rate_mean 0 0 0 0 0 0 0 0 0
Dissipation 3.19245e-06
End step 3
Begin step 4
Stress -2.32095e-13 26.5599 1.79655e-12 26.5599 2.47155e-13 -5.60786e-12 1.79655e-12 -5.60786e-12 4.52187e-15
Strain 0 0.000133333 0 0.000133333 0 0 0 0 0
Strain mean 3.0079e-20 0.000133333 8.98275e-18 0.000133333 1.34815e-33 -2.80393e-17 8.98275e-18 -2.80393e-17 -1.08634e-33
Plastic strain_mean 1.21317e-18 5.33789e-07 0 5.33789e-07 -1.21317e-18 0 0 0 0
Plastic strain_rate_mean 0 0 0 0 0 0 0 0 0
Dissipation 5.66635e-06
End step 4
Begin step 5
Stress -3.33009e-13 33.1733 1.80497e-12 33.1733 3.07849e-13 -5.59504e-12 1.80497e-12 -5.59504e-12 -7.55465e-15
Strain 0 0.000166667 0 0.000166667 0 0 0 0 0
Strain mean -5.02526e-20 0.000166667 9.02485e-18 0.000166667 1.4926e-32 -2.79752e-17 9.02485e-18 -2.79752e-17 -8.72687e-34
Plastic strain_mean 1.57702e-18 8.00254e-07 0 8.00254e-07 -1.57702e-18 0 0 0 0
Plastic strain_rate_mean 0 0 0 0 0 0 0 0 0
Dissipation 8.83945e-06
End step 5
Begin step 6
Stress -3.9185e-13 39.776 1.79622e-12 39.776 3.85945e-13 -5.5831e-12 1.79622e-12 -5.5831e-12 -1.77294e-15
Strain 0 0.0002 0 0.0002 0 0 0 0 0
Strain mean -1.17934e-20 0.0002 8.98112e-18 0.0002 1.19408e-32 -2.79155e-17 8.98112e-18 -2.79155e-17 -1.28496e-33
Plastic strain_mean 1.93859e-18 1.11976e-06 0 1.11976e-06 -1.93859e-18 0 0 0 0
Plastic strain_rate_mean 0 0 0 0 0 0 0 0 0
Dissipation 1.27084e-05
End step 6
Begin step 7
Stress -2.33864e-13 46.3681 -5.28137e-13 46.3681 2.55715e-13 3.32917e-12 -5.28137e-13 3.32917e-12 6.56119e-15
Strain 0 0.000233333 0 0.000233333 0 0 0 0 0
Strain mean 4.36443e-20 0.000233333 -2.64068e-18 0.000233333 1.55519e-32 1.66458e-17 -2.64068e-18 1.66458e-17 -8.57641e-33
Plastic strain_mean 1.24577e-18 1.49259e-06 0 1.49259e-06 -1.24577e-18 0 0 0 0
Plastic strain_rate_mean 0 0 0 0 0 0 0 0 0
Dissipation 1.72872e-05
End step 7
Begin step 8
Stress -2.48744e-13 52.9489 3.51132e-12 52.9489 2.62116e-13 -2.30647e-12 3.51132e-12 -2.30647e-12 4.01532e-15
Strain 0 0.000266667 0 0.000266667 0 0 0 0 0
Strain mean 2.67094e-20 0.000266667 1.75566e-17 0.000266667 -2.69028e-32 -1.15323e-17 1.75566e-17 -1.15323e-17 3.72547e-33
Plastic strain_mean 1.2905e-18 1.92217e-06 0 1.92217e-06 -1.2905e-18 0 0 0 0
Plastic strain_rate_mean 0 0 0 0 0 0 0 0 0
Dissipation 2.27459e-05
End step 8
Begin step 9
Stress -2.54532e-13 59.5153 3.54184e-12 59.5153 2.74129e-13 -2.24273e-12 3.54184e-12 -2.24273e-12 5.88433e-15
Strain 0 0.0003 0 0.0003 0 0 0 0 0
Strain mean 3.91419e-20 0.0003 1.77092e-17 0.0003 5.87168e-32 -1.12137e-17 1.77092e-17 -1.12137e-17 6.57073e-33
Plastic strain_mean 1.34123e-18 2.42361e-06 0 2.42361e-06 -1.34123e-18 0 0 0 0
Plastic strain_rate_mean 0 0 0 0 0 0 0 0 0
Dissipation 2.98427e-05
End step 9
Begin step 10
Stress -2.06413e-13 66.0623 6.05501e-13 66.0623 2.13365e-13 -1.60954e-12 6.05501e-13 -1.60954e-12 2.08735e-15
Strain 0 0.000333333 0 0.000333333 0 0 0 0 0
Strain mean 1.38848e-20 0.000333333 3.0275e-18 0.000333333 9.99076e-34 -8.0477e-18 3.0275e-18 -8.0477e-18 -7.04168e-34
Plastic strain_mean 1.05639e-18 3.02206e-06 0 3.02206e-06 -1.05639e-18 0 0 0 0
Plastic strain_rate_mean 0 0 0 0 0 0 0 0 0
Dissipation 3.95339e-05
End step 10
Begin step 11
Stress -1.9531e-13 72.5813 2.92986e-12 72.5813 1.88852e-13 -3.97084e-12 2.92986e-12 -3.97084e-12 -1.93888e-15
Strain 0 0.000366667 0 0.000366667 0 0 0 0 0
Strain mean -1.28972e-20 0.000366667 1.46493e-17 0.000366667 1.99868e-32 -1.98542e-17 1.46493e-17 -1.98542e-17 5.74318e-33
Plastic strain_mean 9.53957e-19 3.76002e-06 0 3.76002e-06 -9.53957e-19 0 0 0 0
Plastic strain_rate_mean 0 0 0 0 0 0 0 0 0
Dissipation 5.3561e-05
End step 11
Begin step 12
Stress -1.77803e-13 79.0567 -5.75503e-12 79.0567 2.13637e-13 4.46141e-12 -5.75503e-12 4.46141e-12 1.07599e-14
Strain 0 0.0004 0 0.0004 0 0 0 0 0
Strain mean 7.15737e-20 0.0004 -2.87752e-17 0.0004 -5.90418e-33 2.23071e-17 -2.87752e-17 2.23071e-17 -1.96806e-33
Plastic strain_mean 1.01439e-18 4.71667e-06 0 4.71667e-06 -1.01439e-18 0 0 0 0
Plastic strain_rate_mean 0 0 0 0 0 0 0 0 0
Dissipation 7.56273e-05
End step 12
Begin step 13
Stress -2.91851e-13 85.4548 3.46046e-12 85.4548 2.82413e-13 -1.81969e-12 3.46046e-12 -1.81969e-12 -2.83408e-15
Strain 0 0.000433333 0 0.000433333 0 0 0 0 0
Strain mean -1.8852e-20 0.000433333 1.73023e-17 0.000433333 -4.76367e-32 -9.09844e-18 1.73023e-17 -9.09844e-18 4.03242e-33
Plastic strain_mean 1.42623e-18 6.05942e-06 0 6.05942e-06 -1.42623e-18 0 0 0 0
Plastic strain_rate_mean 0 0 0 0 0 0 0 0 0
Dissipation 0.000114741
End step 13
Begin step 14
Stress -3.11773e-13 91.6874 9.96603e-13 91.6874 3.47898e-13 1.67594e-12 9.96603e-13 1.67594e-12 1.08472e-14
Strain 0 0.000466667 0 0.000466667 0 0 0 0 0
Strain mean 7.21547e-20 0.000466667 4.98301e-18 0.000466667 -1.96637e-31 8.37969e-18 4.98301e-18 8.37969e-18 7.88428e-34
Plastic strain_mean 1.68525e-18 8.2296e-06 0 8.2296e-06 -1.68525e-18 0 0 0 0
Plastic strain_rate_mean 0 0 0 0 0 0 0 0 0
Dissipation 0.000198968
End step 14
Begin step 15
Stress -1.50693e-12 97.4099 -1.31676e-12 97.4099 1.47531e-12 -6.59346e-12 -1.31676e-12 -6.59346e-12 -9.49353e-15
Strain 0 0.0005 0 0.0005 0 0 0 0 0
Strain mean -6.31499e-20 0.0005 -6.58381e-18 0.0005 6.08955e-32 -3.29673e-17 -6.58381e-18 -3.29673e-17 -4.81482e-34
Plastic strain_mean 7.42402e-18 1.29505e-05 0 1.29505e-05 -7.42402e-18 0 0 0 0
Plastic strain_rate_mean 0 0 0 0 0 0 0 0 0
Dissipation 0.000459832
End step 15
Begin step 16
Stress -1.62452e-12 100.971 -3.67615e-13 100.971 1.66548e-12 -1.78908e-12 -3.67615e-13 -1.78908e-12 1.2297e-14
Strain 0 0.000533333 0 0.000533333 0 0 0 0 0
Strain mean 8.17985e-20 0.000533333 -1.83808e-18 0.000533333 -3.94816e-33 -8.94538e-18 -1.83808e-18 -8.94538e-18 9.63717e-34
Plastic strain_mean 8.2659e-18 2.84789e-05 0 2.84789e-05 -8.2659e-18 0 0 0 0
Plastic strain_rate_mean 0 0 0 0 0 0 0 0 0
Dissipation 0.0015677
End step 16
Begin step 17
Stress 9.22004e-13 101.761 -2.32044e-12 101.761 -1.00406e-12 -3.3378e-12 -2.32044e-12 -3.3378e-12 -2.46378e-14
Strain 0 0.000566667 0 0.000566667 0 0 0 0 0
Strain mean -1.63888e-19 0.000566667 -1.16022e-17 0.000566667 -9.38891e-34 -1.6689e-17 -1.16022e-17 -1.6689e-17 -4.40707e-33
Plastic strain_mean -4.8971e-18 5.7861e-05 0 5.7861e-05 4.8971e-18 0 0 0 0
Plastic strain_rate_mean 0 0 0 0 0 0 0 0 0
Dissipation 0.00298931
End step 17
Begin step 18
Stress -1.61201e-12 101.875 -1.21395e-12 101.875 1.57657e-12 1.49128e-12 -1.21395e-12 1.49128e-12 -1.0642e-14
Strain 0 0.0006 0 0.0006 0 0 0 0 0
Strain mean -7.07894e-20 0.0006 -6.06974e-18 0.0006 9.99076e-34 7.4564e-18 -6.06974e-18 7.4564e-18 -1.93947e-33
Plastic strain_mean 7.93607e-18 9.06248e-05 0 9.06248e-05 -7.93607e-18 0 0 0 0
Plastic strain_rate_mean 0 0 0 0 0 0 0 0 0
Dissipation 0.00333689
End step 18
Begin step 19
Stress -1.20071e-12 101.908 -1.13433e-12 101.908 1.18259e-12 -9.44909e-14 -1.13433e-12 -9.44909e-14 -5.44109e-15
Strain 0 0.000633333 0 0.000633333 0 0 0 0 0
Strain mean -3.61935e-20 0.000633333 -5.67166e-18 0.000633333 -7.74886e-34 -4.72455e-19 -5.67166e-18 -4.72455e-19 -9.8892e-34
Plastic strain_mean 5.94017e-18 0.000123795 0 0.000123795 -5.94017e-18 0 0 0 0
Plastic strain_rate_mean 0 0 0 0 0 0 0 0 0
Dissipation 0.00337917
End step 19
Begin step 20
Stress -3.96949e-13 101.931 -1.29892e-12 101.931 4.14692e-13 -7.20749e-13 -1.29892e-12 -7.20749e-13 5.32755e-15
Strain 0 0.000666667 0 0.000666667 0 0 0 0 0
Strain mean 3.54383e-20 0.000666667 -6.4946e-18 0.000666667 6.43983e-34 -3.60374e-18 -6.4946e-18 -3.60374e-18 -1.41849e-33
Plastic strain_mean 2.04682e-18 0.000157011 0 0.000157011 -2.04682e-18 0 0 0 0
Plastic strain_rate_mean 0 0 0 0 0 0 0 0 0
Dissipation 0.00338441
End step 20
Begin step 21
Stress -2.31432e-13 101.953 -9.77933e-13 101.953 2.4743e-13 -5.46557e-13 -9.77933e-13 -5.46557e-13 4.80353e-15
Strain 0 0.0007 0 0.0007 0 0 0 0 0
Strain mean 3.19525e-20 0.0007 -4.88966e-18 0.0007 6.31946e-35 -2.73278e-18 -4.88966e-18 -2.73278e-18 -6.06367e-34
Plastic strain_mean 1.21313e-18 0.000190233 0 0.000190233 -1.21313e-18 0 0 0 0
Plastic strain_rate_mean 0 0 0 0 0 0 0 0 0
Dissipation 0.00338566
End step 21
Begin step 22
Stress -2.02168e-13 101.975 -6.8369e-13 101.975 1.61563e-13 -4.06331e-13 -6.8369e-13 -4.06331e-13 -1.21922e-14
Strain 0 0.000733333 0 0.000733333 0 0 0 0 0
Strain mean -8.11014e-20 0.000733333 -3.41845e-18 0.000733333 7.22224e-35 -2.03165e-18 -3.41845e-18 -2.03165e-18 -6.22918e-34
Plastic strain_mean 8.68775e-19 0.000223458 0 0.000223458 -8.68775e-19 0 0 0 0
Plastic strain_rate_mean 0 0 0 0 0 0 0 0 0
Dissipation 0.00338643
End step 22
Begin step 23
Stress 2.196e-12 101.997 -2.97921e-12 101.997 -2.13772e-12 -3.14733e-12 -2.97921e-12 -3.14733e-12 1.75023e-14
Strain 0 0.000766667 0 0.000766667 0 0 0 0 0
Strain mean 1.16423e-19 0.000766667 -1.48961e-17 0.000766667 2.76852e-34 -1.57366e-17 -1.48961e-17 -1.57366e-17 9.75002e-34
Plastic strain_mean -1.07761e-17 0.000256683 0 0.000256683 1.07761e-17 0 0 0 0
Plastic strain_rate_mean 0 0 0 0 0 0 0 0 0
Dissipation 0.00338713
End step 23
Begin step 24
Stress 1.75801e-12 102.018 -2.29939e-12 102.018 -1.76927e-12 -2.43159e-12 -2.29939e-12 -2.43159e-12 -3.37994e-15
Strain 0 0.0008 0 0.0008 0 0 0 0 0
Strain mean -2.2483e-20 0.0008 -1.14969e-17 0.0008 -2.0463e-34 -1.21579e-17 -1.14969e-17 -1.21579e-17 1.27894e-33
Plastic strain_mean -8.82943e-18 0.00028991 0 0.00028991 8.82943e-18 0 0 0 0
Plastic strain_rate_mean 0 0 0 0 0 0 0 0 0
Dissipation 0.00338779
End step 24
Begin step 25
Stress 1.39273e-12 102.039 -1.82731e-12 102.039 -1.38566e-12 -1.94238e-12 -1.82731e-12 -1.94238e-12 2.12229e-15
Strain 0 0.000833333 0 0.000833333 0 0 0 0 0
Strain mean 1.41172e-20 0.000833333 -9.13655e-18 0.000833333 -2.40741e-35 -9.7119e-18 -9.13655e-18 -9.7119e-18 1.26991e-33
Plastic strain_mean -6.93892e-18 0.000323137 0 0.000323137 6.93892e-18 0 0 0 0
Plastic strain_rate_mean 0 0 0 0 0 0 0 0 0
Dissipation 0.00338843
End step 25
Begin step 26
Stress 1.07166e-12 102.06 -1.46996e-12 102.06 -1.07533e-12 -1.59248e-12 -1.46996e-12 -1.59248e-12 -1.10045e-15
Strain 0 0.000866667 0 0.000866667 0 0 0 0 0
Strain mean -7.32004e-21 0.000866667 -7.34981e-18 0.000866667 -5.29631e-34 -7.96238e-18 -7.34981e-18 -7.96238e-18 1.43843e-33
Plastic strain_mean -5.37115e-18 0.000356365 0 0.000356365 5.37115e-18 0 0 0 0
Plastic strain_rate_mean 0 0 0 0 0 0 0 0 0
Dissipation 0.00338906
End step 26
Begin step 27
Stress 8.22194e-13 102.081 -1.16769e-12 102.081 -8.97891e-13 -1.32286e-12 -1.16769e-12 -1.32286e-12 -2.27294e-14
Strain 0 0.0009 0 0.0009 0 0 0 0 0
Strain mean -1.51194e-19 0.0009 -5.83847e-18 0.0009 -3.79167e-34 -6.61429e-18 -5.83847e-18 -6.61429e-18 1.08634e-33
Plastic strain_mean -4.37581e-18 0.000389593 0 0.000389593 4.37581e-18 0 0 0 0
Plastic strain_rate_mean 0 0 0 0 0 0 0 0 0
Dissipation 0.00338968
End step 27
Begin step 28
Stress 6.92315e-13 102.102 -9.70038e-13 102.102 -6.39422e-13 -1.11408e-12 -9.70038e-13 -1.11408e-12 1.58822e-14
Strain 0 0.000933333 0 0.000933333 0 0 0 0 0
Strain mean 1.05647e-19 0.000933333 -4.85019e-18 0.000933333 1.25185e-33 -5.5704e-18 -4.85019e-18 -5.5704e-18 7.44793e-34
Plastic strain_mean -3.27652e-18 0.000422822 0 0.000422822 3.27652e-18 0 0 0 0
Plastic strain_rate_mean 0 0 0 0 0 0 0 0 0
Dissipation 0.0033903
End step 28
Begin step 29
Stress 1.64697e-12 102.123 1.33665e-12 102.123 -1.71293e-12 -2.267e-12 1.33665e-12 -2.267e-12 -1.9808e-14
Strain 0 0.000966667 0 0.000966667 0 0 0 0 0
Strain mean -1.31761e-19 0.000966667 6.68326e-18 0.000966667 -3.85186e-34 -1.1335e-17 6.68326e-18 -1.1335e-17 -2.3051e-33
Plastic strain_mean -8.46563e-18 0.000456051 0 0.000456051 8.46563e-18 0 0 0 0
Plastic strain_rate_mean 0 0 0 0 0 0 0 0 0
Dissipation 0.0033909
End step 29
Begin step 30
Stress 1.61313e-12 102.144 1.10126e-12 102.144 -1.50941e-12 -1.95039e-12 1.10126e-12 -1.95039e-12 3.11444e-14
Strain 0 0.001 0 0.001 0 0 0 0 0
Strain mean 2.07169e-19 0.001 5.50628e-18 0.001 -1.61297e-33 -9.75197e-18 5.50628e-18 -9.75197e-18 -1.27292e-33
Plastic strain_mean -7.70275e-18 0.00048928 0 0.00048928 7.70275e-18 0 0 0 0
Plastic strain_rate_mean 0 0 0 0 0 0 0 0 0
Dissipation 0.00339151
End step 30
