Begin step 0
Stress 0 0 0 0 0 0 0 0 0
Strain 0 0 0 0 0 0 0 0 0
Strain mean 0 0 0 0 0 0 0 0 0
Plastic strain_mean 0 0 0 0 0 0 0 0 0
Plastic strain_rate_mean 0 0 0 0 0 0 0 0 0
Dissipation 0
End step 0
Begin step 1
Stress -2.09308e-14 66.1967 9.57713e-12 66.1967 6.74982e-14 -3.97679e-12 9.57713e-12 -3.97679e-12 1.39826e-14
Strain 0 0.000333333 0 0.000333333 0 0 0 0 0
Strain mean 9.3011e-20 0.000333333 4.78857e-17 0.000333333 -9.95224e-32 -1.98839e-17 4.78857e-17 -1.98839e-17 7.10488e-33
Plastic strain_mean 2.67578e-19 2.34981e-06 0 2.34981e-06 -2.67578e-19 0 0 0 0
Plastic strain_rate_mean 0 0 0 0 0 0 0 0 0
Dissipation 0.000155547
End step 1
Begin step 2
Stress 8.38426e-13 116.805 5.62428e-13 116.805 -7.24349e-13 -1.2792e-13 5.62428e-13 -1.2792e-13 3.42536e-14
Strain 0 0.000666667 0 0.000666667 0 0 0 0 0
Strain mean 2.27851e-19 0.000666667 2.81214e-18 0.000666667 1.02315e-34 -6.39602e-19 2.81214e-18 -6.39602e-19 1.89584e-34
Plastic strain_mean -3.79301e-18 8.26408e-05 0 8.26408e-05 3.79301e-18 0 0 0 0
Plastic strain_rate_mean 0 0 0 0 0 0 0 0 0
Dissipation 0.00937562
End step 2
Begin step 3
Stress 8.30325e-13 119.956 -2.35654e-13 119.956 -8.43007e-13 3.6891e-13 -2.35654e-13 3.6891e-13 -3.80789e-15
Strain 0 0.001 0 0.001 0 0 0 0 0
Strain mean -2.53297e-20 0.001 -1.17827e-18 0.001 -4.45371e-34 1.84455e-18 -1.17827e-18 1.84455e-18 8.8021e-35
Plastic strain_mean -4.196e-18 0.000400218 0 0.000400218 4.196e-18 0 0 0 0
Plastic strain_rate_mean 0 0 0 0 0 0 0 0 0
Dissipation 0.0380702
End step 3
Begin step 4
Stress -3.07755e-13 120.254 -2.61151e-12 120.254 1.90711e-13 1.69708e-13 -2.61151e-12 1.69708e-13 -3.51444e-14
Strain 0 0.00133333 0 0.00133333 0 0 0 0 0
Strain mean -2.33776e-19 0.00133333 -1.30576e-17 0.00133333 8.54631e-34 8.4854e-19 -1.30576e-17 8.4854e-19 7.28242e-34
Plastic strain_mean 1.12927e-18 0.000732063 0 0.000732063 -1.12927e-18 0 0 0 0
Plastic strain_rate_mean 0 0 0 0 0 0 0 0 0
Dissipation 0.0398671
End step 4
Begin step 5
Stress 2.40722e-12 120.496 -1.65562e-12 120.496 -2.39204e-12 2.361e-12 -1.65562e-12 2.361e-12 4.55899e-15
Strain 0 0.00166667 0 0.00166667 0 0 0 0 0
Strain mean 3.03259e-20 0.00166667 -8.27809e-18 0.00166667 4.81482e-35 1.1805e-17 -8.27809e-18 1.1805e-17 1.71528e-34
Plastic strain_mean -1.1983e-17 0.00106419 0 0.00106419 1.1983e-17 0 0 0 0
Plastic strain_rate_mean 0 0 0 0 0 0 0 0 0
Dissipation 0.0399699
End step 5
Begin step 6
Stress 4.95755e-12 120.735 1.15309e-12 120.735 -5.14405e-12 7.47052e-12 1.15309e-12 7.47052e-12 -5.60005e-14
Strain 0 0.002 0 0.002 0 0 0 0 0
Strain mean -3.72509e-19 0.002 5.76547e-18 0.002 -1.32408e-33 3.73526e-17 5.76547e-18 3.73526e-17 -6.82163e-33
Plastic strain_mean -2.54403e-17 0.00139632 0 0.00139632 2.54403e-17 0 0 0 0
Plastic strain_rate_mean 0 0 0 0 0 0 0 0 0
Dissipation 0.0400404
End step 6
Begin step 7
Stress 2.67562e-12 120.975 4.82518e-13 120.975 -2.56294e-12 3.31061e-12 4.82518e-13 3.31061e-12 3.38343e-14
Strain 0 0.00233333 0 0.00233333 0 0 0 0 0
Strain mean 2.25062e-19 0.00233333 2.41259e-18 0.00233333 -3.572e-33 1.65531e-17 2.41259e-18 1.65531e-17 -4.6985e-33
Plastic strain_mean -1.29839e-17 0.00172846 0 0.00172846 1.29839e-17 0 0 0 0
Plastic strain_rate_mean 0 0 0 0 0 0 0 0 0
Dissipation 0.04011
End step 7
Begin step 8
Stress 1.21776e-12 121.214 -1.97673e-12 121.214 -1.30572e-12 -2.66895e-12 -1.97673e-12 -2.66895e-12 -2.64107e-14
Strain 0 0.00266667 0 0.00266667 0 0 0 0 0
Strain mean -1.75681e-19 0.00266667 -9.88363e-18 0.00266667 -2.42487e-32 -1.33448e-17 -9.88363e-18 -1.33448e-17 4.57897e-33
Plastic strain_mean -6.39653e-18 0.0020606 0 0.0020606 6.39653e-18 0 0 0 0
Plastic strain_rate_mean 0 0 0 0 0 0 0 0 0
Dissipation 0.0401796
End step 8
Begin step 9
Stress 4.58447e-14 121.453 2.56021e-12 121.453 -1.50323e-13 -6.94781e-13 2.56021e-12 -6.94781e-13 -3.13714e-14
Strain 0 0.003 0 0.003 0 0 0 0 0
Strain mean -2.08679e-19 0.003 1.28011e-17 0.003 -2.1438e-32 -3.4739e-18 1.28011e-17 -3.4739e-18 -9.32872e-35
Plastic strain_mean -5.9476e-19 0.00239273 0 0.00239273 5.9476e-19 0 0 0 0
Plastic strain_rate_mean 0 0 0 0 0 0 0 0 0
Dissipation 0.0402493
End step 9
Begin step 10
Stress 6.6521e-13 121.693 1.85258e-12 121.693 -5.76526e-13 -5.96519e-13 1.85258e-12 -5.96519e-13 2.6629e-14
Strain 0 0.00333333 0 0.00333333 0 0 0 0 0
Strain mean 1.77133e-19 0.00333333 9.26289e-18 0.00333333 3.15371e-33 -2.9826e-18 9.26289e-18 -2.9826e-18 5.41668e-35
Plastic strain_mean -3.01577e-18 0.00272487 0 0.00272487 3.01577e-18 0 0 0 0
Plastic strain_rate_mean 0 0 0 0 0 0 0 0 0
Dissipation 0.040319
End step 10
Begin step 11
Stress -9.38722e-13 121.932 3.55089e-12 121.932 7.18712e-13 -2.50285e-12 3.55089e-12 -2.50285e-12 -6.60617e-14
Strain 0 0.00366667 0 0.00366667 0 0 0 0 0
Strain mean -4.39435e-19 0.00366667 1.77544e-17 0.00366667 -1.20371e-34 -1.25142e-17 1.77544e-17 -1.25142e-17 -9.419e-34
Plastic strain_mean 3.92387e-18 0.003057 0 0.003057 -3.92387e-18 0 0 0 0
Plastic strain_rate_mean 0 0 0 0 0 0 0 0 0
Dissipation 0.0403888
End step 11
Begin step 12
Stress -5.19216e-13 122.172 2.36086e-12 122.172 5.93852e-13 -1.57399e-12 2.36086e-12 -1.57399e-12 2.24107e-14
Strain 0 0.004 0 0.004 0 0 0 0 0
Strain mean 1.49073e-19 0.004 1.18043e-17 0.004 -2.53982e-33 -7.86994e-18 1.18043e-17 -7.86994e-18 -1.53473e-34
Plastic strain_mean 2.8572e-18 0.00338914 0 0.00338914 -2.8572e-18 0 0 0 0
Plastic strain_rate_mean 0 0 0 0 0 0 0 0 0
Dissipation 0.0404586
End step 12
Begin step 13
Stress -1.42259e-13 122.412 1.21018e-12 122.412 3.31438e-13 -9.90141e-13 1.21018e-12 -9.90141e-13 5.6804e-14
Strain 0 0.00433333 0 0.00433333 0 0 0 0 0
Strain mean 3.77853e-19 0.00433333 6.0509e-18 0.00433333 -8.04979e-34 -4.95071e-18 6.0509e-18 -4.95071e-18 -7.3727e-35
Plastic strain_mean 1.37317e-18 0.00372127 0 0.00372127 -1.37317e-18 0 0 0 0
Plastic strain_rate_mean 0 0 0 0 0 0 0 0 0
Dissipation 0.0405284
End step 13
Begin step 14
Stress -2.83361e-12 122.653 -4.54973e-12 122.653 3.05658e-12 -2.10726e-12 -4.54973e-12 -2.10726e-12 6.69525e-14
Strain 0 0.00466667 0 0.00466667 0 0 0 0 0
Strain mean 4.4536e-19 0.00466667 -2.27486e-17 0.00466667 1.11343e-33 -1.05363e-17 -2.27486e-17 -1.05363e-17 -1.5588e-33
Plastic strain_mean 1.49482e-17 0.0040534 0 0.0040534 -1.49482e-17 0 0 0 0
Plastic strain_rate_mean 0 0 0 0 0 0 0 0 0
Dissipation 0.0405983
End step 14
Begin step 15
Stress -3.61856e-13 122.893 1.1889e-12 122.893 4.21135e-13 7.15228e-13 1.1889e-12 7.15228e-13 1.77993e-14
Strain 0 0.005 0 0.005 0 0 0 0 0
Strain mean 1.18399e-19 0.005 5.94452e-18 0.005 5.40464e-33 3.57614e-18 5.94452e-18 3.57614e-18 -2.51575e-33
Plastic strain_mean 2.01668e-18 0.00438553 0 0.00438553 -2.01668e-18 0 0 0 0
Plastic strain_rate_mean 0 0 0 0 0 0 0 0 0
Dissipation 0.0406682
End step 15
Begin step 16
Stress -2.66623e-12 123.134 5.02688e-12 123.134 2.57449e-12 -8.09007e-15 5.02688e-12 -8.09007e-15 -2.75461e-14
Strain 0 0.00533333 0 0.00533333 0 0 0 0 0
Strain mean -1.83233e-19 0.00533333 2.51344e-17 0.00533333 -1.10741e-33 -4.04503e-20 2.51344e-17 -4.04503e-20 5.64237e-33
Plastic strain_mean 1.30102e-17 0.00471767 0 0.00471767 -1.30102e-17 0 0 0 0
Plastic strain_rate_mean 0 0 0 0 0 0 0 0 0
Dissipation 0.0407381
End step 16
Begin step 17
Stress -2.5564e-12 123.374 -5.24069e-13 123.374 1.9756e-12 4.42912e-13 -5.24069e-13 4.42912e-13 -1.74394e-13
Strain 0 0.00566667 0 0.00566667 0 0 0 0 0
Strain mean -1.16005e-18 0.00566667 -2.62034e-18 0.00566667 -1.43843e-33 2.21456e-18 -2.62034e-18 2.21456e-18 1.0397e-33
Plastic strain_mean 1.075e-17 0.0050498 0 0.0050498 -1.075e-17 0 0 0 0
Plastic strain_rate_mean 0 0 0 0 0 0 0 0 0
Dissipation 0.040808
End step 17
Begin step 18
Stress -2.17992e-12 123.615 4.76311e-12 123.615 2.39097e-12 1.89111e-14 4.76311e-12 1.89111e-14 6.33717e-14
Strain 0 0.006 0 0.006 0 0 0 0 0
Strain mean 4.21541e-19 0.006 2.38155e-17 0.006 2.29645e-33 9.45554e-20 2.38155e-17 9.45554e-20 3.36511e-33
Plastic strain_mean 1.1638e-17 0.00538193 0 0.00538193 -1.1638e-17 0 0 0 0
Plastic strain_rate_mean 0 0 0 0 0 0 0 0 0
Dissipation 0.040878
End step 18
Begin step 19
Stress 5.68016e-13 123.855 -1.81083e-12 123.855 -6.16416e-13 -2.50349e-13 -1.81083e-12 -2.50349e-13 -1.45329e-14
Strain 0 0.00633333 0 0.00633333 0 0 0 0 0
Strain mean -9.6671e-20 0.00633333 -9.05413e-18 0.00633333 3.77482e-32 -1.25175e-18 -9.05413e-18 -1.25175e-18 -2.06323e-33
Plastic strain_mean -3.00941e-18 0.00571406 0 0.00571406 3.00941e-18 0 0 0 0
Plastic strain_rate_mean 0 0 0 0 0 0 0 0 0
Dissipation 0.0409479
End step 19
Begin step 20
Stress 1.72157e-12 124.096 -1.02228e-12 124.096 -6.0366e-13 -2.01696e-13 -1.02228e-12 -2.01696e-13 3.35671e-13
Strain 0 0.00666667 0 0.00666667 0 0 0 0 0
Strain mean 2.23284e-18 0.00666667 -5.1114e-18 0.00666667 -4.21779e-32 -1.00848e-18 -5.1114e-18 -1.00848e-18 -1.4045e-33
Plastic strain_mean -4.69666e-18 0.00604619 0 0.00604619 4.69666e-18 0 0 0 0
Plastic strain_rate_mean 0 0 0 0 0 0 0 0 0
Dissipation 0.0410178
End step 20
Begin step 21
Stress -4.90439e-12 124.337 -4.8063e-12 124.337 5.65703e-12 -7.22595e-13 -4.8063e-12 -7.22595e-13 2.25993e-13
Strain 0 0.007 0 0.007 0 0 0 0 0
Strain mean 1.50328e-18 0.007 -2.40315e-17 0.007 -5.65742e-34 -3.61298e-18 -2.40315e-17 -3.61298e-18 -8.29955e-33
Plastic strain_mean 2.71552e-17 0.00637832 0 0.00637832 -2.71552e-17 0 0 0 0
Plastic strain_rate_mean 0 0 0 0 0 0 0 0 0
Dissipation 0.0410877
End step 21
Begin step 22
Stress 4.16918e-12 124.578 3.46866e-13 124.578 -4.4373e-12 -1.52216e-13 3.46866e-13 -1.52216e-13 -8.05072e-14
Strain 0 0.00733333 0 0.00733333 0 0 0 0 0
Strain mean -5.35525e-19 0.00733333 1.73433e-18 0.00733333 1.19119e-31 -7.61078e-19 1.73433e-18 -7.61078e-19 2.15313e-33
Plastic strain_mean -2.1784e-17 0.00671044 0 0.00671044 2.1784e-17 0 0 0 0
Plastic strain_rate_mean 0 0 0 0 0 0 0 0 0
Dissipation 0.0411576
End step 22
Begin step 23
Stress -3.24447e-12 124.819 -2.90354e-12 124.819 3.88332e-12 -3.437e-13 -2.90354e-12 -3.437e-13 1.91827e-13
Strain 0 0.00766667 0 0.00766667 0 0 0 0 0
Strain mean 1.27601e-18 0.00766667 -1.45177e-17 0.00766667 -1.5263e-32 -1.7185e-18 -1.45177e-17 -1.7185e-18 -4.95353e-33
Plastic strain_mean 1.84575e-17 0.00704257 0 0.00704257 -1.84575e-17 0 0 0 0
Plastic strain_rate_mean 0 0 0 0 0 0 0 0 0
Dissipation 0.0412276
End step 23
Begin step 24
Stress 3.90568e-12 125.059 2.01911e-12 125.059 -3.60528e-12 -1.83623e-13 2.01911e-12 -1.83623e-13 9.02016e-14
Strain 0 0.008 0 0.008 0 0 0 0 0
Strain mean 6.00011e-19 0.008 1.00955e-17 0.008 3.79408e-32 -9.18116e-19 1.00955e-17 -9.18116e-19 2.98519e-33
Plastic strain_mean -1.84774e-17 0.0073747 0 0.0073747 1.84774e-17 0 0 0 0
Plastic strain_rate_mean 0 0 0 0 0 0 0 0 0
Dissipation 0.0412975
End step 24
Begin step 25
Stress -2.05661e-12 125.3 -2.25459e-12 125.3 2.14992e-12 -1.90198e-13 -2.25459e-12 -1.90198e-13 2.80177e-14
Strain 0 0.00833333 0 0.00833333 0 0 0 0 0
Strain mean 1.8637e-19 0.00833333 -1.12729e-17 0.00833333 -8.3778e-33 -9.50989e-19 -1.12729e-17 -9.50989e-19 -3.08873e-33
Plastic strain_mean 1.06095e-17 0.00770683 0 0.00770683 -1.06095e-17 0 0 0 0
Plastic strain_rate_mean 0 0 0 0 0 0 0 0 0
Dissipation 0.0413674
End step 25
Begin step 26
Stress -1.751e-12 125.541 -1.89036e-12 125.541 2.60498e-12 -1.0354e-13 -1.89036e-12 -1.0354e-13 2.56421e-13
Strain 0 0.00866667 0 0.00866667 0 0 0 0 0
Strain mean 1.70569e-18 0.00866667 -9.4518e-18 0.00866667 -5.16149e-32 -5.17701e-19 -9.4518e-18 -5.17701e-19 -2.10479e-33
Plastic strain_mean 1.17428e-17 0.00803896 0 0.00803896 -1.17428e-17 0 0 0 0
Plastic strain_rate_mean 0 0 0 0 0 0 0 0 0
Dissipation 0.0414373
End step 26
Begin step 27
Stress -1.70414e-12 125.782 -1.13393e-12 125.782 6.62146e-13 -3.69139e-13 -1.13393e-12 -3.69139e-13 -3.12876e-13
Strain 0 0.009 0 0.009 0 0 0 0 0
Strain mean -2.08121e-18 0.009 -5.66963e-18 0.009 3.91205e-32 -1.8457e-18 -5.66963e-18 -1.8457e-18 -2.7106e-33
Plastic strain_mean 4.87511e-18 0.00837109 0 0.00837109 -4.87511e-18 0 0 0 0
Plastic strain_rate_mean 0 0 0 0 0 0 0 0 0
Dissipation 0.0415072
End step 27
Begin step 28
Stress -5.0551e-12 126.023 8.4053e-13 126.023 4.78099e-12 8.39457e-13 8.4053e-13 8.39457e-13 -8.23063e-14
Strain 0 0.00933333 0 0.00933333 0 0 0 0 0
Strain mean -5.47492e-19 0.00933333 4.20265e-18 0.00933333 1.92593e-32 4.19728e-18 4.20265e-18 4.19728e-18 -3.52084e-33
Plastic strain_mean 2.43165e-17 0.00870322 0 0.00870322 -2.43165e-17 0 0 0 0
Plastic strain_rate_mean 0 0 0 0 0 0 0 0 0
Dissipation 0.0415771
End step 28
Begin step 29
Stress -5.27378e-12 126.264 5.88007e-13 126.264 4.16663e-12 8.64204e-13 5.88007e-13 8.64204e-13 -3.32439e-13
Strain 0 0.00966667 0 0.00966667 0 0 0 0 0
Strain mean -2.21135e-18 0.00966667 2.94003e-18 0.00966667 -5.3926e-33 4.32102e-18 2.94003e-18 4.32102e-18 -2.80464e-33
Plastic strain_mean 2.24953e-17 0.00903535 0 0.00903535 -2.24953e-17 0 0 0 0
Plastic strain_rate_mean 0 0 0 0 0 0 0 0 0
Dissipation 0.0416469
End step 29
Begin step 30
Stress -3.50626e-12 126.505 4.31171e-13 126.505 3.47135e-12 7.57806e-13 4.31171e-13 7.57806e-13 -1.04804e-14
Strain 0 0.01 0 0.01 0 0 0 0 0
Strain mean -6.97146e-20 0.01 2.15585e-18 0.01 1.5263e-32 3.78903e-18 2.15585e-18 3.78903e-18 -2.56991e-33
Plastic strain_mean 1.74092e-17 0.00936748 0 0.00936748 -1.74092e-17 0 0 0 0
Plastic strain_rate_mean 0 0 0 0 0 0 0 0 0
Dissipation 0.0417168
End step 30
