Begin step 0
Stress 0 0 0 0 0 0 0 0 0
Strain 0 0 0 0 0 0 0 0 0
Strain mean 0 0 0 0 0 0 0 0 0
Plastic strain_mean 0 0 0 0 0 0 0 0 0
Plastic strain_rate_mean 0 0 0 0 0 0 0 0 0
Dissipation 0
End step 0
Begin step 1
Stress 5.11312e-16 6.66667 4.14082e-16 6.66667 2.19486e-16 7.33069e-17 4.14082e-16 7.33069e-17 2.19434e-16
Strain 0 3.33333e-05 0 3.33333e-05 0 0 0 0 0
Strain mean 1.45965e-21 3.33333e-05 2.07041e-21 3.33333e-05 -1.17549e-38 3.66535e-22 2.07041e-21 3.66535e-22 2.27752e-37
Plastic strain_mean 2.58465e-25 1.61411e-19 0 1.61411e-19 -2.58465e-25 0 0 0 0
Plastic strain_rate_mean 0 0 0 0 0 0 0 0 0
Dissipation 1.07607e-18
End step 1
Begin step 2
Stress -1.16698e-14 13.3333 -1.8622e-17 13.3333 -5.00763e-15 -3.02398e-17 -1.8622e-17 -3.02398e-17 -5.00768e-15
Strain 0 6.66667e-05 0 6.66667e-05 0 0 0 0 0
Strain mean -3.33105e-20 6.66667e-05 -9.31102e-23 6.66667e-05 1.57516e-36 -1.51199e-22 -9.31102e-23 -1.51199e-22 1.86059e-37
Plastic strain_mean 2.84059e-25 9.35158e-16 0 9.35158e-16 -2.84059e-25 0 0 0 0
Plastic strain_rate_mean 0 0 0 0 0 0 0 0 0
Dissipation 1.24666e-14
End step 2
Begin step 3
Stress 6.04354e-15 20 6.35993e-15 20 2.59515e-15 4.1646e-17 6.35993e-15 4.1646e-17 2.59391e-15
Strain 0 0.0001 0 0.0001 0 0 0 0 0
Strain mean 1.72544e-20 0.0001 3.17997e-20 0.0001 7.32921e-36 2.0823e-22 3.17997e-20 2.0823e-22 -6.22277e-37
Plastic strain_mean 6.22049e-24 1.49512e-13 0 1.49512e-13 -6.22049e-24 0 0 0 0
Plastic strain_rate_mean 0 0 0 0 0 0 0 0 0
Dissipation 2.97153e-12
End step 3
Begin step 4
Stress 9.55963e-15 26.6667 2.4644e-14 26.6667 4.09648e-15 3.80018e-16 2.4644e-14 3.80018e-16 4.10047e-15
Strain 0 0.000133333 0 0.000133333 0 0 0 0 0
Strain mean 2.72759e-20 0.000133333 1.2322e-19 0.000133333 -2.84029e-36 1.90009e-21 1.2322e-19 1.90009e-21 -8.69866e-37
Plastic strain_mean -1.99346e-23 5.56559e-12 0 5.56559e-12 1.99346e-23 0 0 0 0
Plastic strain_rate_mean 0 0 0 0 0 0 0 0 0
Dissipation 1.44429e-10
End step 4
Begin step 5
Stress 1.32498e-15 33.3333 -2.00788e-12 33.3333 2.05269e-15 2.87372e-13 -2.00788e-12 2.87372e-13 1.0142e-15
Strain 0 0.000166667 0 0.000166667 0 0 0 0 0
Strain mean 6.74634e-21 0.000166667 -1.00394e-17 0.000166667 1.44445e-34 1.43686e-18 -1.00394e-17 1.43686e-18 -2.31713e-34
Plastic strain_mean 5.19245e-21 9.36817e-11 0 9.36817e-11 -5.19245e-21 0 0 0 0
Plastic strain_rate_mean 0 0 0 0 0 0 0 0 0
Dissipation 2.9372e-09
End step 5
Begin step 6
Stress -1.52205e-14 39.9998 -4.68131e-12 39.9998 -6.2162e-15 -4.88066e-13 -4.68131e-12 -4.88066e-13 -6.43673e-15
Strain 0 0.0002 0 0.0002 0 0 0 0 0
Strain mean -4.28164e-20 0.0002 -2.34066e-17 0.0002 1.68519e-34 -2.44033e-18 -2.34066e-17 -2.44033e-18 3.82177e-34
Plastic strain_mean 1.10266e-21 9.54278e-10 0 9.54278e-10 -1.10266e-21 0 0 0 0
Plastic strain_rate_mean 0 0 0 0 0 0 0 0 0
Dissipation 3.44237e-08
End step 6
Begin step 7
Stress 3.67034e-14 46.6653 -2.93529e-12 46.6653 -8.19862e-15 -1.68547e-12 -2.93529e-12 -1.68547e-12 8.55902e-15
Strain 0 0.000233333 0 0.000233333 0 0 0 0 0
Strain mean 5.69336e-20 0.000233333 -1.46765e-17 0.000233333 -3.92709e-34 -8.42733e-18 -1.46765e-17 -8.42733e-18 2.52176e-33
Plastic strain_mean -8.37882e-20 6.86309e-09 0 6.86309e-09 8.37882e-20 0 0 0 0
Plastic strain_rate_mean 0 0 0 0 0 0 0 0 0
Dissipation 2.75736e-07
End step 7
Begin step 8
Stress 4.69639e-14 53.3257 -3.01838e-13 53.3257 -6.76517e-14 -2.70077e-12 -3.01838e-13 -2.70077e-12 -6.21184e-15
Strain 0 0.000266667 0 0.000266667 0 0 0 0 0
Strain mean -4.13205e-20 0.000266667 -1.50919e-18 0.000266667 6.9815e-34 -1.35039e-17 -1.50919e-18 -1.35039e-17 4.59515e-33
Plastic strain_mean -3.07199e-19 3.81801e-08 0 3.81801e-08 3.07199e-19 0 0 0 0
Plastic strain_rate_mean 0 0 0 0 0 0 0 0 0
Dissipation 1.67e-06
End step 8
Begin step 9
Stress 1.19447e-13 59.9652 7.31254e-13 59.9652 -1.38775e-13 -2.95473e-12 7.31254e-13 -2.95473e-12 -5.80354e-15
Strain 0 0.0003 0 0.0003 0 0 0 0 0
Strain mean -3.86045e-20 0.0003 3.65627e-18 0.0003 8.74493e-33 -1.47736e-17 3.65627e-18 -1.47736e-17 4.58462e-33
Plastic strain_mean -6.64855e-19 1.73951e-07 0 1.73951e-07 6.64855e-19 0 0 0 0
Plastic strain_rate_mean 0 0 0 0 0 0 0 0 0
Dissipation 8.14151e-06
End step 9
Begin step 10
Stress 1.33161e-13 66.5323 -1.48813e-12 66.5323 -1.09368e-13 2.11745e-13 -1.48813e-12 2.11745e-13 7.14416e-15
Strain 0 0.000333333 0 0.000333333 0 0 0 0 0
Strain mean 4.75222e-20 0.000333333 -7.44067e-18 0.000333333 -4.89186e-32 1.05873e-18 -7.44067e-18 1.05873e-18 -9.65974e-34
Plastic strain_mean -5.82561e-19 6.71624e-07 0 6.71624e-07 5.82561e-19 0 0 0 0
Plastic strain_rate_mean 0 0 0 0 0 0 0 0 0
Dissipation 3.31112e-05
End step 10
Begin step 11
Stress 2.14535e-13 72.8877 -1.66476e-12 72.8877 -1.50697e-13 5.34341e-13 -1.66476e-12 5.34341e-13 1.91683e-14
Strain 0 0.000366667 0 0.000366667 0 0 0 0 0
Strain mean 1.27505e-19 0.000366667 -8.32382e-18 0.000366667 -9.00372e-33 2.6717e-18 -8.32382e-18 2.6717e-18 4.68467e-33
Plastic strain_mean -8.49329e-19 2.22804e-06 0 2.22804e-06 8.49329e-19 0 0 0 0
Plastic strain_rate_mean 0 0 0 0 0 0 0 0 0
Dissipation 0.000113442
End step 11
Begin step 12
Stress 1.05075e-12 78.7377 4.93956e-13 78.7377 -1.01712e-12 -2.81953e-12 4.93956e-13 -2.81953e-12 1.00962e-14
Strain 0 0.0004 0 0.0004 0 0 0 0 0
Strain mean 6.71584e-20 0.0004 2.46978e-18 0.0004 5.24816e-33 -1.40976e-17 2.46978e-18 -1.40976e-17 -1.3963e-33
Plastic strain_mean -5.13609e-18 6.31134e-06 0 6.31134e-06 5.13609e-18 0 0 0 0
Plastic strain_rate_mean 0 0 0 0 0 0 0 0 0
Dissipation 0.000321499
End step 12
Begin step 13
Stress 3.11572e-13 83.6628 1.69073e-12 83.6628 -3.41386e-13 -9.90571e-13 1.69073e-12 -9.90571e-13 -8.95204e-15
Strain 0 0.000433333 0 0.000433333 0 0 0 0 0
Strain mean -5.95479e-20 0.000433333 8.45363e-18 0.000433333 9.71632e-32 -4.95285e-18 8.45363e-18 -4.95285e-18 -2.3051e-33
Plastic strain_mean -1.66217e-18 1.50194e-05 0 1.50194e-05 1.66217e-18 0 0 0 0
Plastic strain_rate_mean 0 0 0 0 0 0 0 0 0
Dissipation 0.000728488
End step 13
Begin step 14
Stress -4.71593e-13 87.3491 1.4227e-13 87.3491 4.12315e-13 -1.16526e-12 1.4227e-13 -1.16526e-12 -1.77993e-14
Strain 0 0.000466667 0 0.000466667 0 0 0 0 0
Strain mean -1.18399e-19 0.000466667 7.11352e-19 0.000466667 -6.57224e-33 -5.8263e-18 7.11352e-19 -5.8263e-18 -2.111e-33
Plastic strain_mean 2.15057e-18 2.99212e-05 0 2.99212e-05 -2.15057e-18 0 0 0 0
Plastic strain_rate_mean 0 0 0 0 0 0 0 0 0
Dissipation 0.00130148
End step 14
Begin step 15
Stress -4.41575e-13 89.8088 -3.59005e-13 89.8088 4.40863e-13 1.5837e-12 -3.59005e-13 1.5837e-12 -2.13976e-16
Strain 0 0.0005 0 0.0005 0 0 0 0 0
Strain mean -1.42334e-21 0.0005 -1.79503e-18 0.0005 -4.71853e-33 7.91849e-18 -1.79503e-18 7.91849e-18 3.18982e-34
Plastic strain_mean 2.20538e-18 5.09562e-05 0 5.09562e-05 -2.20538e-18 0 0 0 0
Plastic strain_rate_mean 0 0 0 0 0 0 0 0 0
Dissipation 0.00188871
End step 15
Begin step 16
Stress 1.82495e-12 91.3128 5.07104e-13 91.3128 -1.76498e-12 -2.73488e-13 5.07104e-13 -2.73488e-13 1.80089e-14
Strain 0 0.000533333 0 0.000533333 0 0 0 0 0
Strain mean 1.19793e-19 0.000533333 2.53552e-18 0.000533333 2.40741e-35 -1.36744e-18 2.53552e-18 -1.36744e-18 -1.54225e-33
Plastic strain_mean -8.91493e-18 7.67694e-05 0 7.67694e-05 8.91493e-18 0 0 0 0
Plastic strain_rate_mean 0 0 0 0 0 0 0 0 0
Dissipation 0.00235631
End step 16
Begin step 17
Stress 4.9064e-13 92.1845 -7.13571e-13 92.1845 -3.96836e-13 1.70862e-13 -7.13571e-13 1.70862e-13 2.81662e-14
Strain 0 0.000566667 0 0.000566667 0 0 0 0 0
Strain mean 1.87358e-19 0.000566667 -3.56785e-18 0.000566667 -2.02223e-33 8.54311e-19 -3.56785e-18 8.54311e-19 -1.90487e-33
Plastic strain_mean -2.12501e-18 0.000105744 0 0.000105744 2.12501e-18 0 0 0 0
Plastic strain_rate_mean 0 0 0 0 0 0 0 0 0
Dissipation 0.00266987
End step 17
Begin step 18
Stress -1.22372e-12 92.6776 -6.18629e-14 92.6776 1.22672e-12 -1.39991e-13 -6.18629e-14 -1.39991e-13 8.99571e-16
Strain 0 0.0006 0 0.0006 0 0 0 0 0
Strain mean 5.98384e-21 0.0006 -3.09315e-19 0.0006 5.01945e-33 -6.99956e-19 -3.09315e-19 -6.99956e-19 -1.03067e-33
Plastic strain_mean 6.1291e-18 0.000136612 0 0.000136612 -6.1291e-18 0 0 0 0
Plastic strain_rate_mean 0 0 0 0 0 0 0 0 0
Dissipation 0.00285922
End step 18
Begin step 19
Stress 1.66877e-13 92.9565 4.40405e-13 92.9565 -1.1964e-13 1.66501e-12 4.40405e-13 1.66501e-12 1.41835e-14
Strain 0 0.000633333 0 0.000633333 0 0 0 0 0
Strain mean 9.43472e-20 0.000633333 2.20203e-18 0.000633333 -4.2393e-34 8.32506e-18 2.20203e-18 8.32506e-18 5.09299e-33
Plastic strain_mean -6.69118e-19 0.000168551 0 0.000168551 6.69118e-19 0 0 0 0
Plastic strain_rate_mean 0 0 0 0 0 0 0 0 0
Dissipation 0.00296699
End step 19
Begin step 20
Stress 2.22333e-14 93.118 -6.39897e-13 93.118 -2.28151e-14 1.79118e-12 -6.39897e-13 1.79118e-12 -1.74674e-16
Strain 0 0.000666667 0 0.000666667 0 0 0 0 0
Strain mean -1.16191e-21 0.000666667 -3.19949e-18 0.000666667 2.16667e-34 8.95588e-18 -3.19949e-18 8.95588e-18 3.85637e-33
Plastic strain_mean -1.13202e-19 0.000201076 0 0.000201076 1.13202e-19 0 0 0 0
Plastic strain_rate_mean 0 0 0 0 0 0 0 0 0
Dissipation 0.00302647
End step 20
Begin step 21
Stress 1.79778e-12 93.2162 7.7626e-13 93.2162 -1.84971e-12 4.51332e-13 7.7626e-13 4.51332e-13 -1.5594e-14
Strain 0 0.0007 0 0.0007 0 0 0 0 0
Strain mean -1.0373e-19 0.0007 3.8813e-18 0.0007 2.0463e-34 2.25666e-18 3.8813e-18 2.25666e-18 -1.08334e-33
Plastic strain_mean -9.1706e-18 0.000233919 0 0.000233919 9.1706e-18 0 0 0 0
Plastic strain_rate_mean 0 0 0 0 0 0 0 0 0
Dissipation 0.00305885
End step 21
Begin step 22
Stress 3.4456e-12 93.2804 1.61055e-12 93.2804 -3.46102e-12 1.3147e-12 1.61055e-12 1.3147e-12 -4.62886e-15
Strain 0 0.000733333 0 0.000733333 0 0 0 0 0
Strain mean -3.07906e-20 0.000733333 8.05274e-18 0.000733333 5.56112e-33 6.57349e-18 8.05274e-18 6.57349e-18 -7.22224e-35
Plastic strain_mean -1.72819e-17 0.000266931 0 0.000266931 1.72819e-17 0 0 0 0
Plastic strain_rate_mean 0 0 0 0 0 0 0 0 0
Dissipation 0.00307648
End step 22
Begin step 23
Stress 4.27294e-13 93.3265 1.05148e-12 93.3265 -5.40819e-13 -1.00459e-12 1.05148e-12 -1.00459e-12 -3.40876e-14
Strain 0 0.000766667 0 0.000766667 0 0 0 0 0
Strain mean -2.26747e-19 0.000766667 5.2574e-18 0.000766667 -2.60001e-32 -5.02296e-18 5.2574e-18 -5.02296e-18 7.40279e-34
Plastic strain_mean -2.53366e-18 0.000300034 0 0.000300034 2.53366e-18 0 0 0 0
Plastic strain_rate_mean 0 0 0 0 0 0 0 0 0
Dissipation 0.00308617
End step 23
Begin step 24
Stress 7.05234e-13 93.3629 -2.31645e-12 93.3629 -7.19865e-13 -9.71724e-14 -2.31645e-12 -9.71724e-14 -4.39305e-15
Strain 0 0.0008 0 0.0008 0 0 0 0 0
Strain mean -2.92221e-20 0.0008 -1.15822e-17 0.0008 1.36019e-33 -4.85862e-19 -1.15822e-17 -4.85862e-19 1.93797e-33
Plastic strain_mean -3.57736e-18 0.000333186 0 0.000333186 3.57736e-18 0 0 0 0
Plastic strain_rate_mean 0 0 0 0 0 0 0 0 0
Dissipation 0.00309163
End step 24
Begin step 25
Stress 1.76023e-12 93.3939 -1.95143e-12 93.3939 -1.76286e-12 -4.08127e-14 -1.95143e-12 -4.08127e-14 -7.90399e-16
Strain 0 0.000833333 0 0.000833333 0 0 0 0 0
Strain mean -5.25765e-21 0.000833333 -9.75713e-18 0.000833333 -5.76816e-32 -2.04064e-19 -9.75713e-18 -2.04064e-19 8.75696e-34
Plastic strain_mean -8.81034e-18 0.000366364 0 0.000366364 8.81034e-18 0 0 0 0
Plastic strain_rate_mean 0 0 0 0 0 0 0 0 0
Dissipation 0.00309485
End step 25
Begin step 26
Stress 4.3609e-13 93.4221 8.2056e-13 93.4221 -4.32599e-13 5.5126e-13 8.2056e-13 5.5126e-13 1.04804e-15
Strain 0 0.000866667 0 0.000866667 0 0 0 0 0
Strain mean 6.97146e-21 0.000866667 4.1028e-18 0.000866667 -2.16186e-32 2.7563e-18 4.1028e-18 2.7563e-18 1.79578e-33
Plastic strain_mean -2.16824e-18 0.000399556 0 0.000399556 2.16824e-18 0 0 0 0
Plastic strain_rate_mean 0 0 0 0 0 0 0 0 0
Dissipation 0.00309688
End step 26
Begin step 27
Stress 2.07851e-12 93.4487 -1.49859e-12 93.4487 -2.07889e-12 4.05641e-14 -1.49859e-12 4.05641e-14 -1.13538e-16
Strain 0 0.0009 0 0.0009 0 0 0 0 0
Strain mean -7.55242e-22 0.0009 -7.49296e-18 0.0009 -7.45816e-32 2.0282e-19 -7.49296e-18 2.0282e-19 -4.23554e-34
Plastic strain_mean -1.03939e-17 0.000432756 0 0.000432756 1.03939e-17 0 0 0 0
Plastic strain_rate_mean 0 0 0 0 0 0 0 0 0
Dissipation 0.00309827
End step 27
Begin step 28
Stress 2.22216e-12 93.4743 -1.39094e-12 93.4743 -2.14322e-12 -5.13319e-14 -1.39094e-12 -5.13319e-14 2.37032e-14
Strain 0 0.000933333 0 0.000933333 0 0 0 0 0
Strain mean 1.57671e-19 0.000933333 -6.95468e-18 0.000933333 -3.17778e-32 -2.56659e-19 -6.95468e-18 -2.56659e-19 5.30383e-35
Plastic strain_mean -1.08346e-17 0.000465962 0 0.000465962 1.08346e-17 0 0 0 0
Plastic strain_rate_mean 0 0 0 0 0 0 0 0 0
Dissipation 0.00309932
End step 28
Begin step 29
Stress 1.79054e-12 93.4994 -1.24433e-12 93.4994 -1.88471e-12 -7.89348e-14 -1.24433e-12 -7.89348e-14 -2.82753e-14
Strain 0 0.000966667 0 0.000966667 0 0 0 0 0
Strain mean -1.88084e-19 0.000966667 -6.22167e-18 0.000966667 2.16667e-33 -3.94674e-19 -6.22167e-18 -3.94674e-19 7.97455e-35
Plastic strain_mean -9.28217e-18 0.00049917 0 0.00049917 9.28217e-18 0 0 0 0
Plastic strain_rate_mean 0 0 0 0 0 0 0 0 0
Dissipation 0.0031002
End step 29
Begin step 30
Stress 1.65803e-12 93.524 -1.08947e-12 93.524 -1.53965e-12 -1.08813e-13 -1.08947e-12 -1.08813e-13 3.55461e-14
Strain 0 0.001 0 0.001 0 0 0 0 0
Strain mean 2.36449e-19 0.001 -5.44733e-18 0.001 -4.68242e-32 -5.44064e-19 -5.44733e-18 -5.44064e-19 8.14382e-35
Plastic strain_mean -7.87599e-18 0.00053238 0 0.00053238 7.87599e-18 0 0 0 0
Plastic strain_rate_mean 0 0 0 0 0 0 0 0 0
Dissipation 0.00310097
End step 30
