Begin step 0
Stress 0 0 0 0 0 0 0 0 0
Strain 0 0 0 0 0 0 0 0 0
Strain mean 0 0 0 0 0 0 0 0 0
Plastic strain_mean 0 0 0 0 0 0 0 0 0
Plastic strain_rate_mean 0 0 0 0 0 0 0 0 0
Dissipation 0
End step 0
Begin step 1
Stress -4.73326e-14 66.3452 2.47872e-12 66.3452 6.16431e-14 -5.50935e-13 2.47872e-12 -5.50935e-13 4.29698e-15
Strain 0 0.000333333 0 0.000333333 0 0 0 0 0
Strain mean 2.8583e-20 0.000333333 1.23936e-17 0.000333333 -1.10741e-33 -2.75467e-18 1.23936e-17 -2.75467e-18 -7.10017e-33
Plastic strain_mean 2.86731e-19 1.60748e-06 0 1.60748e-06 -2.86731e-19 0 0 0 0
Plastic strain_rate_mean 0 0 0 0 0 0 0 0 0
Dissipation 0.000106647
End step 1
Begin step 2
Stress 1.71889e-13 104.151 -1.16871e-13 104.151 -2.02532e-13 -1.4309e-12 -1.16871e-13 -1.4309e-12 -9.20095e-15
Strain 0 0.000666667 0 0.000666667 0 0 0 0 0
Strain mean -6.12036e-20 0.000666667 -5.84354e-19 0.000666667 2.54283e-34 -7.15451e-18 -5.84354e-19 -7.15451e-18 7.90802e-34
Plastic strain_mean -9.66653e-19 0.000145913 0 0.000145913 9.66653e-19 0 0 0 0
Plastic strain_rate_mean 0 0 0 0 0 0 0 0 0
Dissipation 0.0150218
End step 2
Begin step 3
Stress 2.60528e-12 112.077 1.81029e-12 112.077 -2.4871e-12 -3.5233e-12 1.81029e-12 -3.5233e-12 3.5485e-14
Strain 0 0.001 0 0.001 0 0 0 0 0
Strain mean 2.36042e-19 0.001 9.05144e-18 0.001 -8.66668e-34 -1.76165e-17 9.05144e-18 -1.76165e-17 1.29398e-34
Plastic strain_mean -1.26129e-17 0.000439615 0 0.000439615 1.26129e-17 0 0 0 0
Plastic strain_rate_mean 0 0 0 0 0 0 0 0 0
Dissipation 0.0328762
End step 3
Begin step 4
Stress -1.02538e-12 113.529 -2.43977e-12 113.529 9.48304e-13 -5.87117e-12 -2.43977e-12 -5.87117e-12 -2.31443e-14
Strain 0 0.00133333 0 0.00133333 0 0 0 0 0
Strain mean -1.53953e-19 0.00133333 -1.21989e-17 0.00133333 -2.34121e-33 -2.93559e-17 -1.21989e-17 -2.93559e-17 -6.47932e-33
Plastic strain_mean 4.85724e-18 0.000765689 0 0.000765689 -4.85724e-18 0 0 0 0
Plastic strain_rate_mean 0 0 0 0 0 0 0 0 0
Dissipation 0.0369483
End step 4
Begin step 5
Stress -4.24937e-14 113.973 2.77035e-13 113.973 5.37211e-14 -1.9576e-12 2.77035e-13 -1.9576e-12 3.37121e-15
Strain 0 0.00166667 0 0.00166667 0 0 0 0 0
Strain mean 2.24249e-20 0.00166667 1.38517e-18 0.00166667 4.21297e-34 -9.78802e-18 1.38517e-18 -9.78802e-18 -1.47153e-33
Plastic strain_mean 2.51749e-19 0.0010968 0 0.0010968 -2.51749e-19 0 0 0 0
Plastic strain_rate_mean 0 0 0 0 0 0 0 0 0
Dissipation 0.0376451
End step 5
Begin step 6
Stress 4.68594e-13 114.262 2.65564e-12 114.262 -6.54311e-13 -1.46569e-12 2.65564e-12 -1.46569e-12 -5.57646e-14
Strain 0 0.002 0 0.002 0 0 0 0 0
Strain mean -3.7094e-19 0.002 1.32782e-17 0.002 3.82177e-34 -7.32845e-18 1.32782e-17 -7.32845e-18 -2.0621e-33
Plastic strain_mean -2.99273e-18 0.00142869 0 0.00142869 2.99273e-18 0 0 0 0
Plastic strain_rate_mean 0 0 0 0 0 0 0 0 0
Dissipation 0.0378101
End step 6
Begin step 7
Stress 3.95147e-13 114.525 2.13235e-12 114.525 -3.44653e-13 -1.14423e-12 2.13235e-12 -1.14423e-12 1.51617e-14
Strain 0 0.00233333 0 0.00233333 0 0 0 0 0
Strain mean 1.00854e-19 0.00233333 1.06618e-17 0.00233333 -6.17276e-34 -5.72114e-18 1.06618e-17 -5.72114e-18 -1.09236e-33
Plastic strain_mean -1.79907e-18 0.00176071 0 0.00176071 1.79907e-18 0 0 0 0
Plastic strain_rate_mean 0 0 0 0 0 0 0 0 0
Dissipation 0.0378958
End step 7
Begin step 8
Stress 1.96856e-13 114.78 1.61353e-12 114.78 -2.22278e-13 -8.88795e-13 1.61353e-12 -8.88795e-13 -7.63325e-15
Strain 0 0.00266667 0 0.00266667 0 0 0 0 0
Strain mean -5.07755e-20 0.00266667 8.06766e-18 0.00266667 3.72397e-34 -4.44398e-18 8.06766e-18 -4.44398e-18 -1.13788e-33
Plastic strain_mean -1.07322e-18 0.00209277 0 0.00209277 1.07322e-18 0 0 0 0
Plastic strain_rate_mean 0 0 0 0 0 0 0 0 0
Dissipation 0.0379691
End step 8
Begin step 9
Stress -1.45011e-12 115.031 3.69941e-12 115.031 1.37309e-12 -3.27103e-12 3.69941e-12 -3.27103e-12 -2.31268e-14
Strain 0 0.003 0 0.003 0 0 0 0 0
Strain mean -1.53837e-19 0.003 1.84971e-17 0.003 -9.38891e-34 -1.63552e-17 1.84971e-17 -1.63552e-17 -1.74537e-34
Plastic strain_mean 6.98108e-18 0.00242484 0 0.00242484 -6.98108e-18 0 0 0 0
Plastic strain_rate_mean 0 0 0 0 0 0 0 0 0
Dissipation 0.03804
End step 9
Begin step 10
Stress -1.03831e-12 115.28 3.07546e-12 115.28 1.23837e-12 -2.4607e-12 3.07546e-12 -2.4607e-12 6.00704e-14
Strain 0 0.00333333 0 0.00333333 0 0 0 0 0
Strain mean 3.99581e-19 0.00333333 1.53773e-17 0.00333333 2.0463e-33 -1.23035e-17 1.53773e-17 -1.23035e-17 -9.62965e-34
Plastic strain_mean 5.89149e-18 0.00275693 0 0.00275693 -5.89149e-18 0 0 0 0
Plastic strain_rate_mean 0 0 0 0 0 0 0 0 0
Dissipation 0.0381102
End step 10
Begin step 11
Stress -5.44589e-13 115.527 2.34428e-12 115.527 8.94732e-13 -1.85936e-12 2.34428e-12 -1.85936e-12 1.05136e-13
Strain 0 0.00366667 0 0.00366667 0 0 0 0 0
Strain mean 6.99354e-19 0.00366667 1.17214e-17 0.00366667 1.97408e-33 -9.2968e-18 1.17214e-17 -9.2968e-18 8.42594e-35
Plastic strain_mean 3.94798e-18 0.00308903 0 0.00308903 -3.94798e-18 0 0 0 0
Plastic strain_rate_mean 0 0 0 0 0 0 0 0 0
Dissipation 0.0381799
End step 11
Begin step 12
Stress -7.16508e-13 115.772 2.16989e-12 115.772 5.95479e-13 -1.43753e-12 2.16989e-12 -1.43753e-12 -3.63409e-14
Strain 0 0.004 0 0.004 0 0 0 0 0
Strain mean -2.41736e-19 0.004 1.08495e-17 0.004 1.0713e-33 -7.18764e-18 1.08495e-17 -7.18764e-18 4.12269e-34
Plastic strain_mean 3.1591e-18 0.00342114 0 0.00342114 -3.1591e-18 0 0 0 0
Plastic strain_rate_mean 0 0 0 0 0 0 0 0 0
Dissipation 0.0382492
End step 12
Begin step 13
Stress -6.94843e-14 116.015 1.77364e-12 116.015 6.26084e-13 -1.12414e-12 1.77364e-12 -1.12414e-12 1.67128e-13
Strain 0 0.00433333 0 0.00433333 0 0 0 0 0
Strain mean 1.11172e-18 0.00433333 8.86822e-18 0.00433333 1.30602e-33 -5.6207e-18 8.86822e-18 -5.6207e-18 -3.00927e-36
Plastic strain_mean 2.29478e-18 0.00375326 0 0.00375326 -2.29478e-18 0 0 0 0
Plastic strain_rate_mean 0 0 0 0 0 0 0 0 0
Dissipation 0.0383183
End step 13
Begin step 14
Stress -3.05794e-13 116.257 1.38573e-12 116.257 4.40406e-13 -9.02354e-13 1.38573e-12 -9.02354e-13 4.04195e-14
Strain 0 0.00466667 0 0.00466667 0 0 0 0 0
Strain mean 2.68866e-19 0.00466667 6.92867e-18 0.00466667 -1.06528e-33 -4.51177e-18 6.92867e-18 -4.51177e-18 -2.70834e-35
Plastic strain_mean 1.99993e-18 0.00408538 0 0.00408538 -1.99993e-18 0 0 0 0
Plastic strain_rate_mean 0 0 0 0 0 0 0 0 0
Dissipation 0.0383872
End step 14
Begin step 15
Stress -3.81314e-12 116.498 1.02971e-12 116.498 3.5018e-12 -3.8416e-12 1.02971e-12 -3.8416e-12 -9.34855e-14
Strain 0 0.005 0 0.005 0 0 0 0 0
Strain mean -6.21855e-19 0.005 5.14856e-18 0.005 1.8176e-33 -1.9208e-17 5.14856e-18 -1.9208e-17 -3.66829e-33
Plastic strain_mean 1.79764e-17 0.00441751 0 0.00441751 -1.79764e-17 0 0 0 0
Plastic strain_rate_mean 0 0 0 0 0 0 0 0 0
Dissipation 0.0384559
End step 15
Begin step 16
Stress -3.34983e-12 116.739 2.77332e-13 116.739 3.21051e-12 -3.15693e-12 2.77332e-13 -3.15693e-12 -4.18344e-14
Strain 0 0.00533333 0 0.00533333 0 0 0 0 0
Strain mean -2.78278e-19 0.00533333 1.38666e-18 0.00533333 -1.48056e-33 -1.57847e-17 1.38666e-18 -1.57847e-17 -3.2154e-33
Plastic strain_mean 1.62617e-17 0.00474964 0 0.00474964 -1.62617e-17 0 0 0 0
Plastic strain_rate_mean 0 0 0 0 0 0 0 0 0
Dissipation 0.0385244
End step 16
Begin step 17
Stress -3.02941e-12 116.978 4.96578e-13 116.978 2.48572e-12 -2.64418e-12 4.96578e-13 -2.64418e-12 -1.6325e-13
Strain 0 0.00566667 0 0.00566667 0 0 0 0 0
Strain mean -1.08592e-18 0.00566667 2.48289e-18 0.00566667 -3.73149e-33 -1.32209e-17 2.48289e-18 -1.32209e-17 -1.80706e-33
Plastic strain_mean 1.32449e-17 0.00508178 0 0.00508178 -1.32449e-17 0 0 0 0
Plastic strain_rate_mean 0 0 0 0 0 0 0 0 0
Dissipation 0.0385928
End step 17
Begin step 18
Stress -2.66934e-12 117.216 6.40119e-13 117.216 1.98488e-12 -2.25115e-12 6.40119e-13 -2.25115e-12 -2.05521e-13
Strain 0 0.006 0 0.006 0 0 0 0 0
Strain mean -1.3671e-18 0.006 3.2006e-18 0.006 1.14954e-33 -1.12558e-17 3.2006e-18 -1.12558e-17 -1.22101e-33
Plastic strain_mean 1.0952e-17 0.00541392 0 0.00541392 -1.0952e-17 0 0 0 0
Plastic strain_rate_mean 0 0 0 0 0 0 0 0 0
Dissipation 0.038661
End step 18
Begin step 19
Stress -2.02724e-12 117.454 3.49585e-14 117.454 1.84376e-12 -1.95065e-12 3.49585e-14 -1.95065e-12 -5.50921e-14
Strain 0 0.00633333 0 0.00633333 0 0 0 0 0
Strain mean -3.66467e-19 0.00633333 1.74793e-19 0.00633333 2.21482e-33 -9.75327e-18 1.74793e-19 -9.75327e-18 -9.75002e-34
Plastic strain_mean 9.49425e-18 0.00574606 0 0.00574606 -9.49425e-18 0 0 0 0
Plastic strain_rate_mean 0 0 0 0 0 0 0 0 0
Dissipation 0.0387292
End step 19
Begin step 20
Stress -1.24358e-12 117.692 8.14894e-14 117.692 1.60862e-12 -1.6933e-12 8.14894e-14 -1.6933e-12 1.09608e-13
Strain 0 0.00666667 0 0.00666667 0 0 0 0 0
Strain mean 7.29099e-19 0.00666667 4.07447e-19 0.00666667 1.3963e-33 -8.4665e-18 4.07447e-19 -8.4665e-18 -5.7966e-34
Plastic strain_mean 7.49506e-18 0.00607821 0 0.00607821 -7.49506e-18 0 0 0 0
Plastic strain_rate_mean 0 0 0 0 0 0 0 0 0
Dissipation 0.0387972
End step 20
Begin step 21
Stress -1.71175e-12 117.928 -2.00922e-13 117.928 1.32502e-12 -1.48201e-12 -2.00922e-13 -1.48201e-12 -1.16123e-13
Strain 0 0.007 0 0.007 0 0 0 0 0
Strain mean -7.72438e-19 0.007 -1.00461e-18 0.007 3.94214e-34 -7.41004e-18 -1.00461e-18 -7.41004e-18 -7.68115e-34
Plastic strain_mean 7.20572e-18 0.00641036 0 0.00641036 -7.20572e-18 0 0 0 0
Plastic strain_rate_mean 0 0 0 0 0 0 0 0 0
Dissipation 0.0388652
End step 21
Begin step 22
Stress -1.56809e-12 118.165 -3.39731e-13 118.165 9.95204e-13 -1.32519e-12 -3.39731e-13 -1.32519e-12 -1.72019e-13
Strain 0 0.00733333 0 0.00733333 0 0 0 0 0
Strain mean -1.14425e-18 0.00733333 -1.69866e-18 0.00733333 8.90743e-34 -6.62594e-18 -1.69866e-18 -6.62594e-18 -4.44431e-34
Plastic strain_mean 5.83612e-18 0.00674251 0 0.00674251 -5.83612e-18 0 0 0 0
Plastic strain_rate_mean 0 0 0 0 0 0 0 0 0
Dissipation 0.0389331
End step 22
Begin step 23
Stress -3.10675e-13 118.401 -3.56425e-13 118.401 1.17931e-12 -1.17374e-12 -3.56425e-13 -1.17374e-12 2.60823e-13
Strain 0 0.00766667 0 0.00766667 0 0 0 0 0
Strain mean 1.73497e-18 0.00766667 -1.78212e-18 0.00766667 -9.50928e-34 -5.86869e-18 -1.78212e-18 -5.86869e-18 -1.09669e-33
Plastic strain_mean 4.59245e-18 0.00707466 0 0.00707466 -4.59245e-18 0 0 0 0
Plastic strain_rate_mean 0 0 0 0 0 0 0 0 0
Dissipation 0.0390009
End step 23
Begin step 24
Stress -3.7083e-13 118.636 1.48887e-13 118.636 8.21496e-13 -1.06738e-12 1.48887e-13 -1.06738e-12 1.3532e-13
Strain 0 0.008 0 0.008 0 0 0 0 0
Strain mean 9.00132e-19 0.008 7.44436e-19 0.008 7.31252e-34 -5.33692e-18 7.44436e-19 -5.33692e-18 -8.76449e-34
Plastic strain_mean 3.43088e-18 0.00740682 0 0.00740682 -3.43088e-18 0 0 0 0
Plastic strain_rate_mean 0 0 0 0 0 0 0 0 0
Dissipation 0.0390687
End step 24
Begin step 25
Stress -3.06787e-12 118.872 -3.47474e-12 118.872 2.96874e-12 -1.53344e-12 -3.47474e-12 -1.53344e-12 -2.97644e-14
Strain 0 0.00833333 0 0.00833333 0 0 0 0 0
Strain mean -1.9799e-19 0.00833333 -1.73737e-17 0.00833333 4.23705e-33 -7.6672e-18 -1.73737e-17 -7.6672e-18 9.14516e-33
Plastic strain_mean 1.49925e-17 0.00773897 0 0.00773897 -1.49925e-17 0 0 0 0
Plastic strain_rate_mean 0 0 0 0 0 0 0 0 0
Dissipation 0.0391364
End step 25
Begin step 26
Stress -3.25965e-12 119.107 -2.25275e-12 119.107 2.87222e-12 -1.5119e-12 -2.25275e-12 -1.5119e-12 -1.16333e-13
Strain 0 0.00866667 0 0.00866667 0 0 0 0 0
Strain mean -7.73833e-19 0.00866667 -1.12638e-17 0.00866667 2.08241e-33 -7.55949e-18 -1.12638e-17 -7.55949e-18 7.78347e-33
Plastic strain_mean 1.49427e-17 0.00807113 0 0.00807113 -1.49427e-17 0 0 0 0
Plastic strain_rate_mean 0 0 0 0 0 0 0 0 0
Dissipation 0.0392041
End step 26
Begin step 27
Stress -1.71656e-12 119.341 -2.53487e-12 119.341 2.76437e-12 -1.46083e-12 -2.53487e-12 -1.46083e-12 3.14623e-13
Strain 0 0.009 0 0.009 0 0 0 0 0
Strain mean 2.09283e-18 0.009 -1.26743e-17 0.009 2.44352e-33 -7.30415e-18 -1.26743e-17 -7.30415e-18 7.61344e-33
Plastic strain_mean 1.22488e-17 0.00840329 0 0.00840329 -1.22488e-17 0 0 0 0
Plastic strain_rate_mean 0 0 0 0 0 0 0 0 0
Dissipation 0.0392717
End step 27
Begin step 28
Stress -2.63427e-12 119.576 -1.17569e-12 119.576 1.97447e-12 -1.41967e-12 -1.17569e-12 -1.41967e-12 -1.98115e-13
Strain 0 0.00933333 0 0.00933333 0 0 0 0 0
Strain mean -1.31784e-18 0.00933333 -5.87844e-18 0.00933333 -2.51575e-33 -7.09834e-18 -5.87844e-18 -7.09834e-18 5.90869e-33
Plastic strain_mean 1.08629e-17 0.00873545 0 0.00873545 -1.08629e-17 0 0 0 0
Plastic strain_rate_mean 0 0 0 0 0 0 0 0 0
Dissipation 0.0393393
End step 28
Begin step 29
Stress -2.57461e-12 119.81 -1.48914e-12 119.81 2.12156e-12 -1.3462e-12 -1.48914e-12 -1.3462e-12 -1.36036e-13
Strain 0 0.00966667 0 0.00966667 0 0 0 0 0
Strain mean -9.04896e-19 0.00966667 -7.44571e-18 0.00966667 1.08334e-34 -6.73099e-18 -7.44571e-18 -6.73099e-18 4.97582e-33
Plastic strain_mean 1.1288e-17 0.00906762 0 0.00906762 -1.1288e-17 0 0 0 0
Plastic strain_rate_mean 0 0 0 0 0 0 0 0 0
Dissipation 0.0394069
End step 29
Begin step 30
Stress -1.80142e-12 120.044 -1.09104e-12 120.044 1.95977e-12 -1.30187e-12 -1.09104e-12 -1.30187e-12 4.75462e-14
Strain 0 0.01 0 0.01 0 0 0 0 0
Strain mean 3.16272e-19 0.01 -5.4552e-18 0.01 5.7176e-34 -6.50936e-18 -5.4552e-18 -6.50936e-18 3.53137e-33
Plastic strain_mean 9.56111e-18 0.00939978 0 0.00939978 -9.56111e-18 0 0 0 0
Plastic strain_rate_mean 0 0 0 0 0 0 0 0 0
Dissipation 0.0394744
End step 30
