Begin step 0
Stress 0 0 0 0 0 0 0 0 0
Strain 0 0 0 0 0 0 0 0 0
Strain mean 0 0 0 0 0 0 0 0 0
Plastic strain_mean 0 0 0 0 0 0 0 0 0
Plastic strain_rate_mean 0 0 0 0 0 0 0 0 0
Dissipation 0
End step 0
Begin step 1
Stress -2.17607e-12 2.28213 -1.51331e-12 2.28213 2.17666e-12 -2.418e-12 -1.51331e-12 -2.418e-12 1.7754e-16
Strain 0 3.33333e-05 0 3.33333e-05 0 0 0 0 0
Strain mean 1.18097e-21 3.33333e-05 -7.56656e-18 3.33333e-05 1.28195e-33 -1.209e-17 -7.56656e-18 -1.209e-17 -3.61112e-34
Plastic strain_mean 1.08824e-17 2.19227e-05 0 2.19227e-05 -1.08824e-17 0 0 0 0
Plastic strain_rate_mean 0 0 0 0 0 0 0 0 0
Dissipation 4.98713e-05
End step 1
Begin step 2
Stress -6.16927e-13 3.06842 9.69168e-13 3.06842 6.15401e-13 3.94746e-12 9.69168e-13 3.94746e-12 -4.57973e-16
Strain 0 6.66667e-05 0 6.66667e-05 0 0 0 0 0
Strain mean -3.04638e-21 6.66667e-05 4.84584e-18 6.66667e-05 3.62797e-32 1.97373e-17 4.84584e-18 1.97373e-17 2.38748e-33
Plastic strain_mean 3.0793e-18 5.13246e-05 0 5.13246e-05 -3.0793e-18 0 0 0 0
Plastic strain_rate_mean 0 0 0 0 0 0 0 0 0
Dissipation 8.97381e-05
End step 2
Begin step 3
Stress -1.00875e-12 3.34418 -2.14796e-12 3.34418 1.01455e-12 -2.09747e-12 -2.14796e-12 -2.09747e-12 1.74019e-15
Strain 0 0.0001 0 0.0001 0 0 0 0 0
Strain mean 1.15755e-20 0.0001 -1.07398e-17 0.0001 -2.28102e-33 -1.04874e-17 -1.07398e-17 -1.04874e-17 7.10187e-34
Plastic strain_mean 5.06404e-18 8.32791e-05 0 8.32791e-05 -5.06404e-18 0 0 0 0
Plastic strain_rate_mean 0 0 0 0 0 0 0 0 0
Dissipation 0.000106053
End step 3
Begin step 4
Stress -2.94843e-13 3.44555 -5.4398e-13 3.44555 2.82741e-13 -7.45273e-13 -5.4398e-13 -7.45273e-13 -3.63376e-15
Strain 0 0.000133333 0 0.000133333 0 0 0 0 0
Strain mean -2.41714e-20 0.000133333 -2.7199e-18 0.000133333 -2.07639e-34 -3.72637e-18 -2.7199e-18 -3.72637e-18 4.60418e-34
Plastic strain_mean 1.43187e-18 0.000116106 0 0.000116106 -1.43187e-18 0 0 0 0
Plastic strain_rate_mean 0 0 0 0 0 0 0 0 0
Dissipation 0.000111998
End step 4
Begin step 5
Stress 2.17621e-12 3.48718 1.99518e-12 3.48718 -2.18341e-12 -2.03057e-12 1.99518e-12 -2.03057e-12 -2.16214e-15
Strain 0 0.000166667 0 0.000166667 0 0 0 0 0
Strain mean -1.43823e-20 0.000166667 9.97589e-18 0.000166667 -1.35417e-33 -1.01529e-17 9.97589e-18 -1.01529e-17 3.40799e-33
Plastic strain_mean -1.09062e-17 0.000149231 0 0.000149231 1.09062e-17 0 0 0 0
Plastic strain_rate_mean 0 0 0 0 0 0 0 0 0
Dissipation 0.000114137
End step 5
Begin step 6
Stress 7.57378e-13 3.50821 4.21062e-13 3.50821 -7.64737e-13 -8.16412e-13 4.21062e-13 -8.16412e-13 -2.20962e-15
Strain 0 0.0002 0 0.0002 0 0 0 0 0
Strain mean -1.46982e-20 0.0002 2.10531e-18 0.0002 -2.20128e-33 -4.08206e-18 2.10531e-18 -4.08206e-18 8.72687e-34
Plastic strain_mean -3.81264e-18 0.000182459 0 0.000182459 3.81264e-18 0 0 0 0
Plastic strain_rate_mean 0 0 0 0 0 0 0 0 0
Dissipation 0.000114951
End step 6
Begin step 7
Stress -5.15118e-13 3.52202 -1.65589e-12 3.52202 5.24455e-13 -5.31339e-13 -1.65589e-12 -5.31339e-13 2.80352e-15
Strain 0 0.000233333 0 0.000233333 0 0 0 0 0
Strain mean 1.86487e-20 0.000233333 -8.27945e-18 0.000233333 3.87593e-33 -2.65669e-18 -8.27945e-18 -2.65669e-18 -2.76852e-34
Plastic strain_mean 2.60826e-18 0.000215723 0 0.000215723 -2.60826e-18 0 0 0 0
Plastic strain_rate_mean 0 0 0 0 0 0 0 0 0
Dissipation 0.000115313
End step 7
Begin step 8
Stress 1.62123e-13 3.53318 -1.68711e-12 3.53318 -1.31524e-13 1.88212e-13 -1.68711e-12 1.88212e-13 9.18785e-15
Strain 0 0.000266667 0 0.000266667 0 0 0 0 0
Strain mean 6.11165e-20 0.000266667 -8.43554e-18 0.000266667 -7.46298e-34 9.41059e-19 -8.43554e-18 9.41059e-19 2.10649e-35
Plastic strain_mean -7.03561e-19 0.000249001 0 0.000249001 7.03561e-19 0 0 0 0
Plastic strain_rate_mean 0 0 0 0 0 0 0 0 0
Dissipation 0.000115521
End step 8
Begin step 9
Stress 5.39275e-13 3.54327 -2.84233e-12 3.54327 -5.35072e-13 -1.94947e-12 -2.84233e-12 -1.94947e-12 1.26202e-15
Strain 0 0.0003 0 0.0003 0 0 0 0 0
Strain mean 8.39481e-21 0.0003 -1.42117e-17 0.0003 -5.46934e-33 -9.74734e-18 -1.42117e-17 -9.74734e-18 -2.10649e-35
Plastic strain_mean -2.68167e-18 0.000282284 0 0.000282284 2.68167e-18 0 0 0 0
Plastic strain_rate_mean 0 0 0 0 0 0 0 0 0
Dissipation 0.00011568
End step 9
Begin step 10
Stress 5.92925e-13 3.55284 -3.27555e-12 3.55284 -6.35227e-13 -2.69636e-12 -3.27555e-12 -2.69636e-12 -1.27021e-14
Strain 0 0.000333333 0 0.000333333 0 0 0 0 0
Strain mean -8.44927e-20 0.000333333 -1.63778e-17 0.000333333 6.55719e-33 -1.34818e-17 -1.63778e-17 -1.34818e-17 -8.45604e-34
Plastic strain_mean -3.11263e-18 0.000315569 0 0.000315569 3.11263e-18 0 0 0 0
Plastic strain_rate_mean 0 0 0 0 0 0 0 0 0
Dissipation 0.000115821
End step 10
Begin step 11
Stress 6.56484e-13 3.56208 -3.47055e-12 3.56208 -6.46391e-13 -2.81123e-12 -3.47055e-12 -2.81123e-12 3.03059e-15
Strain 0 0.000366667 0 0.000366667 0 0 0 0 0
Strain mean 2.01592e-20 0.000366667 -1.73528e-17 0.000366667 2.30209e-34 -1.40562e-17 -1.73528e-17 -1.40562e-17 -6.59029e-34
Plastic strain_mean -3.24711e-18 0.000348856 0 0.000348856 3.24711e-18 0 0 0 0
Plastic strain_rate_mean 0 0 0 0 0 0 0 0 0
Dissipation 0.000115958
End step 11
Begin step 12
Stress 7.18859e-13 3.57108 -3.56073e-12 3.57108 -6.67558e-13 -2.72331e-12 -3.56073e-12 -2.72331e-12 1.54041e-14
Strain 0 0.0004 0 0.0004 0 0 0 0 0
Strain mean 1.02466e-19 0.0004 -1.78036e-17 0.0004 3.14468e-33 -1.36165e-17 -1.78036e-17 -1.36165e-17 -7.76391e-34
Plastic strain_mean -3.41481e-18 0.000382145 0 0.000382145 3.41481e-18 0 0 0 0
Plastic strain_rate_mean 0 0 0 0 0 0 0 0 0
Dissipation 0.000116093
End step 12
Begin step 13
Stress 7.41047e-13 3.57986 -3.6038e-12 3.57986 -6.68196e-13 -2.58194e-12 -3.6038e-12 -2.58194e-12 2.18746e-14
Strain 0 0.000433333 0 0.000433333 0 0 0 0 0
Strain mean 1.45508e-19 0.000433333 -1.8019e-17 0.000433333 5.96136e-33 -1.29097e-17 -1.8019e-17 -1.29097e-17 -1.1676e-33
Plastic strain_mean -3.45035e-18 0.000415434 0 0.000415434 3.45035e-18 0 0 0 0
Plastic strain_rate_mean 0 0 0 0 0 0 0 0 0
Dissipation 0.000116227
End step 13
Begin step 14
Stress 7.29975e-13 3.58845 -3.60469e-12 3.58845 -7.13149e-13 -2.43363e-12 -3.60469e-12 -2.43363e-12 5.05244e-15
Strain 0 0.000466667 0 0.000466667 0 0 0 0 0
Strain mean 3.36083e-20 0.000466667 -1.80235e-17 0.000466667 -4.34538e-33 -1.21681e-17 -1.80235e-17 -1.21681e-17 -8.27548e-34
Plastic strain_mean -3.59101e-18 0.000448724 0 0.000448724 3.59101e-18 0 0 0 0
Plastic strain_rate_mean 0 0 0 0 0 0 0 0 0
Dissipation 0.000116361
End step 14
Begin step 15
Stress 7.1632e-13 3.59686 -3.61683e-12 3.59686 -7.31183e-13 -2.29215e-12 -3.61683e-12 -2.29215e-12 -4.46292e-15
Strain 0 0.0005 0 0.0005 0 0 0 0 0
Strain mean -2.96868e-20 0.0005 -1.80841e-17 0.0005 3.98427e-33 -1.14608e-17 -1.80841e-17 -1.14608e-17 -1.28496e-33
Plastic strain_mean -3.6336e-18 0.000482016 0 0.000482016 3.6336e-18 0 0 0 0
Plastic strain_rate_mean 0 0 0 0 0 0 0 0 0
Dissipation 0.000116494
End step 15
Begin step 16
Stress 6.78183e-13 3.6051 -3.6101e-12 3.6051 -7.14977e-13 -2.156e-12 -3.6101e-12 -2.156e-12 -1.10481e-14
Strain 0 0.000533333 0 0.000533333 0 0 0 0 0
Strain mean -7.34909e-20 0.000533333 -1.80505e-17 0.000533333 2.26899e-33 -1.078e-17 -1.80505e-17 -1.078e-17 -1.23681e-33
Plastic strain_mean -3.51965e-18 0.000515308 0 0.000515308 3.51965e-18 0 0 0 0
Plastic strain_rate_mean 0 0 0 0 0 0 0 0 0
Dissipation 0.000116626
End step 16
Begin step 17
Stress 6.72719e-13 3.61319 -3.51512e-12 3.61319 -6.8924e-13 -2.02328e-12 -3.51512e-12 -2.02328e-12 -4.96074e-15
Strain 0 0.000566667 0 0.000566667 0 0 0 0 0
Strain mean -3.29983e-20 0.000566667 -1.75756e-17 0.000566667 -4.81482e-33 -1.01164e-17 -1.75756e-17 -1.01164e-17 -1.0713e-33
Plastic strain_mean -3.4214e-18 0.000548601 0 0.000548601 3.4214e-18 0 0 0 0
Plastic strain_rate_mean 0 0 0 0 0 0 0 0 0
Dissipation 0.000116757
End step 17
Begin step 18
Stress 6.42913e-13 3.62114 -3.40674e-12 3.62114 -6.27948e-13 -1.88512e-12 -3.40674e-12 -1.88512e-12 4.49349e-15
Strain 0 0.0006 0 0.0006 0 0 0 0 0
Strain mean 2.98902e-20 0.0006 -1.70337e-17 0.0006 -2.26899e-33 -9.42561e-18 -1.70337e-17 -9.42561e-18 -8.84724e-34
Plastic strain_mean -3.16221e-18 0.000581894 0 0.000581894 3.16221e-18 0 0 0 0
Plastic strain_rate_mean 0 0 0 0 0 0 0 0 0
Dissipation 0.000116886
End step 18
Begin step 19
Stress 5.67177e-13 3.62894 -3.26187e-12 3.62894 -5.6678e-13 -1.72554e-12 -3.26187e-12 -1.72554e-12 1.18997e-16
Strain 0 0.000633333 0 0.000633333 0 0 0 0 0
Strain mean 7.91552e-22 0.000633333 -1.63093e-17 0.000633333 2.50371e-33 -8.62771e-18 -1.63093e-17 -8.62771e-18 -6.59029e-34
Plastic strain_mean -2.8345e-18 0.000615189 0 0.000615189 2.8345e-18 0 0 0 0
Plastic strain_rate_mean 0 0 0 0 0 0 0 0 0
Dissipation 0.000117014
End step 19
Begin step 20
Stress 5.03263e-13 3.63662 -3.02052e-12 3.63662 -4.72468e-13 -1.50444e-12 -3.02052e-12 -1.50444e-12 9.2468e-15
Strain 0 0.000666667 0 0.000666667 0 0 0 0 0
Strain mean 6.15087e-20 0.000666667 -1.51026e-17 0.000666667 1.76945e-33 -7.52221e-18 -1.51026e-17 -7.52221e-18 -8.00465e-34
Plastic strain_mean -2.40857e-18 0.000648484 0 0.000648484 2.40857e-18 0 0 0 0
Plastic strain_rate_mean 0 0 0 0 0 0 0 0 0
Dissipation 0.000117141
End step 20
Begin step 21
Stress 3.33035e-13 3.64417 -2.63173e-12 3.64417 -3.63423e-13 -1.0751e-12 -2.63173e-12 -1.0751e-12 -9.12453e-15
Strain 0 0.0007 0 0.0007 0 0 0 0 0
Strain mean -6.06953e-20 0.0007 -1.31586e-17 0.0007 2.67223e-33 -5.37548e-18 -1.31586e-17 -5.37548e-18 -4.75464e-34
Plastic strain_mean -1.77149e-18 0.000681779 0 0.000681779 1.77149e-18 0 0 0 0
Plastic strain_rate_mean 0 0 0 0 0 0 0 0 0
Dissipation 0.000117267
End step 21
Begin step 22
Stress 1.47372e-13 3.6516 -6.41113e-13 3.6516 -1.65275e-13 2.30261e-12 -6.41113e-13 2.30261e-12 -5.37559e-15
Strain 0 0.000733333 0 0.000733333 0 0 0 0 0
Strain mean -3.57578e-20 0.000733333 -3.20556e-18 0.000733333 -9.43706e-33 1.15131e-17 -3.20556e-18 1.15131e-17 1.71528e-33
Plastic strain_mean -7.99498e-19 0.000715075 0 0.000715075 7.99498e-19 0 0 0 0
Plastic strain_rate_mean 0 0 0 0 0 0 0 0 0
Dissipation 0.000117391
End step 22
Begin step 23
Stress 5.10639e-13 3.65893 -1.13464e-13 3.65893 -3.92584e-13 3.05988e-12 -1.13464e-13 3.05988e-12 3.54479e-14
Strain 0 0.000766667 0 0.000766667 0 0 0 0 0
Strain mean 2.35795e-19 0.000766667 -5.67322e-19 0.000766667 3.8639e-33 1.52994e-17 -5.67322e-19 1.52994e-17 1.26991e-33
Plastic strain_mean -2.14016e-18 0.000748372 0 0.000748372 2.14016e-18 0 0 0 0
Plastic strain_rate_mean 0 0 0 0 0 0 0 0 0
Dissipation 0.000117514
End step 23
Begin step 24
Stress 1.06624e-12 3.66614 -1.592e-12 3.66614 -1.1543e-12 9.04399e-13 -1.592e-12 9.04399e-13 -2.64434e-14
Strain 0 0.0008 0 0.0008 0 0 0 0 0
Strain mean -1.75899e-19 0.0008 -7.96001e-18 0.0008 -1.15315e-32 4.52199e-18 -7.96001e-18 4.52199e-18 2.28102e-33
Plastic strain_mean -5.63931e-18 0.000781669 0 0.000781669 5.63931e-18 0 0 0 0
Plastic strain_rate_mean 0 0 0 0 0 0 0 0 0
Dissipation 0.000117635
End step 24
Begin step 25
Stress 1.33812e-12 3.67326 -1.93767e-12 3.67326 -1.33544e-12 2.09677e-13 -1.93767e-12 2.09677e-13 8.035e-16
Strain 0 0.000833333 0 0.000833333 0 0 0 0 0
Strain mean 5.34479e-21 0.000833333 -9.68837e-18 0.000833333 2.75649e-32 1.04839e-18 -9.68837e-18 1.04839e-18 1.60394e-33
Plastic strain_mean -6.68122e-18 0.000814967 0 0.000814967 6.68122e-18 0 0 0 0
Plastic strain_rate_mean 0 0 0 0 0 0 0 0 0
Dissipation 0.000117755
End step 25
Begin step 26
Stress 1.30135e-12 3.68029 -1.89272e-12 3.68029 -1.38116e-12 9.19558e-14 -1.89272e-12 9.19558e-14 -2.39653e-14
Strain 0 0.000866667 0 0.000866667 0 0 0 0 0
Strain mean -1.59414e-19 0.000866667 -9.46358e-18 0.000866667 -1.3963e-32 4.59779e-19 -9.46358e-18 4.59779e-19 1.47454e-33
Plastic strain_mean -6.78598e-18 0.000848265 0 0.000848265 6.78598e-18 0 0 0 0
Plastic strain_rate_mean 0 0 0 0 0 0 0 0 0
Dissipation 0.000117874
End step 26
Begin step 27
Stress 1.25156e-12 3.68722 -1.72139e-12 3.68722 -1.3225e-12 1.53911e-13 -1.72139e-12 1.53911e-13 -2.12993e-14
Strain 0 0.0009 0 0.0009 0 0 0 0 0
Strain mean -1.4168e-19 0.0009 -8.60695e-18 0.0009 -5.65742e-33 7.69553e-19 -8.60695e-18 7.69553e-19 2.07037e-33
Plastic strain_mean -6.506e-18 0.000881564 0 0.000881564 6.506e-18 0 0 0 0
Plastic strain_rate_mean 0 0 0 0 0 0 0 0 0
Dissipation 0.000117991
End step 27
Begin step 28
Stress 1.15653e-12 3.69407 -1.50145e-12 3.69407 -1.23582e-12 2.7507e-13 -1.50145e-12 2.7507e-13 -2.38081e-14
Strain 0 0.000933333 0 0.000933333 0 0 0 0 0
Strain mean -1.58368e-19 0.000933333 -7.50724e-18 0.000933333 4.42964e-33 1.37535e-18 -7.50724e-18 1.37535e-18 2.01621e-33
Plastic strain_mean -6.06004e-18 0.000914863 0 0.000914863 6.06004e-18 0 0 0 0
Plastic strain_rate_mean 0 0 0 0 0 0 0 0 0
Dissipation 0.000118107
End step 28
Begin step 29
Stress 1.17072e-12 3.70083 -1.19877e-12 3.70083 -1.07028e-12 4.1926e-13 -1.19877e-12 4.1926e-13 3.01596e-14
Strain 0 0.000966667 0 0.000966667 0 0 0 0 0
Strain mean 2.00618e-19 0.000966667 -5.99387e-18 0.000966667 -4.57408e-34 2.0963e-18 -5.99387e-18 2.0963e-18 1.77848e-33
Plastic strain_mean -5.50218e-18 0.000948163 0 0.000948163 5.50218e-18 0 0 0 0
Plastic strain_rate_mean 0 0 0 0 0 0 0 0 0
Dissipation 0.000118222
End step 29
Begin step 30
Stress 1.01357e-12 3.70752 -1.02212e-12 3.70752 -1.01638e-12 5.68996e-13 -1.02212e-12 5.68996e-13 -8.44985e-16
Strain 0 0.001 0 0.001 0 0 0 0 0
Strain mean -5.62074e-21 0.001 -5.1106e-18 0.001 -1.28074e-32 2.84498e-18 -5.1106e-18 2.84498e-18 2.18774e-33
Plastic strain_mean -5.07769e-18 0.000981462 0 0.000981462 5.07769e-18 0 0 0 0
Plastic strain_rate_mean 0 0 0 0 0 0 0 0 0
Dissipation 0.000118335
End step 30
