Begin step 0
Stress 0 0 0 0 0 0 0 0 0
Strain 0 0 0 0 0 0 0 0 0
Strain mean 0 0 0 0 0 0 0 0 0
Plastic strain_mean 0 0 0 0 0 0 0 0 0
Plastic strain_rate_mean 0 0 0 0 0 0 0 0 0
Dissipation 0
End step 0
Begin step 1
Stress -7.4362e-14 66.1927 2.00838e-12 66.1927 5.15727e-14 -2.95732e-12 2.00838e-12 -2.95732e-12 -6.84285e-15
Strain 0 0.000333333 0 0.000333333 0 0 0 0 0
Strain mean -4.55179e-20 0.000333333 1.00419e-17 0.000333333 -2.89852e-32 -1.47866e-17 1.00419e-17 -1.47866e-17 -3.73149e-33
Plastic strain_mean 2.92078e-19 2.36989e-06 0 2.36989e-06 -2.92078e-19 0 0 0 0
Plastic strain_rate_mean 0 0 0 0 0 0 0 0 0
Dissipation 0.000156867
End step 1
Begin step 2
Stress 3.76378e-13 110.458 -2.32397e-13 110.458 -3.99473e-13 1.48536e-12 -2.32397e-13 1.48536e-12 -6.93455e-15
Strain 0 0.000666667 0 0.000666667 0 0 0 0 0
Strain mean -4.61279e-20 0.000666667 -1.16199e-18 0.000666667 -2.67825e-34 7.42681e-18 -1.16199e-18 7.42681e-18 1.97845e-33
Plastic strain_mean -1.96269e-18 0.000114376 0 0.000114376 1.96269e-18 0 0 0 0
Plastic strain_rate_mean 0 0 0 0 0 0 0 0 0
Dissipation 0.0123675
End step 2
Begin step 3
Stress 4.73577e-12 111.911 8.09072e-13 111.911 -4.84926e-12 7.21213e-12 8.09072e-13 7.21213e-12 -3.40789e-14
Strain 0 0.001 0 0.001 0 0 0 0 0
Strain mean -2.26689e-19 0.001 4.04536e-18 0.001 -1.4926e-33 3.60606e-17 4.04536e-18 3.60606e-17 -5.57617e-33
Plastic strain_mean -2.40759e-17 0.000440446 0 0.000440446 2.40759e-17 0 0 0 0
Plastic strain_rate_mean 0 0 0 0 0 0 0 0 0
Dissipation 0.0364677
End step 3
Begin step 4
Stress -1.31671e-12 112.15 -1.62562e-12 112.15 1.33425e-12 -8.60248e-13 -1.62562e-12 -8.60248e-13 5.26642e-15
Strain 0 0.00133333 0 0.00133333 0 0 0 0 0
Strain mean 3.50316e-20 0.00133333 -8.12811e-18 0.00133333 -3.59607e-33 -4.30124e-18 -8.12811e-18 -4.30124e-18 1.3e-33
Plastic strain_mean 6.64492e-18 0.000772585 0 0.000772585 -6.64492e-18 0 0 0 0
Plastic strain_rate_mean 0 0 0 0 0 0 0 0 0
Dissipation 0.0372149
End step 4
Begin step 5
Stress 1.71015e-13 112.374 -5.86312e-12 112.374 -2.2023e-13 2.66344e-12 -5.86312e-12 2.66344e-12 -1.47774e-14
Strain 0 0.00166667 0 0.00166667 0 0 0 0 0
Strain mean -9.82977e-20 0.00166667 -2.93156e-17 0.00166667 -1.8176e-33 1.33172e-17 -2.93156e-17 1.33172e-17 -1.4926e-33
Plastic strain_mean -1.02726e-18 0.00110479 0 0.00110479 1.02726e-18 0 0 0 0
Plastic strain_rate_mean 0 0 0 0 0 0 0 0 0
Dissipation 0.0372874
End step 5
Begin step 6
Stress 2.27827e-13 112.599 -2.34518e-12 112.599 -5.50241e-14 1.16203e-12 -2.34518e-12 1.16203e-12 5.18869e-14
Strain 0 0.002 0 0.002 0 0 0 0 0
Strain mean 3.45146e-19 0.002 -1.17259e-17 0.002 -1.29699e-33 5.81013e-18 -1.17259e-17 5.81013e-18 -9.60332e-34
Plastic strain_mean -5.34555e-19 0.001437 0 0.001437 5.34555e-19 0 0 0 0
Plastic strain_rate_mean 0 0 0 0 0 0 0 0 0
Dissipation 0.0373525
End step 6
Begin step 7
Stress 3.82212e-12 112.824 -3.27126e-12 112.824 -4.00321e-12 3.23627e-12 -3.27126e-12 3.23627e-12 -5.4376e-14
Strain 0 0.00233333 0 0.00233333 0 0 0 0 0
Strain mean -3.61703e-19 0.00233333 -1.63563e-17 0.00233333 9.62965e-34 1.61814e-17 -1.63563e-17 1.61814e-17 -3.4426e-33
Plastic strain_mean -1.97442e-17 0.00176921 0 0.00176921 1.97442e-17 0 0 0 0
Plastic strain_rate_mean 0 0 0 0 0 0 0 0 0
Dissipation 0.0374175
End step 7
Begin step 8
Stress 1.92148e-12 113.049 -1.65448e-12 113.049 -2.02055e-12 1.58852e-12 -1.65448e-12 1.58852e-12 -2.9747e-14
Strain 0 0.00266667 0 0.00266667 0 0 0 0 0
Strain mean -1.97873e-19 0.00266667 -8.27241e-18 0.00266667 9.62965e-35 7.94259e-18 -8.27241e-18 7.94259e-18 -1.19769e-33
Plastic strain_mean -9.95401e-18 0.00210142 0 0.00210142 9.95401e-18 0 0 0 0
Plastic strain_rate_mean 0 0 0 0 0 0 0 0 0
Dissipation 0.0374825
End step 8
Begin step 9
Stress 4.75473e-12 113.275 6.07963e-13 113.275 -5.07997e-12 6.93527e-12 6.07963e-13 6.93527e-12 -9.76602e-14
Strain 0 0.003 0 0.003 0 0 0 0 0
Strain mean -6.49624e-19 0.003 3.03982e-18 0.003 8.1852e-34 3.46764e-17 3.03982e-18 3.46764e-17 -9.26478e-33
Plastic strain_mean -2.49116e-17 0.00243363 0 0.00243363 2.49116e-17 0 0 0 0
Plastic strain_rate_mean 0 0 0 0 0 0 0 0 0
Dissipation 0.0375477
End step 9
Begin step 10
Stress 2.96185e-12 113.501 3.4654e-13 113.501 -2.41229e-12 3.42821e-12 3.4654e-13 3.42821e-12 1.65014e-13
Strain 0 0.00333333 0 0.00333333 0 0 0 0 0
Strain mean 1.09766e-18 0.00333333 1.7327e-18 0.00333333 4.73057e-33 1.71411e-17 1.7327e-18 1.71411e-17 -4.55828e-33
Plastic strain_mean -1.28865e-17 0.00276583 0 0.00276583 1.28865e-17 0 0 0 0
Plastic strain_rate_mean 0 0 0 0 0 0 0 0 0
Dissipation 0.0376129
End step 10
Begin step 11
Stress -8.45958e-13 113.727 2.24127e-12 113.727 5.32696e-13 -4.21411e-13 2.24127e-12 -4.21411e-13 -9.40619e-14
Strain 0 0.00366667 0 0.00366667 0 0 0 0 0
Strain mean -6.25689e-19 0.00366667 1.12063e-17 0.00366667 -1.77547e-33 -2.10706e-18 1.12063e-17 -2.10706e-18 -7.88428e-34
Plastic strain_mean 3.13379e-18 0.00309803 0 0.00309803 -3.13379e-18 0 0 0 0
Plastic strain_rate_mean 0 0 0 0 0 0 0 0 0
Dissipation 0.0376782
End step 11
Begin step 12
Stress 9.86415e-13 113.953 -2.4723e-12 113.953 -1.22562e-12 4.18524e-13 -2.4723e-12 4.18524e-13 -7.18259e-14
Strain 0 0.004 0 0.004 0 0 0 0 0
Strain mean -4.77778e-19 0.004 -1.23615e-17 0.004 3.73149e-34 2.09262e-18 -1.23615e-17 2.09262e-18 -1.52419e-33
Plastic strain_mean -5.76898e-18 0.00343023 0 0.00343023 5.76898e-18 0 0 0 0
Plastic strain_rate_mean 0 0 0 0 0 0 0 0 0
Dissipation 0.0377436
End step 12
Begin step 13
Stress -5.12803e-12 114.18 -5.60321e-12 114.18 4.67376e-12 -4.47425e-14 -5.60321e-12 -4.47425e-14 -1.36403e-13
Strain 0 0.00433333 0 0.00433333 0 0 0 0 0
Strain mean -9.07336e-19 0.00433333 -2.80161e-17 0.00433333 2.86482e-33 -2.23712e-19 -2.80161e-17 -2.23712e-19 -3.71644e-34
Plastic strain_mean 2.40508e-17 0.00376244 0 0.00376244 -2.40508e-17 0 0 0 0
Plastic strain_rate_mean 0 0 0 0 0 0 0 0 0
Dissipation 0.0378089
End step 13
Begin step 14
Stress -3.5451e-12 114.406 -3.97531e-12 114.406 3.52625e-12 1.84273e-15 -3.97531e-12 1.84273e-15 -5.65943e-15
Strain 0 0.00466667 0 0.00466667 0 0 0 0 0
Strain mean -3.76459e-20 0.00466667 -1.98765e-17 0.00466667 2.39538e-33 9.21363e-21 -1.98765e-17 9.21363e-21 -1.78976e-33
Plastic strain_mean 1.76596e-17 0.00409464 0 0.00409464 -1.76596e-17 0 0 0 0
Plastic strain_rate_mean 0 0 0 0 0 0 0 0 0
Dissipation 0.0378743
End step 14
Begin step 15
Stress -2.34944e-12 114.633 -2.82912e-12 114.633 2.7269e-12 8.53785e-15 -2.82912e-12 8.53785e-15 1.13337e-13
Strain 0 0.005 0 0.005 0 0 0 0 0
Strain mean 7.53906e-19 0.005 -1.41456e-17 0.005 -1.84468e-33 4.26893e-20 -1.41456e-17 4.26893e-20 -1.66262e-34
Plastic strain_mean 1.30678e-17 0.00442684 0 0.00442684 -1.30678e-17 0 0 0 0
Plastic strain_rate_mean 0 0 0 0 0 0 0 0 0
Dissipation 0.0379396
End step 15
Begin step 16
Stress -2.33339e-12 114.859 -2.2372e-12 114.859 1.72927e-12 -1.29704e-14 -2.2372e-12 -1.29704e-14 -1.81399e-13
Strain 0 0.00533333 0 0.00533333 0 0 0 0 0
Strain mean -1.20664e-18 0.00533333 -1.1186e-17 0.00533333 -7.61344e-34 -6.4852e-20 -1.1186e-17 -6.4852e-20 -9.13312e-34
Plastic strain_mean 9.55332e-18 0.00475904 0 0.00475904 -9.55332e-18 0 0 0 0
Plastic strain_rate_mean 0 0 0 0 0 0 0 0 0
Dissipation 0.038005
End step 16
Begin step 17
Stress -1.46091e-12 115.086 -1.66433e-12 115.086 1.48452e-12 2.57046e-15 -1.66433e-12 2.57046e-15 7.09176e-15
Strain 0 0.00566667 0 0.00566667 0 0 0 0 0
Strain mean 4.71736e-20 0.00566667 -8.32166e-18 0.00566667 6.01853e-34 1.28523e-20 -8.32166e-18 1.28523e-20 -1.18866e-34
Plastic strain_mean 7.38716e-18 0.00509124 0 0.00509124 -7.38716e-18 0 0 0 0
Plastic strain_rate_mean 0 0 0 0 0 0 0 0 0
Dissipation 0.0380703
End step 17
Begin step 18
Stress -7.56806e-12 115.312 -1.7505e-12 115.312 7.81297e-12 7.27788e-13 -1.7505e-12 7.27788e-13 7.35377e-14
Strain 0 0.006 0 0.006 0 0 0 0 0
Strain mean 4.89164e-19 0.006 -8.75248e-18 0.006 5.77779e-34 3.63894e-18 -8.75248e-18 3.63894e-18 2.35325e-33
Plastic strain_mean 3.86972e-17 0.00542344 0 0.00542344 -3.86972e-17 0 0 0 0
Plastic strain_rate_mean 0 0 0 0 0 0 0 0 0
Dissipation 0.0381356
End step 18
Begin step 19
Stress -6.11562e-12 115.539 -1.55161e-12 115.539 5.86507e-12 5.07387e-13 -1.55161e-12 5.07387e-13 -7.5232e-14
Strain 0 0.00633333 0 0.00633333 0 0 0 0 0
Strain mean -5.00435e-19 0.00633333 -7.75803e-18 0.00633333 2.16667e-33 2.53693e-18 -7.75803e-18 2.53693e-18 2.87385e-33
Plastic strain_mean 2.97015e-17 0.00575564 0 0.00575564 -2.97015e-17 0 0 0 0
Plastic strain_rate_mean 0 0 0 0 0 0 0 0 0
Dissipation 0.038201
End step 19
Begin step 20
Stress -4.34987e-12 115.766 -1.06635e-12 115.766 4.16026e-12 3.79317e-13 -1.06635e-12 3.79317e-13 -5.6935e-14
Strain 0 0.00666667 0 0.00666667 0 0 0 0 0
Strain mean -3.78725e-19 0.00666667 -5.33174e-18 0.00666667 -2.82871e-33 1.89659e-18 -5.33174e-18 1.89659e-18 8.06483e-34
Plastic strain_mean 2.1086e-17 0.00608784 0 0.00608784 -2.1086e-17 0 0 0 0
Plastic strain_rate_mean 0 0 0 0 0 0 0 0 0
Dissipation 0.0382663
End step 20
Begin step 21
Stress -2.95128e-12 115.992 -5.52787e-13 115.992 3.15069e-12 2.79031e-13 -5.52787e-13 2.79031e-13 5.98782e-14
Strain 0 0.007 0 0.007 0 0 0 0 0
Strain mean 3.98303e-19 0.007 -2.76393e-18 0.007 4.0926e-34 1.39515e-18 -2.76393e-18 1.39515e-18 1.32257e-33
Plastic strain_mean 1.54541e-17 0.00642004 0 0.00642004 -1.54541e-17 0 0 0 0
Plastic strain_rate_mean 0 0 0 0 0 0 0 0 0
Dissipation 0.0383317
End step 21
Begin step 22
Stress -2.61558e-12 116.219 -5.35868e-13 116.219 2.17184e-12 1.93798e-13 -5.35868e-13 1.93798e-13 -1.33241e-13
Strain 0 0.00733333 0 0.00733333 0 0 0 0 0
Strain mean -8.86306e-19 0.00733333 -2.67934e-18 0.00733333 1.68519e-34 9.68988e-19 -2.67934e-18 9.68988e-19 1.03067e-33
Plastic strain_mean 1.15254e-17 0.00675224 0 0.00675224 -1.15254e-17 0 0 0 0
Plastic strain_rate_mean 0 0 0 0 0 0 0 0 0
Dissipation 0.038397
End step 22
Begin step 23
Stress -3.02576e-12 116.446 4.12824e-12 116.446 3.50394e-12 -1.58977e-12 4.12824e-12 -1.58977e-12 1.43582e-13
Strain 0 0.00766667 0 0.00766667 0 0 0 0 0
Strain mean 9.55091e-19 0.00766667 2.06412e-17 0.00766667 3.08751e-33 -7.94884e-18 2.06412e-17 -7.94884e-18 6.41613e-33
Plastic strain_mean 1.68018e-17 0.00708444 0 0.00708444 -1.68018e-17 0 0 0 0
Plastic strain_rate_mean 0 0 0 0 0 0 0 0 0
Dissipation 0.0384623
End step 23
Begin step 24
Stress 1.82929e-12 116.672 -5.97285e-13 116.672 -3.04551e-12 -3.19104e-14 -5.97285e-13 -3.19104e-14 -3.65191e-13
Strain 0 0.008 0 0.008 0 0 0 0 0
Strain mean -2.42921e-18 0.008 -2.98642e-18 0.008 7.85779e-32 -1.59552e-19 -2.98642e-18 -1.59552e-19 -3.53589e-35
Plastic strain_mean -1.34016e-17 0.00741664 0 0.00741664 1.34016e-17 0 0 0 0
Plastic strain_rate_mean 0 0 0 0 0 0 0 0 0
Dissipation 0.0385277
End step 24
Begin step 25
Stress -2.46821e-12 116.899 2.85012e-12 116.899 1.66746e-12 -8.47661e-13 2.85012e-12 -8.47661e-13 -2.40439e-13
Strain 0 0.00833333 0 0.00833333 0 0 0 0 0
Strain mean -1.59937e-18 0.00833333 1.42506e-17 0.00833333 -2.50371e-33 -4.23831e-18 1.42506e-17 -4.23831e-18 3.67281e-33
Plastic strain_mean 9.53948e-18 0.00774884 0 0.00774884 -9.53948e-18 0 0 0 0
Plastic strain_rate_mean 0 0 0 0 0 0 0 0 0
Dissipation 0.038593
End step 25
Begin step 26
Stress -1.00116e-12 117.126 1.2265e-12 117.126 1.60127e-12 -6.46874e-13 1.2265e-12 -6.46874e-13 1.80194e-13
Strain 0 0.00866667 0 0.00866667 0 0 0 0 0
Strain mean 1.19863e-18 0.00866667 6.13251e-18 0.00866667 -5.65742e-34 -3.23437e-18 6.13251e-18 -3.23437e-18 2.47728e-33
Plastic strain_mean 7.1054e-18 0.00808104 0 0.00808104 -7.1054e-18 0 0 0 0
Plastic strain_rate_mean 0 0 0 0 0 0 0 0 0
Dissipation 0.0386583
End step 26
Begin step 27
Stress -8.511e-13 117.353 1.02819e-12 117.353 1.16803e-12 -4.4539e-13 1.02819e-12 -4.4539e-13 9.51623e-14
Strain 0 0.009 0 0.009 0 0 0 0 0
Strain mean 6.33009e-19 0.009 5.14095e-18 0.009 2.66621e-33 -2.22695e-18 5.14095e-18 -2.22695e-18 1.93531e-33
Plastic strain_mean 5.36432e-18 0.00841324 0 0.00841324 -5.36432e-18 0 0 0 0
Plastic strain_rate_mean 0 0 0 0 0 0 0 0 0
Dissipation 0.0387236
End step 27
Begin step 28
Stress -1.60213e-12 117.579 -2.5326e-12 117.579 2.2311e-12 3.2362e-13 -2.5326e-12 3.2362e-13 1.88857e-13
Strain 0 0.00933333 0 0.00933333 0 0 0 0 0
Strain mean 1.25626e-18 0.00933333 -1.2663e-17 0.00933333 1.664e-31 1.6181e-18 -1.2663e-17 1.6181e-18 -3.36812e-33
Plastic strain_mean 1.02112e-17 0.00874544 0 0.00874544 -1.02112e-17 0 0 0 0
Plastic strain_rate_mean 0 0 0 0 0 0 0 0 0
Dissipation 0.0387889
End step 28
Begin step 29
Stress -1.31817e-12 117.806 -1.42129e-12 117.806 1.37309e-12 2.43421e-13 -1.42129e-12 2.43421e-13 1.64892e-14
Strain 0 0.00966667 0 0.00966667 0 0 0 0 0
Strain mean 1.09684e-19 0.00966667 -7.10643e-18 0.00966667 2.88889e-33 1.21711e-18 -7.10643e-18 1.21711e-18 -3.35834e-33
Plastic strain_mean 6.78299e-18 0.00907764 0 0.00907764 -6.78299e-18 0 0 0 0
Plastic strain_rate_mean 0 0 0 0 0 0 0 0 0
Dissipation 0.0388543
End step 29
Begin step 30
Stress -5.50566e-12 118.033 9.97538e-13 118.033 5.52823e-12 1.90179e-12 9.97538e-13 1.90179e-12 6.77735e-15
Strain 0 0.01 0 0.01 0 0 0 0 0
Strain mean 4.50821e-20 0.01 4.98769e-18 0.01 7.15001e-33 9.50894e-18 4.98769e-18 9.50894e-18 -5.68751e-33
Plastic strain_mean 2.76072e-17 0.00940984 0 0.00940984 -2.76072e-17 0 0 0 0
Plastic strain_rate_mean 0 0 0 0 0 0 0 0 0
Dissipation 0.0389196
End step 30
