Begin step 0
Stress 0 0 0 0 0 0 0 0 0
Strain 0 0 0 0 0 0 0 0 0
Strain mean 0 0 0 0 0 0 0 0 0
Plastic strain_mean 0 0 0 0 0 0 0 0 0
Plastic strain_rate_mean 0 0 0 0 0 0 0 0 0
Dissipation 0
End step 0
Begin step 1
Stress -5.85254e-13 48.1061 1.18289e-13 48.1061 5.8985e-13 -2.59416e-13 1.18289e-13 -2.59416e-13 1.37992e-15
Strain 0 0.000333333 0 0.000333333 0 0 0 0 0
Strain mean 9.1791e-21 0.000333333 5.91445e-19 0.000333333 1.0713e-32 -1.29708e-18 5.91445e-19 -1.29708e-18 -1.73484e-33
Plastic strain_mean 2.94235e-18 9.28027e-05 0 9.28027e-05 -2.94235e-18 0 0 0 0
Plastic strain_rate_mean 0 0 0 0 0 0 0 0 0
Dissipation 0.00446127
End step 1
Begin step 2
Stress 2.43507e-13 75.7007 1.03642e-12 75.7007 -2.55054e-13 3.27708e-12 1.03642e-12 3.27708e-12 -3.46728e-15
Strain 0 0.000666667 0 0.000666667 0 0 0 0 0
Strain mean -2.30639e-20 0.000666667 5.18212e-18 0.000666667 2.95811e-33 1.63854e-17 5.18212e-18 1.63854e-17 7.02664e-34
Plastic strain_mean -1.25793e-18 0.000288163 0 0.000288163 1.25793e-18 0 0 0 0
Plastic strain_rate_mean 0 0 0 0 0 0 0 0 0
Dissipation 0.0147654
End step 2
Begin step 3
Stress -8.15583e-13 84.5768 -4.30427e-13 84.5768 8.77072e-13 -1.563e-12 -4.30427e-13 -1.563e-12 1.8463e-14
Strain 0 0.001 0 0.001 0 0 0 0 0
Strain mean 1.22814e-19 0.001 -2.15213e-18 0.001 -6.9815e-34 -7.81498e-18 -2.15213e-18 -7.81498e-18 -6.12386e-34
Plastic strain_mean 4.29304e-18 0.000577116 0 0.000577116 -4.29304e-18 0 0 0 0
Plastic strain_rate_mean 0 0 0 0 0 0 0 0 0
Dissipation 0.0243727
End step 3
Begin step 4
Stress 2.7943e-13 86.7468 -1.07565e-12 86.7468 -3.32019e-13 3.37279e-12 -1.07565e-12 3.37279e-12 -1.57905e-14
Strain 0 0.00133333 0 0.00133333 0 0 0 0 0
Strain mean -1.05037e-19 0.00133333 -5.37827e-18 0.00133333 -3.97223e-34 1.68639e-17 -5.37827e-18 1.68639e-17 1.2496e-33
Plastic strain_mean -1.58114e-18 0.000899599 0 0.000899599 1.58114e-18 0 0 0 0
Plastic strain_rate_mean 0 0 0 0 0 0 0 0 0
Dissipation 0.0278703
End step 4
Begin step 5
Stress 3.91172e-13 87.3737 2.70012e-13 87.3737 -5.5141e-13 7.99206e-13 2.70012e-13 7.99206e-13 -4.81139e-14
Strain 0 0.00166667 0 0.00166667 0 0 0 0 0
Strain mean -3.20048e-19 0.00166667 1.35006e-18 0.00166667 5.41668e-35 3.99603e-18 1.35006e-18 3.99603e-18 -1.22327e-33
Plastic strain_mean -2.51648e-18 0.0012298 0 0.0012298 2.51648e-18 0 0 0 0
Plastic strain_rate_mean 0 0 0 0 0 0 0 0 0
Dissipation 0.0287175
End step 5
Begin step 6
Stress -1.58492e-12 87.6795 -5.16929e-12 87.6795 1.51898e-12 -7.00339e-13 -5.16929e-12 -7.00339e-13 -1.97993e-14
Strain 0 0.002 0 0.002 0 0 0 0 0
Strain mean -1.31703e-19 0.002 -2.58464e-17 0.002 4.15279e-34 -3.50169e-18 -2.58464e-17 -3.50169e-18 5.47385e-33
Plastic strain_mean 7.6939e-18 0.0015616 0 0.0015616 -7.6939e-18 0 0 0 0
Plastic strain_rate_mean 0 0 0 0 0 0 0 0 0
Dissipation 0.0289351
End step 6
Begin step 7
Stress -1.0593e-12 87.9156 -6.48206e-12 87.9156 1.02623e-12 1.56528e-14 -6.48206e-12 1.56528e-14 -9.93021e-15
Strain 0 0.00233333 0 0.00233333 0 0 0 0 0
Strain mean -6.60546e-20 0.00233333 -3.24103e-17 0.00233333 4.79677e-33 7.82642e-20 -3.24103e-17 7.82642e-20 4.74937e-33
Plastic strain_mean 5.18081e-18 0.00189376 0 0.00189376 -5.18081e-18 0 0 0 0
Plastic strain_rate_mean 0 0 0 0 0 0 0 0 0
Dissipation 0.0290227
End step 7
Begin step 8
Stress -7.65189e-13 88.1332 -5.46389e-12 88.1332 6.6199e-13 1.55414e-13 -5.46389e-12 1.55414e-13 -3.09872e-14
Strain 0 0.00266667 0 0.00266667 0 0 0 0 0
Strain mean -2.06123e-19 0.00266667 -2.73195e-17 0.00266667 2.51575e-33 7.77072e-19 -2.73195e-17 7.77072e-19 3.09729e-33
Plastic strain_mean 3.46489e-18 0.002226 0 0.002226 -3.46489e-18 0 0 0 0
Plastic strain_rate_mean 0 0 0 0 0 0 0 0 0
Dissipation 0.0290835
End step 8
Begin step 9
Stress -3.88515e-13 88.3436 -4.60607e-12 88.3436 6.54831e-13 2.19794e-13 -4.60607e-12 2.19794e-13 7.99657e-14
Strain 0 0.003 0 0.003 0 0 0 0 0
Strain mean 5.31923e-19 0.003 -2.30304e-17 0.003 1.39028e-33 1.09897e-18 -2.30304e-17 1.09897e-18 2.27275e-33
Plastic strain_mean 2.87432e-18 0.00255828 0 0.00255828 -2.87432e-18 0 0 0 0
Plastic strain_rate_mean 0 0 0 0 0 0 0 0 0
Dissipation 0.0291383
End step 9
Begin step 10
Stress -6.12433e-13 88.5498 -3.78242e-12 88.5498 4.36692e-13 2.75703e-13 -3.78242e-12 2.75703e-13 -5.2769e-14
Strain 0 0.00333333 0 0.00333333 0 0 0 0 0
Strain mean -3.51013e-19 0.00333333 -1.89121e-17 0.00333333 6.62038e-34 1.37851e-18 -1.89121e-17 1.37851e-18 2.11025e-33
Plastic strain_mean 2.44731e-18 0.00289058 0 0.00289058 -2.44731e-18 0 0 0 0
Plastic strain_rate_mean 0 0 0 0 0 0 0 0 0
Dissipation 0.0291914
End step 10
Begin step 11
Stress -4.20979e-13 88.7529 -3.32258e-12 88.7529 3.87908e-13 2.95243e-13 -3.32258e-12 2.95243e-13 -9.93021e-15
Strain 0 0.00366667 0 0.00366667 0 0 0 0 0
Strain mean -6.60546e-20 0.00366667 -1.66129e-17 0.00366667 1.26389e-33 1.47622e-18 -1.66129e-17 1.47622e-18 2.12116e-33
Plastic strain_mean 1.98919e-18 0.0032229 0 0.0032229 -1.98919e-18 0 0 0 0
Plastic strain_rate_mean 0 0 0 0 0 0 0 0 0
Dissipation 0.0292437
End step 11
Begin step 12
Stress -2.41079e-13 88.9536 -2.72429e-12 88.9536 4.33748e-13 3.11462e-13 -2.72429e-12 3.11462e-13 5.7852e-14
Strain 0 0.004 0 0.004 0 0 0 0 0
Strain mean 3.84825e-19 0.004 -1.36214e-17 0.004 -1.17361e-34 1.55731e-18 -1.36214e-17 1.55731e-18 1.13995e-33
Plastic strain_mean 1.87948e-18 0.00355523 0 0.00355523 -1.87948e-18 0 0 0 0
Plastic strain_rate_mean 0 0 0 0 0 0 0 0 0
Dissipation 0.0292956
End step 12
Begin step 13
Stress 7.40445e-13 89.1522 -5.46809e-12 89.1522 -4.23693e-13 2.73343e-13 -5.46809e-12 2.73343e-13 9.51099e-14
Strain 0 0.00433333 0 0.00433333 0 0 0 0 0
Strain mean 6.3266e-19 0.00433333 -2.73404e-17 0.00433333 -1.36019e-33 1.36671e-18 -2.73404e-17 1.36671e-18 -1.30301e-33
Plastic strain_mean -2.59402e-18 0.00388757 0 0.00388757 2.59402e-18 0 0 0 0
Plastic strain_rate_mean 0 0 0 0 0 0 0 0 0
Dissipation 0.0293472
End step 13
Begin step 14
Stress 5.43096e-13 89.3492 -4.5524e-12 89.3492 -6.37743e-13 3.99893e-13 -4.5524e-12 3.99893e-13 -2.84194e-14
Strain 0 0.00466667 0 0.00466667 0 0 0 0 0
Strain mean -1.89043e-19 0.00466667 -2.2762e-17 0.00466667 4.63427e-34 1.99946e-18 -2.2762e-17 1.99946e-18 -2.18774e-33
Plastic strain_mean -3.04662e-18 0.00421992 0 0.00421992 3.04662e-18 0 0 0 0
Plastic strain_rate_mean 0 0 0 0 0 0 0 0 0
Dissipation 0.0293985
End step 14
Begin step 15
Stress 3.46039e-13 89.5447 -3.89128e-12 89.5447 -3.18581e-13 4.39403e-13 -3.89128e-12 4.39403e-13 8.24461e-15
Strain 0 0.005 0 0.005 0 0 0 0 0
Strain mean 5.48422e-20 0.005 -1.94564e-17 0.005 -1.02917e-33 2.19701e-18 -1.94564e-17 2.19701e-18 -6.54515e-34
Plastic strain_mean -1.63413e-18 0.00455228 0 0.00455228 1.63413e-18 0 0 0 0
Plastic strain_rate_mean 0 0 0 0 0 0 0 0 0
Dissipation 0.0294497
End step 15
Begin step 16
Stress 4.46773e-13 89.7389 -3.38149e-12 89.7389 -1.34442e-13 4.47292e-13 -3.38149e-12 4.47292e-13 9.37824e-14
Strain 0 0.00533333 0 0.00533333 0 0 0 0 0
Strain mean 6.2383e-19 0.00533333 -1.69074e-17 0.00533333 3.97223e-34 2.23646e-18 -1.69074e-17 2.23646e-18 -5.7176e-34
Plastic strain_mean -1.14112e-18 0.00488464 0 0.00488464 1.14112e-18 0 0 0 0
Plastic strain_rate_mean 0 0 0 0 0 0 0 0 0
Dissipation 0.0295007
End step 16
Begin step 17
Stress -2.04507e-14 89.932 -2.91027e-12 89.932 -2.47436e-13 4.36811e-13 -2.91027e-12 4.36811e-13 -8.04373e-14
Strain 0 0.00566667 0 0.00566667 0 0 0 0 0
Strain mean -5.3506e-19 0.00566667 -1.45514e-17 0.00566667 1.8838e-33 2.18406e-18 -1.45514e-17 2.18406e-18 -6.21413e-34
Plastic strain_mean -8.34993e-19 0.00521701 0 0.00521701 8.34993e-19 0 0 0 0
Plastic strain_rate_mean 0 0 0 0 0 0 0 0 0
Dissipation 0.0295516
End step 17
Begin step 18
Stress -4.73301e-14 90.1242 -2.32891e-12 90.1242 -2.48887e-13 4.16379e-13 -2.32891e-12 4.16379e-13 -8.8944e-14
Strain 0 0.006 0 0.006 0 0 0 0 0
Strain mean -5.91645e-19 0.006 -1.16445e-17 0.006 -2.25695e-34 2.08189e-18 -1.16445e-17 2.08189e-18 -4.96529e-35
Plastic strain_mean -7.99714e-19 0.00554938 0 0.00554938 7.99714e-19 0 0 0 0
Plastic strain_rate_mean 0 0 0 0 0 0 0 0 0
Dissipation 0.0296025
End step 18
Begin step 19
Stress -2.22282e-13 90.3155 -2.58921e-12 90.3155 -2.34958e-13 3.59204e-13 -2.58921e-12 3.59204e-13 -1.37294e-13
Strain 0 0.00633333 0 0.00633333 0 0 0 0 0
Strain mean -9.13262e-19 0.00633333 -1.2946e-17 0.00633333 4.82987e-34 1.79602e-18 -1.2946e-17 1.79602e-18 -5.24365e-34
Plastic strain_mean -4.88322e-19 0.00588176 0 0.00588176 4.88322e-19 0 0 0 0
Plastic strain_rate_mean 0 0 0 0 0 0 0 0 0
Dissipation 0.0296532
End step 19
Begin step 20
Stress 2.30764e-13 90.5061 -1.77821e-12 90.5061 1.65743e-13 3.23556e-13 -1.77821e-12 3.23556e-13 1.19058e-13
Strain 0 0.00666667 0 0.00666667 0 0 0 0 0
Strain mean 7.91958e-19 0.00666667 -8.89103e-18 0.00666667 -1.79051e-34 1.61778e-18 -8.89103e-18 1.61778e-18 -4.13774e-34
Plastic strain_mean 2.33427e-19 0.00621414 0 0.00621414 -2.33427e-19 0 0 0 0
Plastic strain_rate_mean 0 0 0 0 0 0 0 0 0
Dissipation 0.0297039
End step 20
Begin step 21
Stress -3.19838e-14 90.6959 -1.46345e-12 90.6959 5.68957e-15 2.80316e-13 -1.46345e-12 2.80316e-13 -7.89526e-15
Strain 0 0.007 0 0.007 0 0 0 0 0
Strain mean -5.25184e-20 0.007 -7.31726e-18 0.007 2.01809e-34 1.40158e-18 -7.31726e-18 1.40158e-18 -1.24132e-34
Plastic strain_mean 6.79241e-20 0.00654652 0 0.00654652 -6.79241e-20 0 0 0 0
Plastic strain_rate_mean 0 0 0 0 0 0 0 0 0
Dissipation 0.0297545
End step 21
Begin step 22
Stress 1.00714e-13 90.8852 -1.30652e-12 90.8852 -2.93383e-13 2.46701e-13 -1.30652e-12 2.46701e-13 -5.7852e-14
Strain 0 0.00733333 0 0.00733333 0 0 0 0 0
Strain mean -3.84825e-19 0.00733333 -6.53259e-18 0.00733333 -6.35895e-34 1.2335e-18 -6.53259e-18 1.2335e-18 -1.49711e-34
Plastic strain_mean -1.17765e-18 0.00687891 0 0.00687891 1.17765e-18 0 0 0 0
Plastic strain_rate_mean 0 0 0 0 0 0 0 0 0
Dissipation 0.0298052
End step 22
Begin step 23
Stress -2.27872e-13 91.0739 -1.60131e-12 91.0739 -2.12672e-13 2.0377e-13 -1.60131e-12 2.0377e-13 -1.32281e-13
Strain 0 0.00766667 0 0.00766667 0 0 0 0 0
Strain mean -8.79915e-19 0.00766667 -8.00654e-18 0.00766667 -3.53589e-35 1.01885e-18 -8.00654e-18 1.01885e-18 -2.61054e-34
Plastic strain_mean -4.01957e-19 0.0072113 0 0.0072113 4.01957e-19 0 0 0 0
Plastic strain_rate_mean 0 0 0 0 0 0 0 0 0
Dissipation 0.0298557
End step 23
Begin step 24
Stress -9.58094e-13 91.2621 -3.67429e-13 91.2621 -7.40301e-15 -6.76195e-13 -3.67429e-13 -6.76195e-13 -2.89906e-13
Strain 0 0.008 0 0.008 0 0 0 0 0
Strain mean -1.92842e-18 0.008 -1.83714e-18 0.008 -2.78357e-33 -3.38098e-18 -1.83714e-18 -3.38098e-18 1.10741e-33
Plastic strain_mean 1.41252e-18 0.00754369 0 0.00754369 -1.41252e-18 0 0 0 0
Plastic strain_rate_mean 0 0 0 0 0 0 0 0 0
Dissipation 0.0299063
End step 24
Begin step 25
Stress -6.94195e-13 91.4499 -1.73932e-13 91.4499 5.7273e-13 -7.26286e-13 -1.73932e-13 -7.26286e-13 -3.64719e-14
Strain 0 0.00833333 0 0.00833333 0 0 0 0 0
Strain mean -2.42607e-19 0.00833333 -8.69659e-19 0.00833333 2.13056e-33 -3.63143e-18 -8.69659e-19 -3.63143e-18 -1.20371e-34
Plastic strain_mean 3.04601e-18 0.00787608 0 0.00787608 -3.04601e-18 0 0 0 0
Plastic strain_rate_mean 0 0 0 0 0 0 0 0 0
Dissipation 0.0299568
End step 25
Begin step 26
Stress -2.32863e-13 91.6372 -5.60994e-13 91.6372 5.46765e-13 -6.90586e-13 -5.60994e-13 -6.90586e-13 9.4254e-14
Strain 0 0.00866667 0 0.00866667 0 0 0 0 0
Strain mean 6.26967e-19 0.00866667 -2.80497e-18 0.00866667 6.10881e-34 -3.45293e-18 -2.80497e-18 -3.45293e-18 1.75139e-33
Plastic strain_mean 2.26255e-18 0.00820848 0 0.00820848 -2.26255e-18 0 0 0 0
Plastic strain_rate_mean 0 0 0 0 0 0 0 0 0
Dissipation 0.0300073
End step 26
Begin step 27
Stress -1.00235e-12 91.8242 -4.21638e-13 91.8242 2.55529e-13 -6.95344e-13 -4.21638e-13 -6.95344e-13 -2.24246e-13
Strain 0 0.009 0 0.009 0 0 0 0 0
Strain mean -1.49166e-18 0.009 -2.10819e-18 0.009 1.41135e-33 -3.47672e-18 -2.10819e-18 -3.47672e-18 4.21297e-35
Plastic strain_mean 2.39888e-18 0.00854088 0 0.00854088 -2.39888e-18 0 0 0 0
Plastic strain_rate_mean 0 0 0 0 0 0 0 0 0
Dissipation 0.0300579
End step 27
Begin step 28
Stress -6.31481e-13 92.0109 4.79098e-15 92.0109 6.8977e-13 -6.78306e-13 4.79098e-15 -6.78306e-13 1.75023e-14
Strain 0 0.00933333 0 0.00933333 0 0 0 0 0
Strain mean 1.16423e-19 0.00933333 2.39549e-20 0.00933333 -5.63767e-34 -3.39153e-18 2.39549e-20 -3.39153e-18 4.57408e-34
Plastic strain_mean 3.36134e-18 0.00887328 0 0.00887328 -3.36134e-18 0 0 0 0
Plastic strain_rate_mean 0 0 0 0 0 0 0 0 0
Dissipation 0.0301084
End step 28
Begin step 29
Stress 1.61373e-13 92.1972 -7.86851e-13 92.1972 7.41007e-13 -6.6863e-13 -7.86851e-13 -6.6863e-13 2.70954e-13
Strain 0 0.00966667 0 0.00966667 0 0 0 0 0
Strain mean 1.80236e-18 0.00966667 -3.93425e-18 0.00966667 -1.56632e-33 -3.34315e-18 -3.93425e-18 -3.34315e-18 8.54631e-34
Plastic strain_mean 2.35026e-18 0.00920568 0 0.00920568 -2.35026e-18 0 0 0 0
Plastic strain_rate_mean 0 0 0 0 0 0 0 0 0
Dissipation 0.0301589
End step 29
Begin step 30
Stress -7.79863e-13 92.3832 -7.44062e-13 92.3832 6.48857e-13 -6.38399e-13 -7.44062e-13 -6.38399e-13 -3.93366e-14
Strain 0 0.01 0 0.01 0 0 0 0 0
Strain mean -2.61662e-19 0.01 -3.72031e-18 0.01 9.31368e-34 -3.192e-18 -3.72031e-18 -3.192e-18 -5.7176e-35
Plastic strain_mean 3.44097e-18 0.00953808 0 0.00953808 -3.44097e-18 0 0 0 0
Plastic strain_rate_mean 0 0 0 0 0 0 0 0 0
Dissipation 0.0302094
End step 30
