Begin step 0
Stress 0 0 0 0 0 0 0 0 0
Strain 0 0 0 0 0 0 0 0 0
Strain mean 0 0 0 0 0 0 0 0 0
Plastic strain_mean 0 0 0 0 0 0 0 0 0
Plastic strain_rate_mean 0 0 0 0 0 0 0 0 0
Dissipation 0
End step 0
Begin step 1
Stress 3.08503e-14 5.58853 -8.17909e-13 5.58853 -2.674e-14 5.84707e-13 -8.17909e-13 5.84707e-13 1.23418e-15
Strain 0 3.33333e-05 0 3.33333e-05 0 0 0 0 0
Strain mean 8.20963e-21 3.33333e-05 -4.08955e-18 3.33333e-05 -3.65927e-33 2.92354e-18 -4.08955e-18 2.92354e-18 -6.04261e-33
Plastic strain_mean -1.39871e-19 5.39067e-06 0 5.39067e-06 1.39871e-19 0 0 0 0
Plastic strain_rate_mean 0 0 0 0 0 0 0 0 0
Dissipation 3.01156e-05
End step 1
Begin step 2
Stress -1.09999e-12 10.2694 1.59913e-12 10.2694 1.09958e-12 -3.60971e-12 1.59913e-12 -3.60971e-12 -1.24455e-16
Strain 0 6.66667e-05 0 6.66667e-05 0 0 0 0 0
Strain mean -8.27861e-22 6.66667e-05 7.99566e-18 6.66667e-05 1.75741e-33 -1.80486e-17 7.99566e-18 -1.80486e-17 -3.50579e-34
Plastic strain_mean 5.49852e-18 1.53196e-05 0 1.53196e-05 -5.49852e-18 0 0 0 0
Plastic strain_rate_mean 0 0 0 0 0 0 0 0 0
Dissipation 0.00010191
End step 2
Begin step 3
Stress -2.02595e-12 14.1848 1.8228e-12 14.1848 2.00389e-12 -4.33111e-12 1.8228e-12 -4.33111e-12 -6.62396e-15
Strain 0 0.0001 0 0.0001 0 0 0 0 0
Strain mean -4.40618e-20 0.0001 9.11401e-18 0.0001 5.46483e-33 -2.16556e-17 9.11401e-18 -2.16556e-17 -5.20603e-34
Plastic strain_mean 1.00526e-17 2.90762e-05 0 2.90762e-05 -1.00526e-17 0 0 0 0
Plastic strain_rate_mean 0 0 0 0 0 0 0 0 0
Dissipation 0.000194992
End step 3
Begin step 4
Stress -2.5275e-12 17.4546 1.67398e-12 17.4546 2.52747e-12 -4.24214e-12 1.67398e-12 -4.24214e-12 -8.7337e-18
Strain 0 0.000133333 0 0.000133333 0 0 0 0 0
Strain mean -5.80955e-23 0.000133333 8.36992e-18 0.000133333 4.86297e-33 -2.12107e-17 8.36992e-18 -2.12107e-17 -6.7558e-34
Plastic strain_mean 1.26374e-17 4.60604e-05 0 4.60604e-05 -1.26374e-17 0 0 0 0
Plastic strain_rate_mean 0 0 0 0 0 0 0 0 0
Dissipation 0.000296177
End step 4
Begin step 5
Stress -2.67739e-12 20.1808 1.39215e-12 20.1808 2.68674e-12 -3.77203e-12 1.39215e-12 -3.77203e-12 2.80788e-15
Strain 0 0.000166667 0 0.000166667 0 0 0 0 0
Strain mean 1.86777e-20 0.000166667 6.96075e-18 0.000166667 4.8389e-33 -1.88601e-17 6.96075e-18 -1.88601e-17 -4.48757e-34
Plastic strain_mean 1.34197e-17 6.57624e-05 0 6.57624e-05 -1.34197e-17 0 0 0 0
Plastic strain_rate_mean 0 0 0 0 0 0 0 0 0
Dissipation 0.000397149
End step 5
Begin step 6
Stress -2.5796e-12 22.4504 1.08715e-12 22.4504 2.57634e-12 -3.15501e-12 1.08715e-12 -3.15501e-12 -9.77082e-16
Strain 0 0.0002 0 0.0002 0 0 0 0 0
Strain mean -6.49944e-21 0.0002 5.43574e-18 0.0002 3.97223e-34 -1.57751e-17 5.43574e-18 -1.57751e-17 -2.55599e-34
Plastic strain_mean 1.28866e-17 8.77482e-05 0 8.77482e-05 -1.28866e-17 0 0 0 0
Plastic strain_rate_mean 0 0 0 0 0 0 0 0 0
Dissipation 0.000492914
End step 6
Begin step 7
Stress 2.09106e-13 24.337 1.26255e-12 24.337 -2.0483e-13 -4.72531e-12 1.26255e-12 -4.72531e-12 1.28385e-15
Strain 0 0.000233333 0 0.000233333 0 0 0 0 0
Strain mean 8.54004e-21 0.000233333 6.31273e-18 0.000233333 -1.98371e-32 -2.36266e-17 6.31273e-18 -2.36266e-17 4.09411e-33
Plastic strain_mean -1.03057e-18 0.000111648 0 0.000111648 1.03057e-18 0 0 0 0
Plastic strain_rate_mean 0 0 0 0 0 0 0 0 0
Dissipation 0.00058073
End step 7
Begin step 8
Stress 1.53837e-12 25.9034 8.67565e-13 25.9034 -1.51981e-12 -3.59668e-12 8.67565e-13 -3.59668e-12 5.5721e-15
Strain 0 0.000266667 0 0.000266667 0 0 0 0 0
Strain mean 3.7065e-20 0.000266667 4.33783e-18 0.000266667 -2.48445e-32 -1.79834e-17 4.33783e-18 -1.79834e-17 3.49075e-33
Plastic strain_mean -7.62693e-18 0.00013715 0 0.00013715 7.62693e-18 0 0 0 0
Plastic strain_rate_mean 0 0 0 0 0 0 0 0 0
Dissipation 0.000659352
End step 8
Begin step 9
Stress 1.98807e-12 27.2028 5.76646e-13 27.2028 -1.99281e-12 -2.63954e-12 5.76646e-13 -2.63954e-12 -1.42359e-15
Strain 0 0.0003 0 0.0003 0 0 0 0 0
Strain mean -9.46957e-21 0.0003 2.88323e-18 0.0003 -1.20371e-33 -1.31977e-17 2.88323e-18 -1.31977e-17 2.23137e-33
Plastic strain_mean -9.95695e-18 0.000163986 0 0.000163986 9.95695e-18 0 0 0 0
Plastic strain_rate_mean 0 0 0 0 0 0 0 0 0
Dissipation 0.000728508
End step 9
Begin step 10
Stress 1.2556e-12 28.2798 -2.60534e-13 28.2798 -1.24596e-12 6.85128e-13 -2.60534e-13 6.85128e-13 2.89522e-15
Strain 0 0.000333333 0 0.000333333 0 0 0 0 0
Strain mean 1.92587e-20 0.000333333 -1.30267e-18 0.000333333 -3.56297e-33 3.42564e-18 -1.30267e-18 3.42564e-18 -4.76367e-33
Plastic strain_mean -6.24428e-18 0.000191934 0 0.000191934 6.24428e-18 0 0 0 0
Plastic strain_rate_mean 0 0 0 0 0 0 0 0 0
Dissipation 0.000788522
End step 10
Begin step 11
Stress 7.69367e-13 29.1721 -1.53047e-13 29.1721 -7.80231e-13 4.01558e-13 -1.53047e-13 4.01558e-13 -3.26204e-15
Strain 0 0.000366667 0 0.000366667 0 0 0 0 0
Strain mean -2.16987e-20 0.000366667 -7.65236e-19 0.000366667 -1.44445e-33 2.00779e-18 -7.65236e-19 2.00779e-18 -3.68936e-33
Plastic strain_mean -3.88484e-18 0.000220806 0 0.000220806 3.88484e-18 0 0 0 0
Plastic strain_rate_mean 0 0 0 0 0 0 0 0 0
Dissipation 0.000840062
End step 11
Begin step 12
Stress 4.87753e-13 29.9113 -7.53469e-14 29.9113 -4.67218e-13 1.13011e-13 -7.53469e-14 1.13011e-13 6.16599e-15
Strain 0 0.0004 0 0.0004 0 0 0 0 0
Strain mean 4.10154e-20 0.0004 -3.76734e-19 0.0004 -1.12185e-32 5.65055e-19 -3.76734e-19 5.65055e-19 -2.78658e-33
Plastic strain_mean -2.36692e-18 0.000250443 0 0.000250443 2.36692e-18 0 0 0 0
Plastic strain_rate_mean 0 0 0 0 0 0 0 0 0
Dissipation 0.000883961
End step 12
Begin step 13
Stress -3.03588e-13 30.5237 -2.0785e-12 30.5237 2.72363e-13 6.20265e-12 -2.0785e-12 6.20265e-12 -9.37562e-15
Strain 0 0.000433333 0 0.000433333 0 0 0 0 0
Strain mean -6.23656e-20 0.000433333 -1.03925e-17 0.000433333 1.40593e-32 3.10132e-17 -1.03925e-17 3.10132e-17 2.7926e-33
Plastic strain_mean 1.40869e-18 0.000280715 0 0.000280715 -1.40869e-18 0 0 0 0
Plastic strain_rate_mean 0 0 0 0 0 0 0 0 0
Dissipation 0.00092111
End step 13
Begin step 14
Stress -5.99403e-13 31.0313 -1.46997e-12 31.0313 6.04915e-13 3.45888e-12 -1.46997e-12 3.45888e-12 1.65504e-15
Strain 0 0.000466667 0 0.000466667 0 0 0 0 0
Strain mean 1.10091e-20 0.000466667 -7.34986e-18 0.000466667 5.3926e-33 1.72944e-17 -7.34986e-18 1.72944e-17 1.96204e-33
Plastic strain_mean 3.0163e-18 0.00031151 0 0.00031151 -3.0163e-18 0 0 0 0
Plastic strain_rate_mean 0 0 0 0 0 0 0 0 0
Dissipation 0.000952387
End step 14
Begin step 15
Stress -1.07566e-12 31.4522 -8.04216e-13 31.4522 1.10589e-12 7.00492e-12 -8.04216e-13 7.00492e-12 9.07868e-15
Strain 0 0.0005 0 0.0005 0 0 0 0 0
Strain mean 6.03903e-20 0.0005 -4.02108e-18 0.0005 -3.77867e-31 3.50246e-17 -4.02108e-18 3.50246e-17 -2.3698e-33
Plastic strain_mean 5.48407e-18 0.000342739 0 0.000342739 -5.48407e-18 0 0 0 0
Plastic strain_rate_mean 0 0 0 0 0 0 0 0 0
Dissipation 0.000978614
End step 15
Begin step 16
Stress -1.18112e-12 31.8017 -2.57381e-13 31.8017 1.17711e-12 4.11107e-12 -2.57381e-13 4.11107e-12 -1.20525e-15
Strain 0 0.000533333 0 0.000533333 0 0 0 0 0
Strain mean -8.01718e-21 0.000533333 -1.28691e-18 0.000533333 -2.39586e-31 2.05554e-17 -1.28691e-18 2.05554e-17 -1.60093e-33
Plastic strain_mean 5.89156e-18 0.000374325 0 0.000374325 -5.89156e-18 0 0 0 0
Plastic strain_rate_mean 0 0 0 0 0 0 0 0 0
Dissipation 0.00100054
End step 16
Begin step 17
Stress 4.45925e-13 32.0923 1.95434e-12 32.0923 -4.27426e-13 -7.19794e-12 1.95434e-12 -7.19794e-12 5.55463e-15
Strain 0 0.000566667 0 0.000566667 0 0 0 0 0
Strain mean 3.69488e-20 0.000566667 9.77171e-18 0.000566667 -3.35786e-31 -3.59897e-17 9.77171e-18 -3.59897e-17 -1.93195e-33
Plastic strain_mean -2.1649e-18 0.000406205 0 0.000406205 2.1649e-18 0 0 0 0
Plastic strain_rate_mean 0 0 0 0 0 0 0 0 0
Dissipation 0.00101882
End step 17
Begin step 18
Stress -9.23903e-13 32.3343 -3.3177e-12 32.3343 9.22122e-13 -1.14156e-12 -3.3177e-12 -1.14156e-12 -5.34939e-16
Strain 0 0.0006 0 0.0006 0 0 0 0 0
Strain mean -3.55835e-21 0.0006 -1.65885e-17 0.0006 -9.33113e-32 -5.70781e-18 -1.65885e-17 -5.70781e-18 -9.55818e-34
Plastic strain_mean 4.61328e-18 0.000438328 0 0.000438328 -4.61328e-18 0 0 0 0
Plastic strain_rate_mean 0 0 0 0 0 0 0 0 0
Dissipation 0.00103403
End step 18
Begin step 19
Stress -4.01851e-13 32.5363 3.02756e-12 32.5363 3.65777e-13 3.83983e-12 3.02756e-12 3.83983e-12 -1.0832e-14
Strain 0 0.000633333 0 0.000633333 0 0 0 0 0
Strain mean -7.2053e-20 0.000633333 1.51378e-17 0.000633333 -1.06504e-31 1.91991e-17 1.51378e-17 1.91991e-17 -2.93102e-33
Plastic strain_mean 1.88304e-18 0.000470652 0 0.000470652 -1.88304e-18 0 0 0 0
Plastic strain_rate_mean 0 0 0 0 0 0 0 0 0
Dissipation 0.00104668
End step 19
Begin step 20
Stress -7.97177e-14 32.7054 1.78016e-12 32.7054 1.67745e-14 1.14144e-12 1.78016e-12 1.14144e-12 -1.88997e-14
Strain 0 0.000666667 0 0.000666667 0 0 0 0 0
Strain mean -1.25719e-19 0.000666667 8.90079e-18 0.000666667 -8.8015e-32 5.70722e-18 8.90079e-18 5.70722e-18 -1.89584e-33
Plastic strain_mean 1.78371e-19 0.000503139 0 0.000503139 -1.78371e-19 0 0 0 0
Plastic strain_rate_mean 0 0 0 0 0 0 0 0 0
Dissipation 0.00105719
End step 20
Begin step 21
Stress -3.8146e-13 32.8475 -2.74402e-13 32.8475 3.16459e-13 -6.05567e-12 -2.74402e-13 -6.05567e-12 -1.95176e-14
Strain 0 0.0007 0 0.0007 0 0 0 0 0
Strain mean -1.29829e-19 0.0007 -1.37201e-18 0.0007 3.16815e-32 -3.02783e-17 -1.37201e-18 -3.02783e-17 -1.79653e-33
Plastic strain_mean 1.67988e-18 0.000535763 0 0.000535763 -1.67988e-18 0 0 0 0
Plastic strain_rate_mean 0 0 0 0 0 0 0 0 0
Dissipation 0.00106592
End step 21
Begin step 22
Stress -1.12507e-12 32.9672 -2.01907e-12 32.9672 1.08505e-12 -4.61169e-12 -2.01907e-12 -4.61169e-12 -1.20176e-14
Strain 0 0.000733333 0 0.000733333 0 0 0 0 0
Strain mean -7.99395e-20 0.000733333 -1.00954e-17 0.000733333 3.37038e-34 -2.30585e-17 -1.00954e-17 -2.30585e-17 1.75685e-33
Plastic strain_mean 5.48533e-18 0.000568498 0 0.000568498 -5.48533e-18 0 0 0 0
Plastic strain_rate_mean 0 0 0 0 0 0 0 0 0
Dissipation 0.00107316
End step 22
Begin step 23
Stress -8.73477e-13 33.0685 -4.4459e-13 33.0685 9.01312e-13 3.30983e-12 -4.4459e-13 3.30983e-12 8.35815e-15
Strain 0 0.000766667 0 0.000766667 0 0 0 0 0
Strain mean 5.55974e-20 0.000766667 -2.22295e-18 0.000766667 1.92112e-32 1.65492e-17 -2.22295e-18 1.65492e-17 -1.18716e-33
Plastic strain_mean 4.46477e-18 0.000601324 0 0.000601324 -4.46477e-18 0 0 0 0
Plastic strain_rate_mean 0 0 0 0 0 0 0 0 0
Dissipation 0.00107919
End step 23
Begin step 24
Stress -7.56297e-13 33.1548 3.34044e-12 33.1548 8.09074e-13 5.3916e-12 3.34044e-12 5.3916e-12 1.58473e-14
Strain 0 0.0008 0 0.0008 0 0 0 0 0
Strain mean 1.05414e-19 0.0008 1.67022e-17 0.0008 8.23335e-33 2.6958e-17 1.67022e-17 2.6958e-17 -1.81308e-34
Plastic strain_mean 3.96613e-18 0.000634226 0 0.000634226 -3.96613e-18 0 0 0 0
Plastic strain_rate_mean 0 0 0 0 0 0 0 0 0
Dissipation 0.0010842
End step 24
Begin step 25
Stress 1.08074e-13 33.2287 -9.52565e-13 33.2287 -1.47981e-13 2.96515e-12 -9.52565e-13 2.96515e-12 -1.19826e-14
Strain 0 0.000833333 0 0.000833333 0 0 0 0 0
Strain mean -7.97071e-20 0.000833333 -4.76282e-18 0.000833333 2.27862e-32 1.48258e-17 -4.76282e-18 1.48258e-17 -1.53585e-33
Plastic strain_mean -6.7999e-19 0.00066719 0 0.00066719 6.7999e-19 0 0 0 0
Plastic strain_rate_mean 0 0 0 0 0 0 0 0 0
Dissipation 0.00108837
End step 25
Begin step 26
Stress 5.48217e-13 33.2923 -7.71796e-13 33.2923 -5.83993e-13 2.7604e-12 -7.71796e-13 2.7604e-12 -1.07424e-14
Strain 0 0.000866667 0 0.000866667 0 0 0 0 0
Strain mean -7.14575e-20 0.000866667 -3.85898e-18 0.000866667 1.03759e-32 1.3802e-17 -3.85898e-18 1.3802e-17 -1.55993e-33
Plastic strain_mean -2.86625e-18 0.000700205 0 0.000700205 2.86625e-18 0 0 0 0
Plastic strain_rate_mean 0 0 0 0 0 0 0 0 0
Dissipation 0.00109185
End step 26
Begin step 27
Stress 7.4363e-13 33.3475 -6.8302e-13 33.3475 -8.48806e-13 2.5747e-12 -6.8302e-13 2.5747e-12 -3.1581e-14
Strain 0 0.0009 0 0.0009 0 0 0 0 0
Strain mean -2.10073e-19 0.0009 -3.4151e-18 0.0009 1.37223e-33 1.28735e-17 -3.4151e-18 1.28735e-17 -1.76832e-33
Plastic strain_mean -4.08613e-18 0.000733262 0 0.000733262 4.08613e-18 0 0 0 0
Plastic strain_rate_mean 0 0 0 0 0 0 0 0 0
Dissipation 0.00109477
End step 27
Begin step 28
Stress 8.17269e-13 33.3959 -6.60134e-13 33.3959 -8.92385e-13 2.43051e-12 -6.60134e-13 2.43051e-12 -2.25548e-14
Strain 0 0.000933333 0 0.000933333 0 0 0 0 0
Strain mean -1.50032e-19 0.000933333 -3.30067e-18 0.000933333 2.20278e-33 1.21526e-17 -3.30067e-18 1.21526e-17 -2.02448e-33
Plastic strain_mean -4.34915e-18 0.000766354 0 0.000766354 4.34915e-18 0 0 0 0
Plastic strain_rate_mean 0 0 0 0 0 0 0 0 0
Dissipation 0.00109721
End step 28
Begin step 29
Stress 2.96392e-12 33.4385 -6.70379e-12 33.4385 -3.00368e-12 8.76555e-12 -6.70379e-12 8.76555e-12 -1.1939e-14
Strain 0 0.000966667 0 0.000966667 0 0 0 0 0
Strain mean -7.94166e-20 0.000966667 -3.35189e-17 0.000966667 -3.03334e-33 4.38278e-17 -3.35189e-17 4.38278e-17 6.64446e-33
Plastic strain_mean -1.49587e-17 0.000799474 0 0.000799474 1.49587e-17 0 0 0 0
Plastic strain_rate_mean 0 0 0 0 0 0 0 0 0
Dissipation 0.00109927
End step 29
Begin step 30
Stress 4.03708e-12 33.4764 -5.78444e-12 33.4764 -4.05852e-12 7.89888e-12 -5.78444e-12 7.89888e-12 -6.43673e-15
Strain 0 0.001 0 0.001 0 0 0 0 0
Strain mean -4.28164e-20 0.001 -2.89222e-17 0.001 1.12185e-32 3.94944e-17 -2.89222e-17 3.94944e-17 6.54214e-33
Plastic strain_mean -2.02604e-17 0.000832618 0 0.000832618 2.02604e-17 0 0 0 0
Plastic strain_rate_mean 0 0 0 0 0 0 0 0 0
Dissipation 0.00110101
End step 30
