Begin step 0
Stress 0 0 0 0 0 0 0 0 0
Strain 0 0 0 0 0 0 0 0 0
Strain mean 0 0 0 0 0 0 0 0 0
Plastic strain_mean 0 0 0 0 0 0 0 0 0
Plastic strain_rate_mean 0 0 0 0 0 0 0 0 0
Dissipation 0
End step 0
Begin step 1
Stress 160.02 -4.36093e-11 -2.68263e-11 -4.36093e-11 -4.96323e-13 -3.50877e-12 -2.68263e-11 -3.50877e-12 4.10866e-13
Strain 0.00133333 0 0 0 0 0 0 0 0
Strain mean 0.00133333 1.47651e-13 1.6771e-14 1.47651e-13 -0.000516067 -1.77682e-17 1.6771e-14 -1.77682e-17 -0.000516067
Plastic strain_mean 1.46006e-05 1.47854e-13 1.68961e-14 1.47854e-13 -7.3003e-06 -1.40454e-18 1.68961e-14 -1.40454e-18 -7.3003e-06
Plastic strain_rate_mean 0 0 0 0 0 0 0 0 0
Dissipation 0.000194699
End step 1
Begin step 2
Stress 318.225 -9.15714e-11 -1.98431e-12 -9.15714e-11 4.28224e-13 -5.81852e-13 -1.98431e-12 -5.81852e-13 1.28848e-13
Strain 0.00266667 0 0 0 0 0 0 0 0
Strain mean 0.00266667 1.46306e-13 1.67561e-14 1.46306e-13 -0.00103384 -2.58486e-17 1.67561e-14 -2.58486e-17 -0.00103384
Plastic strain_mean 4.41669e-05 1.46733e-13 1.67653e-14 1.46733e-13 -2.20835e-05 -2.3135e-17 1.67653e-14 -2.3135e-17 -2.20835e-05
Plastic strain_rate_mean 0 0 0 0 0 0 0 0 0
Dissipation 0.000784061
End step 2
Begin step 3
Stress 474.495 -1.3432e-10 6.70688e-12 -1.3432e-10 1.38397e-13 -2.57509e-12 6.70688e-12 -2.57509e-12 -3.40282e-13
Strain 0.004 0 0 0 0 0 0 0 0
Strain mean 0.004 1.54615e-13 1.80184e-14 1.54615e-13 -0.00155344 -1.38465e-16 1.80184e-14 -1.38465e-16 -0.00155344
Plastic strain_mean 8.96709e-05 1.55241e-13 1.79871e-14 1.55241e-13 -4.48354e-05 -1.26455e-16 1.79871e-14 -1.26455e-16 -4.48354e-05
Plastic strain_rate_mean 0 0 0 0 0 0 0 0 0
Dissipation 0.00179928
End step 3
Begin step 4
Stress 628.61 -1.84574e-10 2.59172e-11 -1.84574e-10 -1.83589e-11 1.3247e-11 2.59172e-11 1.3247e-11 3.56623e-13
Strain 0.00533333 0 0 0 0 0 0 0 0
Strain mean 0.00533333 1.54372e-13 1.81101e-14 1.54372e-13 -0.00207507 -6.60603e-17 1.81101e-14 -6.60603e-17 -0.00207507
Plastic strain_mean 0.000152939 1.55233e-13 1.79892e-14 1.55233e-13 -7.64693e-05 -1.2784e-16 1.79892e-14 -1.2784e-16 -7.64693e-05
Plastic strain_rate_mean 0 0 0 0 0 0 0 0 0
Dissipation 0.00331422
End step 4
Begin step 5
Stress 780.17 -2.16234e-10 2.30681e-11 -2.16234e-10 -2.64734e-12 6.33609e-12 2.30681e-11 6.33609e-12 1.15578e-12
Strain 0.00666667 0 0 0 0 0 0 0 0
Strain mean 0.00666667 1.54203e-13 1.80967e-14 1.54203e-13 -0.0025991 -1.13183e-16 1.80967e-14 -1.13183e-16 -0.0025991
Plastic strain_mean 0.00023726 1.55211e-13 1.79892e-14 1.55211e-13 -0.00011863 -1.42733e-16 1.79892e-14 -1.42733e-16 -0.00011863
Plastic strain_rate_mean 0 0 0 0 0 0 0 0 0
Dissipation 0.00548207
End step 5
Begin step 6
Stress 928.394 -2.61188e-10 -3.21156e-12 -2.61188e-10 -6.19999e-13 2.94274e-12 -3.21156e-12 2.94274e-12 -8.25788e-14
Strain 0.008 0 0 0 0 0 0 0 0
Strain mean 0.008 1.53757e-13 1.78496e-14 1.53757e-13 -0.00312626 -2.73632e-16 1.78496e-14 -2.73632e-16 -0.00312626
Plastic strain_mean 0.000349071 1.54975e-13 1.78646e-14 1.54975e-13 -0.000174535 -2.87356e-16 1.78646e-14 -2.87356e-16 -0.000174535
Plastic strain_rate_mean 0 0 0 0 0 0 0 0 0
Dissipation 0.00865039
End step 6
Begin step 7
Stress 1071.32 -3.01835e-10 2.78521e-13 -3.01835e-10 2.07849e-11 1.77702e-11 2.78521e-13 1.77702e-11 1.05901e-12
Strain 0.00933333 0 0 0 0 0 0 0 0
Strain mean 0.00933333 1.53526e-13 1.78721e-14 1.53526e-13 -0.00365842 -2.22209e-16 1.78721e-14 -2.22209e-16 -0.00365842
Plastic strain_mean 0.000504546 1.54934e-13 1.78708e-14 1.54934e-13 -0.000252273 -3.05083e-16 1.78708e-14 -3.05083e-16 -0.000252273
Plastic strain_rate_mean 0 0 0 0 0 0 0 0 0
Dissipation 0.0138803
End step 7
Begin step 8
Stress 1195.28 -3.32481e-10 -3.61165e-12 -3.32481e-10 -5.56345e-13 -6.19581e-13 -3.61165e-12 -6.19581e-13 1.44685e-13
Strain 0.0106667 0 0 0 0 0 0 0 0
Strain mean 0.0106667 1.48948e-13 2.20545e-14 1.48948e-13 -0.00420843 -3.13308e-14 2.20545e-14 -3.13308e-14 -0.00420843
Plastic strain_mean 0.000816349 1.50499e-13 2.20713e-14 1.50499e-13 -0.000408175 -3.13279e-14 2.20713e-14 -3.13279e-14 -0.000408175
Plastic strain_rate_mean 0 0 0 0 0 0 0 0 0
Dissipation 0.0310576
End step 8
Begin step 9
Stress 1207.35 -3.28516e-10 1.34111e-12 -3.28516e-10 -1.63031e-11 -8.82894e-13 1.34111e-12 -8.82894e-13 3.20443e-14
Strain 0.012 0 0 0 0 0 0 0 0
Strain mean 0.012 -3.64202e-13 2.00305e-13 -3.64202e-13 -0.00486373 -8.62125e-13 2.00305e-13 -8.62125e-13 -0.00486373
Plastic strain_mean 0.00205016 -3.6267e-13 2.00298e-13 -3.6267e-13 -0.00102508 -8.62121e-13 2.00298e-13 -8.62121e-13 -0.00102508
Plastic strain_rate_mean 0 0 0 0 0 0 0 0 0
Dissipation 0.124137
End step 9
Begin step 10
Stress 1211.85 -3.36352e-10 1.68818e-13 -3.36352e-10 -5.96471e-14 -3.49032e-13 1.68818e-13 -3.49032e-13 -1.823e-13
Strain 0.0133333 0 0 0 0 0 0 0 0
Strain mean 0.0133333 -3.58091e-13 8.91499e-15 -3.58091e-13 -0.00552617 2.78325e-14 8.91499e-15 2.78325e-14 -0.00552617
Plastic strain_mean 0.00334647 -3.56522e-13 8.91421e-15 -3.56522e-13 -0.00167324 2.78342e-14 8.91421e-15 2.78342e-14 -0.00167324
Plastic strain_rate_mean 0 0 0 0 0 0 0 0 0
Dissipation 0.130911
End step 10
Begin step 11
Stress 1216.34 -3.44344e-10 -7.45767e-13 -3.44344e-10 1.65856e-11 1.95318e-13 -7.45767e-13 1.95318e-13 -8.31272e-14
Strain 0.0146667 0 0 0 0 0 0 0 0
Strain mean 0.0146667 -3.5198e-13 -1.82473e-13 -3.5198e-13 -0.00618861 9.1779e-13 -1.82473e-13 9.1779e-13 -0.00618861
Plastic strain_mean 0.00464279 -3.50374e-13 -1.8247e-13 -3.50374e-13 -0.0023214 9.17789e-13 -1.8247e-13 9.17789e-13 -0.0023214
Plastic strain_rate_mean 0 0 0 0 0 0 0 0 0
Dissipation 0.131397
End step 11
Begin step 12
Stress 1220.83 -3.52187e-10 -1.75959e-12 -3.52187e-10 3.26208e-11 7.14775e-13 -1.75959e-12 7.14775e-13 -5.81436e-13
Strain 0.016 0 0 0 0 0 0 0 0
Strain mean 0.016 -3.45868e-13 -3.73862e-13 -3.45868e-13 -0.00685105 1.80775e-12 -3.73862e-13 1.80775e-12 -0.00685105
Plastic strain_mean 0.00593911 -3.44226e-13 -3.73854e-13 -3.44226e-13 -0.00296955 1.80774e-12 -3.73854e-13 1.80774e-12 -0.00296955
Plastic strain_rate_mean 0 0 0 0 0 0 0 0 0
Dissipation 0.131882
End step 12
Begin step 13
Stress 1225.32 -3.6026e-10 -2.64974e-12 -3.6026e-10 4.90138e-11 1.28264e-12 -2.64974e-12 1.28264e-12 -6.67061e-13
Strain 0.0173333 0 0 0 0 0 0 0 0
Strain mean 0.0173333 -3.39758e-13 -5.65251e-13 -3.39758e-13 -0.00751349 2.69771e-12 -5.65251e-13 2.69771e-12 -0.00751349
Plastic strain_mean 0.00723542 -3.38078e-13 -5.65238e-13 -3.38078e-13 -0.00361771 2.6977e-12 -5.65238e-13 2.6977e-12 -0.00361771
Plastic strain_rate_mean 0 0 0 0 0 0 0 0 0
Dissipation 0.132367
End step 13
Begin step 14
Stress 1229.81 -3.6799e-10 -3.72023e-12 -3.6799e-10 6.52266e-11 1.83154e-12 -3.72023e-12 1.83154e-12 -9.90646e-13
Strain 0.0186667 0 0 0 0 0 0 0 0
Strain mean 0.0186667 -3.33646e-13 -7.5664e-13 -3.33646e-13 -0.00817592 3.58766e-12 -7.5664e-13 3.58766e-12 -0.00817592
Plastic strain_mean 0.00853174 -3.3193e-13 -7.56622e-13 -3.3193e-13 -0.00426587 3.58766e-12 -7.56622e-13 3.58766e-12 -0.00426587
Plastic strain_rate_mean 0 0 0 0 0 0 0 0 0
Dissipation 0.132852
End step 14
Begin step 15
Stress 1234.3 -3.75805e-10 -4.7762e-12 -3.75805e-10 8.10364e-11 2.36321e-12 -4.7762e-12 2.36321e-12 -1.56358e-12
Strain 0.02 0 0 0 0 0 0 0 0
Strain mean 0.02 -3.27534e-13 -9.48029e-13 -3.27534e-13 -0.00883836 4.47762e-12 -9.48029e-13 4.47762e-12 -0.00883836
Plastic strain_mean 0.00982806 -3.25782e-13 -9.48006e-13 -3.25782e-13 -0.00491403 4.47761e-12 -9.48006e-13 4.47761e-12 -0.00491403
Plastic strain_rate_mean 0 0 0 0 0 0 0 0 0
Dissipation 0.133337
End step 15
