Begin step 0
Stress 0 0 0 0 0 0 0 0 0
Strain 0 0 0 0 0 0 0 0 0
Strain mean 0 0 0 0 0 0 0 0 0
Plastic strain_mean 0 0 0 0 0 0 0 0 0
Plastic strain_rate_mean 0 0 0 0 0 0 0 0 0
Dissipation 0
End step 0
Begin step 1
Stress 5.48253e-16 6.66667 3.06863e-16 6.66667 2.35265e-16 -6.25892e-17 3.06863e-16 -6.25892e-17 2.35264e-16
Strain 0 3.33333e-05 0 3.33333e-05 0 0 0 0 0
Strain mean 1.56495e-21 3.33333e-05 1.53432e-21 3.33333e-05 -6.28889e-37 -3.12946e-22 1.53432e-21 -3.12946e-22 -3.74689e-37
Plastic strain_mean 2.9708e-27 1.6874e-17 0 1.6874e-17 -2.9708e-27 0 0 0 0
Plastic strain_rate_mean 0 0 0 0 0 0 0 0 0
Dissipation 1.12493e-16
End step 1
Begin step 2
Stress -8.11118e-16 13.3333 4.49192e-15 13.3333 -3.48706e-16 2.96152e-16 4.49192e-15 2.96152e-16 -3.48256e-16
Strain 0 6.66667e-05 0 6.66667e-05 0 0 0 0 0
Strain mean -2.31656e-21 6.66667e-05 2.24596e-20 6.66667e-05 -7.89932e-36 1.48076e-21 2.24596e-20 1.48076e-21 -1.29892e-36
Plastic strain_mean -2.25038e-24 1.72958e-14 0 1.72958e-14 2.25038e-24 0 0 0 0
Plastic strain_rate_mean 0 0 0 0 0 0 0 0 0
Dissipation 2.30386e-13
End step 2
Begin step 3
Stress -5.54136e-15 20 1.23077e-14 20 -2.35563e-15 -1.24768e-15 1.23077e-14 -1.24768e-15 -2.3712e-15
Strain 0 0.0001 0 0.0001 0 0 0 0 0
Strain mean -1.57729e-20 0.0001 6.15385e-20 0.0001 1.57399e-35 -6.2384e-21 6.15385e-20 -6.2384e-21 -9.40395e-38
Plastic strain_mean 7.78614e-23 1.01369e-12 0 1.01369e-12 -7.78614e-23 0 0 0 0
Plastic strain_rate_mean 0 0 0 0 0 0 0 0 0
Dissipation 1.99278e-11
End step 3
Begin step 4
Stress -8.05425e-15 26.6667 7.54512e-14 26.6667 -3.20222e-15 2.09194e-13 7.54512e-14 2.09194e-13 -3.37994e-15
Strain 0 0.000133333 0 0.000133333 0 0 0 0 0
Strain mean -2.2483e-20 0.000133333 3.77256e-19 0.000133333 -4.77721e-35 1.04597e-18 3.77256e-19 1.04597e-18 -1.19806e-34
Plastic strain_mean 8.88595e-22 1.87073e-11 0 1.87073e-11 -8.88595e-22 0 0 0 0
Plastic strain_rate_mean 0 0 0 0 0 0 0 0 0
Dissipation 4.71828e-10
End step 4
Begin step 5
Stress 7.81544e-16 33.3333 9.4826e-13 33.3333 3.0506e-15 2.35532e-13 9.4826e-13 2.35532e-13 1.15066e-15
Strain 0 0.000166667 0 0.000166667 0 0 0 0 0
Strain mean 7.65409e-21 0.000166667 4.7413e-18 0.000166667 3.53589e-35 1.17766e-18 4.7413e-18 1.17766e-18 1.55918e-34
Plastic strain_mean 9.49969e-21 1.8349e-10 0 1.8349e-10 -9.49969e-21 0 0 0 0
Plastic strain_rate_mean 0 0 0 0 0 0 0 0 0
Dissipation 5.49277e-09
End step 5
Begin step 6
Stress 7.41614e-15 39.9998 2.97771e-12 39.9998 -1.13137e-14 3.36529e-13 2.97771e-12 3.36529e-13 -1.17032e-15
Strain 0 0.0002 0 0.0002 0 0 0 0 0
Strain mean -7.7848e-21 0.0002 1.48886e-17 0.0002 -1.20371e-35 1.68265e-18 1.48886e-17 1.68265e-18 -8.17016e-34
Plastic strain_mean -5.07171e-20 1.20373e-09 0 1.20373e-09 5.07171e-20 0 0 0 0
Plastic strain_rate_mean 0 0 0 0 0 0 0 0 0
Dissipation 4.08095e-08
End step 6
Begin step 7
Stress 1.50005e-14 46.6655 -3.00309e-12 46.6655 1.44787e-14 -6.14776e-13 -3.00309e-12 -6.14776e-13 8.8516e-15
Strain 0 0.000233333 0 0.000233333 0 0 0 0 0
Strain mean 5.88798e-20 0.000233333 -1.50154e-17 0.000233333 3.12964e-34 -3.07388e-18 -1.50154e-17 -3.07388e-18 2.84075e-33
Plastic strain_mean 2.81355e-20 5.969e-09 0 5.969e-09 -2.81355e-20 0 0 0 0
Plastic strain_rate_mean 0 0 0 0 0 0 0 0 0
Dissipation 2.22373e-07
End step 7
Begin step 8
Stress -6.02407e-14 53.3285 -4.50072e-12 53.3285 6.36002e-14 3.30631e-12 -4.50072e-12 3.30631e-12 1.00874e-15
Strain 0 0.000266667 0 0.000266667 0 0 0 0 0
Strain mean 6.71003e-21 0.000266667 -2.25036e-17 0.000266667 1.14352e-33 1.65316e-17 -2.25036e-17 1.65316e-17 -4.01436e-33
Plastic strain_mean 3.12957e-19 2.40709e-08 0 2.40709e-08 -3.12957e-19 0 0 0 0
Plastic strain_rate_mean 0 0 0 0 0 0 0 0 0
Dissipation 9.65345e-07
End step 8
Begin step 9
Stress -1.6199e-13 59.9835 -3.50272e-12 59.9835 1.78017e-13 2.89781e-12 -3.50272e-12 2.89781e-12 4.81227e-15
Strain 0 0.0003 0 0.0003 0 0 0 0 0
Strain mean 3.20106e-20 0.0003 -1.75136e-17 0.0003 -1.38125e-33 1.4489e-17 -1.75136e-17 1.4489e-17 -3.91205e-33
Plastic strain_mean 8.66022e-19 8.27441e-08 0 8.27441e-08 -8.66022e-19 0 0 0 0
Plastic strain_rate_mean 0 0 0 0 0 0 0 0 0
Dissipation 3.51942e-06
End step 9
Begin step 10
Stress -2.09972e-13 66.6166 3.0755e-12 66.6166 1.97756e-13 -1.75804e-12 3.0755e-12 -1.75804e-12 -3.66815e-15
Strain 0 0.000333333 0 0.000333333 0 0 0 0 0
Strain mean -2.44001e-20 0.000333333 1.53775e-17 0.000333333 1.17e-32 -8.79019e-18 1.53775e-17 -8.79019e-18 4.39353e-33
Plastic strain_mean 1.00712e-18 2.50217e-07 0 2.50217e-07 -1.00712e-18 0 0 0 0
Plastic strain_rate_mean 0 0 0 0 0 0 0 0 0
Dissipation 1.11565e-05
End step 10
Begin step 11
Stress -3.5557e-13 73.1974 4.79458e-12 73.1974 3.29582e-13 -2.56401e-12 4.79458e-12 -2.56401e-12 -7.80356e-15
Strain 0 0.000366667 0 0.000366667 0 0 0 0 0
Strain mean -5.19084e-20 0.000366667 2.39729e-17 0.000366667 -1.38486e-32 -1.28201e-17 2.39729e-17 -1.28201e-17 6.60534e-33
Plastic strain_mean 1.68693e-18 6.79807e-07 0 6.79807e-07 -1.68693e-18 0 0 0 0
Plastic strain_rate_mean 0 0 0 0 0 0 0 0 0
Dissipation 3.14447e-05
End step 11
Begin step 12
Stress -7.55802e-13 79.6637 7.12907e-12 79.6637 7.82096e-13 -3.44497e-12 7.12907e-12 -3.44497e-12 7.89526e-15
Strain 0 0.0004 0 0.0004 0 0 0 0 0
Strain mean 5.25184e-20 0.0004 3.56454e-17 0.0004 1.00684e-31 -1.72248e-17 3.56454e-17 -1.72248e-17 8.37479e-33
Plastic strain_mean 3.87101e-18 1.68133e-06 0 1.68133e-06 -3.87101e-18 0 0 0 0
Plastic strain_rate_mean 0 0 0 0 0 0 0 0 0
Dissipation 7.97847e-05
End step 12
Begin step 13
Stress -9.65785e-13 85.9046 -2.26248e-12 85.9046 9.88138e-13 7.7569e-13 -2.26248e-12 7.7569e-13 6.71184e-15
Strain 0 0.000433333 0 0.000433333 0 0 0 0 0
Strain mean 4.46464e-20 0.000433333 -1.13124e-17 0.000433333 9.18548e-32 3.87845e-18 -1.13124e-17 3.87845e-18 -2.99018e-33
Plastic strain_mean 4.90713e-18 3.81013e-06 0 3.81013e-06 -4.90713e-18 0 0 0 0
Plastic strain_rate_mean 0 0 0 0 0 0 0 0 0
Dissipation 0.00018287
End step 13
Begin step 14
Stress -1.45214e-12 91.7493 -5.02506e-12 91.7493 1.45921e-12 2.08197e-12 -5.02506e-12 2.08197e-12 2.12229e-15
Strain 0 0.000466667 0 0.000466667 0 0 0 0 0
Strain mean 1.41172e-20 0.000466667 -2.51253e-17 0.000466667 -2.6165e-31 1.04099e-17 -2.51253e-17 1.04099e-17 -2.55919e-33
Plastic strain_mean 7.28542e-18 7.92005e-06 0 7.92005e-06 -7.28542e-18 0 0 0 0
Plastic strain_rate_mean 0 0 0 0 0 0 0 0 0
Dissipation 0.000377068
End step 14
Begin step 15
Stress -2.19169e-12 96.9851 -3.97933e-12 96.9851 2.20866e-12 7.55612e-12 -3.97933e-12 7.55612e-12 5.09611e-15
Strain 0 0.0005 0 0.0005 0 0 0 0 0
Strain mean 3.38987e-20 0.0005 -1.98967e-17 0.0005 -4.5783e-32 3.77806e-17 -1.98967e-17 3.77806e-17 8.17016e-34
Plastic strain_mean 1.10178e-17 1.50745e-05 0 1.50745e-05 -1.10178e-17 0 0 0 0
Plastic strain_rate_mean 0 0 0 0 0 0 0 0 0
Dissipation 0.000693831
End step 15
Begin step 16
Stress -2.99262e-12 101.417 1.44563e-12 101.417 3.00541e-12 -3.93975e-12 1.44563e-12 -3.93975e-12 3.84283e-15
Strain 0 0.000533333 0 0.000533333 0 0 0 0 0
Strain mean 2.5562e-20 0.000533333 7.22817e-18 0.000533333 1.12185e-32 -1.96987e-17 7.22817e-18 -1.96987e-17 -1.26434e-33
Plastic strain_mean 1.50079e-17 2.62485e-05 0 2.62485e-05 -1.50079e-17 0 0 0 0
Plastic strain_rate_mean 0 0 0 0 0 0 0 0 0
Dissipation 0.00113311
End step 16
Begin step 17
Stress -1.31079e-12 104.943 1.41822e-12 104.943 1.29878e-12 -7.0933e-13 1.41822e-12 -7.0933e-13 -3.60702e-15
Strain 0 0.000566667 0 0.000566667 0 0 0 0 0
Strain mean -2.39935e-20 0.000566667 7.09111e-18 0.000566667 9.0278e-33 -3.54665e-18 7.09111e-18 -3.54665e-18 -1.461e-33
Plastic strain_mean 6.51191e-18 4.19534e-05 0 4.19534e-05 -6.51191e-18 0 0 0 0
Plastic strain_rate_mean 0 0 0 0 0 0 0 0 0
Dissipation 0.00164785
End step 17
Begin step 18
Stress -6.05037e-13 107.587 1.6685e-12 107.587 5.95089e-13 1.70537e-12 1.6685e-12 1.70537e-12 -2.98692e-15
Strain 0 0.0006 0 0.0006 0 0 0 0 0
Strain mean -1.98687e-20 0.0006 8.34252e-18 0.0006 -2.19363e-31 8.52685e-18 8.34252e-18 8.52685e-18 -1.16158e-33
Plastic strain_mean 2.99038e-18 6.20626e-05 0 6.20626e-05 -2.99038e-18 0 0 0 0
Plastic strain_rate_mean 0 0 0 0 0 0 0 0 0
Dissipation 0.002163
End step 18
Begin step 19
Stress 2.18437e-12 109.477 2.57544e-13 109.477 -2.13535e-12 2.8033e-12 2.57544e-13 2.8033e-12 1.47206e-14
Strain 0 0.000633333 0 0.000633333 0 0 0 0 0
Strain mean 9.792e-20 0.000633333 1.28772e-18 0.000633333 -1.59756e-31 1.40165e-17 1.28772e-18 1.40165e-17 -7.34261e-34
Plastic strain_mean -1.07503e-17 8.59483e-05 0 8.59483e-05 1.07503e-17 0 0 0 0
Plastic strain_rate_mean 0 0 0 0 0 0 0 0 0
Dissipation 0.00261413
End step 19
Begin step 20
Stress 1.74153e-12 110.779 2.69644e-12 110.779 -1.76667e-12 3.41111e-12 2.69644e-12 3.41111e-12 -7.55028e-15
Strain 0 0.000666667 0 0.000666667 0 0 0 0 0
Strain mean -5.02236e-20 0.000666667 1.34822e-17 0.000666667 -3.71127e-31 1.70555e-17 1.34822e-17 1.70555e-17 -1.51065e-33
Plastic strain_mean -8.79562e-18 0.000112772 0 0.000112772 8.79562e-18 0 0 0 0
Plastic strain_rate_mean 0 0 0 0 0 0 0 0 0
Dissipation 0.00297032
End step 20
Begin step 21
Stress 1.38419e-13 111.655 -7.94023e-13 111.655 -1.3202e-13 -3.43943e-12 -7.94023e-13 -3.43943e-12 1.92141e-15
Strain 0 0.0007 0 0.0007 0 0 0 0 0
Strain mean 1.2781e-20 0.0007 -3.97012e-18 0.0007 1.82963e-32 -1.71972e-17 -3.97012e-18 -1.71972e-17 1.11343e-33
Plastic strain_mean -6.69709e-19 0.000141725 0 0.000141725 6.69709e-19 0 0 0 0
Plastic strain_rate_mean 0 0 0 0 0 0 0 0 0
Dissipation 0.00323119
End step 21
Begin step 22
Stress 3.83897e-14 112.237 -4.29864e-13 112.237 -1.01903e-14 3.1253e-12 -4.29864e-13 3.1253e-12 8.46732e-15
Strain 0 0.000733333 0 0.000733333 0 0 0 0 0
Strain mean 5.63236e-20 0.000733333 -2.14932e-18 0.000733333 3.34028e-32 1.56265e-17 -2.14932e-18 1.56265e-17 8.84724e-34
Plastic strain_mean -9.32883e-20 0.000172147 0 0.000172147 9.32883e-20 0 0 0 0
Plastic strain_rate_mean 0 0 0 0 0 0 0 0 0
Dissipation 0.00341261
End step 22
Begin step 23
Stress -6.28764e-14 112.623 -1.69174e-14 112.623 1.73754e-13 -8.34296e-13 -1.69174e-14 -8.34296e-13 3.32928e-14
Strain 0 0.000766667 0 0.000766667 0 0 0 0 0
Strain mean 2.2146e-19 0.000766667 -8.4587e-20 0.000766667 1.7863e-32 -4.17148e-18 -8.4587e-20 -4.17148e-18 9.08798e-34
Plastic strain_mean 7.02306e-19 0.000203552 0 0.000203552 -7.02306e-19 0 0 0 0
Plastic strain_rate_mean 0 0 0 0 0 0 0 0 0
Dissipation 0.00353455
End step 23
Begin step 24
Stress -1.00748e-12 112.88 3.54304e-13 112.88 1.04622e-12 -3.69645e-12 3.54304e-13 -3.69645e-12 1.16333e-14
Strain 0 0.0008 0 0.0008 0 0 0 0 0
Strain mean 7.73833e-20 0.0008 1.77152e-18 0.0008 7.75187e-33 -1.84822e-17 1.77152e-18 -1.84822e-17 -7.08964e-34
Plastic strain_mean 5.17294e-18 0.000235599 0 0.000235599 -5.17294e-18 0 0 0 0
Plastic strain_rate_mean 0 0 0 0 0 0 0 0 0
Dissipation 0.00361474
End step 24
Begin step 25
Stress -7.71898e-13 113.055 2.29888e-13 113.055 7.44731e-13 -1.7148e-13 2.29888e-13 -1.7148e-13 -8.15727e-15
Strain 0 0.000833333 0 0.000833333 0 0 0 0 0
Strain mean -5.42612e-20 0.000833333 1.14944e-18 0.000833333 -5.02547e-33 -8.57402e-19 1.14944e-18 -8.57402e-19 1.42714e-33
Plastic strain_mean 3.76444e-18 0.00026806 0 0.00026806 -3.76444e-18 0 0 0 0
Plastic strain_rate_mean 0 0 0 0 0 0 0 0 0
Dissipation 0.00366682
End step 25
Begin step 26
Stress -3.19729e-13 113.176 -1.05557e-13 113.176 3.12167e-13 -6.8245e-13 -1.05557e-13 -6.8245e-13 -2.27076e-15
Strain 0 0.000866667 0 0.000866667 0 0 0 0 0
Strain mean -1.51048e-20 0.000866667 -5.27783e-19 0.000866667 6.01853e-33 -3.41225e-18 -5.27783e-19 -3.41225e-18 -2.40139e-33
Plastic strain_mean 1.57219e-18 0.000300786 0 0.000300786 -1.57219e-18 0 0 0 0
Plastic strain_rate_mean 0 0 0 0 0 0 0 0 0
Dissipation 0.00370043
End step 26
Begin step 27
Stress -1.64098e-13 113.264 -1.39276e-14 113.264 1.93446e-13 -4.13278e-13 -1.39276e-14 -4.13278e-13 8.8123e-15
Strain 0 0.0009 0 0.0009 0 0 0 0 0
Strain mean 5.86184e-20 0.0009 -6.96379e-20 0.0009 9.46113e-33 -2.06639e-18 -6.96379e-20 -2.06639e-18 -2.02824e-33
Plastic strain_mean 9.23168e-19 0.000333682 0 0.000333682 -9.23168e-19 0 0 0 0
Plastic strain_rate_mean 0 0 0 0 0 0 0 0 0
Dissipation 0.00372209
End step 27
Begin step 28
Stress 2.77349e-12 113.33 -5.46806e-12 113.33 -2.67489e-12 1.68005e-12 -5.46806e-12 1.68005e-12 2.96072e-14
Strain 0 0.000933333 0 0.000933333 0 0 0 0 0
Strain mean 1.96944e-19 0.000933333 -2.73403e-17 0.000933333 -3.82682e-31 8.40027e-18 -2.73403e-17 8.40027e-18 -1.0397e-33
Plastic strain_mean -1.35225e-17 0.000366684 0 0.000366684 1.35225e-17 0 0 0 0
Plastic strain_rate_mean 0 0 0 0 0 0 0 0 0
Dissipation 0.00373611
End step 28
Begin step 29
Stress 7.48526e-13 113.382 1.73976e-12 113.382 -8.39349e-13 -7.43263e-13 1.73976e-12 -7.43263e-13 -2.7271e-14
Strain 0 0.000966667 0 0.000966667 0 0 0 0 0
Strain mean -1.81403e-19 0.000966667 8.69879e-18 0.000966667 1.18204e-32 -3.71632e-18 8.69879e-18 -3.71632e-18 -1.86274e-33
Plastic strain_mean -4.06039e-18 0.000399755 0 0.000399755 4.06039e-18 0 0 0 0
Plastic strain_rate_mean 0 0 0 0 0 0 0 0 0
Dissipation 0.00374527
End step 29
Begin step 30
Stress 3.48596e-13 113.426 1.15506e-12 113.426 -2.81362e-13 -6.5278e-13 1.15506e-12 -6.5278e-13 2.01879e-14
Strain 0 0.001 0 0.001 0 0 0 0 0
Strain mean 1.34288e-19 0.001 5.77532e-18 0.001 -9.0278e-33 -3.2639e-18 5.77532e-18 -3.2639e-18 -2.29908e-33
Plastic strain_mean -1.50775e-18 0.000432869 0 0.000432869 1.50775e-18 0 0 0 0
Plastic strain_rate_mean 0 0 0 0 0 0 0 0 0
Dissipation 0.00375134
End step 30
