Begin step 0
Stress 0 0 0 0 0 0 0 0 0
Strain 0 0 0 0 0 0 0 0 0
Strain mean 0 0 0 0 0 0 0 0 0
Plastic strain_mean 0 0 0 0 0 0 0 0 0
Plastic strain_rate_mean 0 0 0 0 0 0 0 0 0
Dissipation 0
End step 0
Begin step 1
Stress 2.43435e-14 6.5404 -3.12663e-12 6.5404 -2.36836e-14 -7.08843e-14 -3.12663e-12 -7.08843e-14 1.98146e-16
Strain 0 3.33333e-05 0 3.33333e-05 0 0 0 0 0
Strain mean 1.31804e-21 3.33333e-05 -1.56332e-17 3.33333e-05 -2.86964e-31 -3.54421e-19 -1.56332e-17 -3.54421e-19 -1.96204e-33
Plastic strain_mean -1.19409e-19 6.31346e-07 0 6.31346e-07 1.19409e-19 0 0 0 0
Plastic strain_rate_mean 0 0 0 0 0 0 0 0 0
Dissipation 4.12911e-06
End step 1
Begin step 2
Stress -2.29066e-14 12.9559 4.22193e-12 12.9559 2.54498e-14 -6.42819e-12 4.22193e-12 -6.42819e-12 7.63652e-16
Strain 0 6.66667e-05 0 6.66667e-05 0 0 0 0 0
Strain mean 5.07973e-21 6.66667e-05 2.11097e-17 6.66667e-05 -2.88889e-34 -3.21409e-17 2.11097e-17 -3.21409e-17 -4.57634e-33
Plastic strain_mean 1.23431e-19 1.8874e-06 0 1.8874e-06 -1.23431e-19 0 0 0 0
Plastic strain_rate_mean 0 0 0 0 0 0 0 0 0
Dissipation 1.62723e-05
End step 2
Begin step 3
Stress -3.1335e-14 19.2467 6.21916e-13 19.2467 4.25388e-14 -3.31714e-13 6.21916e-13 -3.31714e-13 3.36411e-15
Strain 0 0.0001 0 0.0001 0 0 0 0 0
Strain mean 2.23777e-20 0.0001 3.10958e-18 0.0001 -5.27223e-33 -1.65857e-18 3.10958e-18 -1.65857e-18 1.53773e-33
Plastic strain_mean 1.95873e-19 3.76666e-06 0 3.76666e-06 -1.95873e-19 0 0 0 0
Plastic strain_rate_mean 0 0 0 0 0 0 0 0 0
Dissipation 3.6167e-05
End step 3
Begin step 4
Stress -5.04471e-14 25.4121 8.49414e-13 25.4121 6.11437e-14 -2.83839e-13 8.49414e-13 -2.83839e-13 3.21182e-15
Strain 0 0.000133333 0 0.000133333 0 0 0 0 0
Strain mean 2.13646e-20 0.000133333 4.24707e-18 0.000133333 -2.84556e-32 -1.41919e-18 4.24707e-18 -1.41919e-18 2.74896e-33
Plastic strain_mean 2.89659e-19 6.27259e-06 0 6.27259e-06 -2.89659e-19 0 0 0 0
Plastic strain_rate_mean 0 0 0 0 0 0 0 0 0
Dissipation 6.36755e-05
End step 4
Begin step 5
Stress 1.59946e-13 31.4506 8.22337e-12 31.4506 -1.54565e-13 -2.26645e-12 8.22337e-12 -2.26645e-12 1.61573e-15
Strain 0 0.000166667 0 0.000166667 0 0 0 0 0
Strain mean 1.07477e-20 0.000166667 4.11168e-17 0.000166667 1.19408e-32 -1.13323e-17 4.11168e-17 -1.13323e-17 -8.75696e-34
Plastic strain_mean -7.80906e-19 9.41366e-06 0 9.41366e-06 7.80906e-19 0 0 0 0
Plastic strain_rate_mean 0 0 0 0 0 0 0 0 0
Dissipation 9.87777e-05
End step 5
Begin step 6
Stress -2.67945e-14 37.3593 -1.30855e-12 37.3593 1.87121e-14 1.60503e-12 -1.30855e-12 1.60503e-12 -2.42688e-15
Strain 0 0.0002 0 0.0002 0 0 0 0 0
Strain mean -1.61433e-20 0.0002 -6.54276e-18 0.0002 2.39778e-32 8.02515e-18 -6.54276e-18 8.02515e-18 -3.55093e-33
Plastic strain_mean 1.05695e-19 1.32036e-05 0 1.32036e-05 -1.05695e-19 0 0 0 0
Plastic strain_rate_mean 0 0 0 0 0 0 0 0 0
Dissipation 0.00014157
End step 6
Begin step 7
Stress -4.88891e-14 43.1343 -2.51637e-12 43.1343 5.67351e-14 1.72594e-12 -2.51637e-12 1.72594e-12 2.35591e-15
Strain 0 0.000233333 0 0.000233333 0 0 0 0 0
Strain mean 1.56713e-20 0.000233333 -1.25819e-17 0.000233333 5.09168e-33 8.62969e-18 -1.25819e-17 8.62969e-18 -5.65742e-34
Plastic strain_mean 2.71896e-19 1.76618e-05 0 1.76618e-05 -2.71896e-19 0 0 0 0
Plastic strain_rate_mean 0 0 0 0 0 0 0 0 0
Dissipation 0.000192273
End step 7
Begin step 8
Stress -1.21528e-13 48.7705 -4.19786e-12 48.7705 1.18648e-13 2.96667e-12 -4.19786e-12 2.96667e-12 -8.64636e-16
Strain 0 0.000266667 0 0.000266667 0 0 0 0 0
Strain mean -5.75146e-21 0.000266667 -2.09893e-17 0.000266667 -7.61946e-33 1.48333e-17 -2.09893e-17 1.48333e-17 -4.18288e-34
Plastic strain_mean 5.97565e-19 2.28143e-05 0 2.28143e-05 -5.97565e-19 0 0 0 0
Plastic strain_rate_mean 0 0 0 0 0 0 0 0 0
Dissipation 0.00025125
End step 8
Begin step 9
Stress -2.32271e-13 54.261 -6.9625e-12 54.261 2.42757e-13 5.06442e-12 -6.9625e-12 5.06442e-12 3.1485e-15
Strain 0 0.0003 0 0.0003 0 0 0 0 0
Strain mean 2.09434e-20 0.0003 -3.48125e-17 0.0003 8.53428e-33 2.53221e-17 -3.48125e-17 2.53221e-17 -2.12454e-33
Plastic strain_mean 1.19804e-18 2.86951e-05 0 2.86951e-05 -1.19804e-18 0 0 0 0
Plastic strain_rate_mean 0 0 0 0 0 0 0 0 0
Dissipation 0.000319034
End step 9
Begin step 10
Stress -2.21065e-13 59.5972 -3.10753e-12 59.5972 1.99097e-13 2.29367e-12 -3.10753e-12 2.29367e-12 -6.59612e-15
Strain 0 0.000333333 0 0.000333333 0 0 0 0 0
Strain mean -4.38767e-20 0.000333333 -1.55377e-17 0.000333333 2.2865e-31 1.14683e-17 -1.55377e-17 1.14683e-17 -2.19658e-33
Plastic strain_mean 1.02847e-18 3.53475e-05 0 3.53475e-05 -1.02847e-18 0 0 0 0
Plastic strain_rate_mean 0 0 0 0 0 0 0 0 0
Dissipation 0.000396375
End step 10
Begin step 11
Stress -7.13834e-13 64.7679 8.29704e-12 64.7679 7.21803e-13 -3.10534e-12 8.29704e-12 -3.10534e-12 2.39303e-15
Strain 0 0.000366667 0 0.000366667 0 0 0 0 0
Strain mean 1.59182e-20 0.000366667 4.14852e-17 0.000366667 -4.0589e-32 -1.55267e-17 4.14852e-17 -1.55267e-17 8.09492e-33
Plastic strain_mean 3.59705e-18 4.2827e-05 0 4.2827e-05 -3.59705e-18 0 0 0 0
Plastic strain_rate_mean 0 0 0 0 0 0 0 0 0
Dissipation 0.000484308
End step 11
Begin step 12
Stress -7.31299e-13 69.759 2.26002e-12 69.759 7.02525e-13 3.26864e-12 2.26002e-12 3.26864e-12 -8.63981e-15
Strain 0 0.0004 0 0.0004 0 0 0 0 0
Strain mean -5.7471e-20 0.0004 1.13001e-17 0.0004 -2.60193e-31 1.63432e-17 1.13001e-17 1.63432e-17 -2.32917e-33
Plastic strain_mean 3.55583e-18 5.12049e-05 0 5.12049e-05 -3.55583e-18 0 0 0 0
Plastic strain_rate_mean 0 0 0 0 0 0 0 0 0
Dissipation 0.000584264
End step 12
Begin step 13
Stress -8.31649e-13 74.5519 -5.78498e-13 74.5519 8.43981e-13 1.17012e-12 -5.78498e-13 1.17012e-12 3.70309e-15
Strain 0 0.000433333 0 0.000433333 0 0 0 0 0
Strain mean 2.46325e-20 0.000433333 -2.89249e-18 0.000433333 5.83557e-32 5.85059e-18 -2.89249e-18 5.85059e-18 1.14653e-33
Plastic strain_mean 4.20139e-18 6.05739e-05 0 6.05739e-05 -4.20139e-18 0 0 0 0
Plastic strain_rate_mean 0 0 0 0 0 0 0 0 0
Dissipation 0.000698251
End step 13
Begin step 14
Stress -7.40964e-13 79.1219 1.37796e-12 79.1219 7.48802e-13 -6.65554e-15 1.37796e-12 -6.65554e-15 2.35373e-15
Strain 0 0.000466667 0 0.000466667 0 0 0 0 0
Strain mean 1.56567e-20 0.000466667 6.88982e-18 0.000466667 -1.26148e-32 -3.32777e-20 6.88982e-18 -3.32777e-20 -6.30103e-33
Plastic strain_mean 3.73224e-18 7.1057e-05 0 7.1057e-05 -3.73224e-18 0 0 0 0
Plastic strain_rate_mean 0 0 0 0 0 0 0 0 0
Dissipation 0.000829138
End step 14
Begin step 15
Stress -1.63535e-13 83.4357 -4.58202e-12 83.4357 1.56555e-13 3.92162e-12 -4.58202e-12 3.92162e-12 -2.09609e-15
Strain 0 0.0005 0 0.0005 0 0 0 0 0
Strain mean -1.39429e-20 0.0005 -2.29101e-17 0.0005 7.13196e-33 1.96081e-17 -2.29101e-17 1.96081e-17 1.24343e-32
Plastic strain_mean 7.93254e-19 8.28215e-05 0 8.28215e-05 -7.93254e-19 0 0 0 0
Plastic strain_rate_mean 0 0 0 0 0 0 0 0 0
Dissipation 0.000981166
End step 15
Begin step 16
Stress -3.28063e-13 87.4461 -2.65509e-14 87.4461 2.89785e-13 4.34503e-13 -2.65509e-14 4.34503e-13 -1.14935e-14
Strain 0 0.000533333 0 0.000533333 0 0 0 0 0
Strain mean -7.64537e-20 0.000533333 -1.32755e-19 0.000533333 1.14111e-32 2.17251e-18 -1.32755e-19 2.17251e-18 -5.25418e-33
Plastic strain_mean 1.5064e-18 9.61029e-05 0 9.61029e-05 -1.5064e-18 0 0 0 0
Plastic strain_rate_mean 0 0 0 0 0 0 0 0 0
Dissipation 0.00116085
End step 16
Begin step 17
Stress -3.35756e-13 91.0839 -8.08591e-13 91.0839 3.4675e-13 3.50849e-13 -8.08591e-13 3.50849e-13 3.30134e-15
Strain 0 0.000566667 0 0.000566667 0 0 0 0 0
Strain mean 2.19601e-20 0.000566667 -4.04296e-18 0.000566667 1.08334e-34 1.75424e-18 -4.04296e-18 1.75424e-18 -2.87836e-33
Plastic strain_mean 1.71724e-18 0.000111247 0 0.000111247 -1.71724e-18 0 0 0 0
Plastic strain_rate_mean 0 0 0 0 0 0 0 0 0
Dissipation 0.00137861
End step 17
Begin step 18
Stress -7.12582e-13 94.2432 5.09587e-13 94.2432 7.08321e-13 -4.85474e-13 5.09587e-13 -4.85474e-13 -1.27949e-15
Strain 0 0.0006 0 0.0006 0 0 0 0 0
Strain mean -8.511e-21 0.0006 2.54794e-18 0.0006 4.93038e-32 -2.42737e-18 2.54794e-18 -2.42737e-18 2.19676e-33
Plastic strain_mean 3.548e-18 0.000128784 0 0.000128784 -3.548e-18 0 0 0 0
Plastic strain_rate_mean 0 0 0 0 0 0 0 0 0
Dissipation 0.00165161
End step 18
Begin step 19
Stress -6.08621e-13 96.7604 -6.19661e-13 96.7604 5.34509e-13 1.84228e-13 -6.19661e-13 1.84228e-13 -2.22535e-14
Strain 0 0.000633333 0 0.000633333 0 0 0 0 0
Strain mean -1.48027e-19 0.000633333 -3.0983e-18 0.000633333 -3.51482e-33 9.21139e-19 -3.0983e-18 9.21139e-19 4.5139e-34
Plastic strain_mean 2.78381e-18 0.000149531 0 0.000149531 -2.78381e-18 0 0 0 0
Plastic strain_rate_mean 0 0 0 0 0 0 0 0 0
Dissipation 0.0020058
End step 19
Begin step 20
Stress -5.13839e-13 98.4351 4.33967e-14 98.4351 5.11308e-13 8.06603e-13 4.33967e-14 8.06603e-13 -7.59831e-16
Strain 0 0.000666667 0 0.000666667 0 0 0 0 0
Strain mean -5.05431e-21 0.000666667 2.16983e-19 0.000666667 -8.57039e-33 4.03301e-18 2.16983e-19 4.03301e-18 -9.86287e-34
Plastic strain_mean 2.56034e-18 0.000174491 0 0.000174491 -2.56034e-18 0 0 0 0
Plastic strain_rate_mean 0 0 0 0 0 0 0 0 0
Dissipation 0.00245416
End step 20
Begin step 21
Stress 3.46326e-12 99.2619 -5.97214e-12 99.2619 -3.40329e-12 -9.84186e-13 -5.97214e-12 -9.84186e-13 1.80089e-14
Strain 0 0.0007 0 0.0007 0 0 0 0 0
Strain mean 1.19793e-19 0.0007 -2.98607e-17 0.0007 -3.51482e-33 -4.92093e-18 -2.98607e-17 -4.92093e-18 -5.51297e-33
Plastic strain_mean -1.71065e-17 0.000203691 0 0.000203691 1.71065e-17 0 0 0 0
Plastic strain_rate_mean 0 0 0 0 0 0 0 0 0
Dissipation 0.00289413
End step 21
Begin step 22
Stress 1.00184e-12 99.5756 3.69253e-12 99.5756 -9.7697e-13 2.31538e-12 3.69253e-12 2.31538e-12 7.46731e-15
Strain 0 0.000733333 0 0.000733333 0 0 0 0 0
Strain mean 4.96717e-20 0.000733333 1.84626e-17 0.000733333 1.78149e-33 1.15769e-17 1.84626e-17 1.15769e-17 -2.34121e-33
Plastic strain_mean -4.92218e-18 0.000235455 0 0.000235455 4.92218e-18 0 0 0 0
Plastic strain_rate_mean 0 0 0 0 0 0 0 0 0
Dissipation 0.00315768
End step 22
Begin step 23
Stress 2.87754e-12 99.6867 -3.22501e-12 99.6867 -2.93567e-12 -2.74669e-12 -3.22501e-12 -2.74669e-12 -1.74543e-14
Strain 0 0.000766667 0 0.000766667 0 0 0 0 0
Strain mean -1.16104e-19 0.000766667 -1.6125e-17 0.000766667 -6.08594e-32 -1.37335e-17 -1.6125e-17 -1.37335e-17 -2.33218e-33
Plastic strain_mean -1.45911e-17 0.000268233 0 0.000268233 1.45911e-17 0 0 0 0
Plastic strain_rate_mean 0 0 0 0 0 0 0 0 0
Dissipation 0.00326171
End step 23
Begin step 24
Stress 2.041e-12 99.7358 6.94129e-12 99.7358 -1.97186e-12 3.86845e-12 6.94129e-12 3.86845e-12 2.076e-14
Strain 0 0.0008 0 0.0008 0 0 0 0 0
Strain mean 1.38093e-19 0.0008 3.47065e-17 0.0008 1.79232e-32 1.93423e-17 3.47065e-17 1.93423e-17 3.59607e-33
Plastic strain_mean -9.9631e-18 0.000301321 0 0.000301321 9.9631e-18 0 0 0 0
Plastic strain_rate_mean 0 0 0 0 0 0 0 0 0
Dissipation 0.00329393
End step 24
Begin step 25
Stress 1.07067e-12 99.7686 1.20654e-12 99.7686 -1.23188e-12 -2.07813e-13 1.20654e-12 -2.07813e-13 -4.84065e-14
Strain 0 0.000833333 0 0.000833333 0 0 0 0 0
Strain mean -3.21995e-19 0.000833333 6.03268e-18 0.000833333 -1.67315e-33 -1.03906e-18 6.03268e-18 -1.03906e-18 3.37038e-34
Plastic strain_mean -5.91738e-18 0.00033449 0 0.00033449 5.91738e-18 0 0 0 0
Plastic strain_rate_mean 0 0 0 0 0 0 0 0 0
Dissipation 0.00330288
End step 25
Begin step 26
Stress 1.1922e-12 99.7973 3.55433e-12 99.7973 -1.13138e-12 1.13233e-12 3.55433e-12 1.13233e-12 1.82622e-14
Strain 0 0.000866667 0 0.000866667 0 0 0 0 0
Strain mean 1.21478e-19 0.000866667 1.77716e-17 0.000866667 -7.46298e-34 5.66163e-18 1.77716e-17 5.66163e-18 1.88681e-33
Plastic strain_mean -5.7482e-18 0.00036768 0 0.00036768 5.7482e-18 0 0 0 0
Plastic strain_rate_mean 0 0 0 0 0 0 0 0 0
Dissipation 0.00330559
End step 26
Begin step 27
Stress 7.80149e-13 99.8249 4.57994e-12 99.8249 -8.21409e-13 2.01886e-12 4.57994e-12 2.01886e-12 -1.23887e-14
Strain 0 0.0009 0 0.0009 0 0 0 0 0
Strain mean -8.24085e-20 0.0009 2.28997e-17 0.0009 1.26389e-33 1.00943e-17 2.28997e-17 1.00943e-17 3.10556e-33
Plastic strain_mean -4.0451e-18 0.000400876 0 0.000400876 4.0451e-18 0 0 0 0
Plastic strain_rate_mean 0 0 0 0 0 0 0 0 0
Dissipation 0.00330683
End step 27
Begin step 28
Stress 6.71192e-13 99.8518 5.55803e-12 99.8518 -7.3111e-13 3.18148e-12 5.55803e-12 3.18148e-12 -1.79914e-14
Strain 0 0.000933333 0 0.000933333 0 0 0 0 0
Strain mean -1.19677e-19 0.000933333 2.77901e-17 0.000933333 1.15556e-33 1.59074e-17 2.77901e-17 1.59074e-17 1.35718e-33
Plastic strain_mean -3.56559e-18 0.000434074 0 0.000434074 3.56559e-18 0 0 0 0
Plastic strain_rate_mean 0 0 0 0 0 0 0 0 0
Dissipation 0.0033078
End step 28
Begin step 29
Stress 9.15527e-13 99.8781 6.45637e-12 99.8781 -8.57005e-13 4.48362e-12 6.45637e-12 4.48362e-12 1.75722e-14
Strain 0 0.000966667 0 0.000966667 0 0 0 0 0
Strain mean 1.16888e-19 0.000966667 3.22819e-17 0.000966667 5.46483e-33 2.24181e-17 3.22819e-17 2.24181e-17 7.61344e-34
Plastic strain_mean -4.37288e-18 0.000467276 0 0.000467276 4.37288e-18 0 0 0 0
Plastic strain_rate_mean 0 0 0 0 0 0 0 0 0
Dissipation 0.00330875
End step 29
Begin step 30
Stress -6.07178e-13 99.9036 -2.75194e-14 99.9036 6.35276e-13 8.42085e-13 -2.75194e-14 8.42085e-13 8.43675e-15
Strain 0 0.001 0 0.001 0 0 0 0 0
Strain mean 5.61203e-20 0.001 -1.37597e-19 0.001 -2.42246e-34 4.21042e-18 -1.37597e-19 4.21042e-18 -6.60534e-34
Plastic strain_mean 3.13419e-18 0.000500482 0 0.000500482 -3.13419e-18 0 0 0 0
Plastic strain_rate_mean 0 0 0 0 0 0 0 0 0
Dissipation 0.00330972
End step 30
