Begin step 0
Stress 0 0 0 0 0 0 0 0 0
Strain 0 0 0 0 0 0 0 0 0
Strain mean 0 0 0 0 0 0 0 0 0
Plastic strain_mean 0 0 0 0 0 0 0 0 0
Plastic strain_rate_mean 0 0 0 0 0 0 0 0 0
Dissipation 0
End step 0
Begin step 1
Stress -8.26643e-15 22.5715 -2.51137e-12 22.5715 -1.03308e-14 -2.21499e-12 -2.51137e-12 -2.21499e-12 -5.58411e-15
Strain 0 0.000333333 0 0.000333333 0 0 0 0 0
Strain mean -3.71448e-20 0.000333333 -1.25569e-17 0.000333333 -3.01829e-33 -1.1075e-17 -1.25569e-17 -1.1075e-17 -1.02315e-34
Plastic strain_mean -2.37332e-20 0.000220476 0 0.000220476 2.37332e-20 0 0 0 0
Plastic strain_rate_mean 0 0 0 0 0 0 0 0 0
Dissipation 0.0049603
End step 1
Begin step 2
Stress 2.95977e-13 30.0151 -1.52154e-12 30.0151 -3.65697e-13 -1.7364e-12 -1.52154e-12 -1.7364e-12 -2.09347e-14
Strain 0 0.000666667 0 0.000666667 0 0 0 0 0
Strain mean -1.39255e-19 0.000666667 -7.6077e-18 0.000666667 -2.3713e-33 -8.68201e-18 -7.6077e-18 -8.68201e-18 9.8403e-34
Plastic strain_mean -1.72381e-18 0.000516591 0 0.000516591 1.72381e-18 0 0 0 0
Plastic strain_rate_mean 0 0 0 0 0 0 0 0 0
Dissipation 0.00883922
End step 2
Begin step 3
Stress 2.50052e-12 32.4975 1.86882e-12 32.4975 -2.47838e-12 -1.85356e-12 1.86882e-12 -1.85356e-12 6.64634e-15
Strain 0 0.001 0 0.001 0 0 0 0 0
Strain mean 4.42107e-20 0.001 9.34411e-18 0.001 -1.46852e-33 -9.26781e-18 9.34411e-18 -9.26781e-18 3.19584e-33
Plastic strain_mean -1.24251e-17 0.000837512 0 0.000837512 1.24251e-17 0 0 0 0
Plastic strain_rate_mean 0 0 0 0 0 0 0 0 0
Dissipation 0.0103476
End step 3
Begin step 4
Stress -5.89696e-13 33.3921 4.54991e-13 33.3921 6.47462e-13 -1.75308e-12 4.54991e-13 -1.75308e-12 1.73451e-14
Strain 0 0.00133333 0 0.00133333 0 0 0 0 0
Strain mean 1.15378e-19 0.00133333 2.27495e-18 0.00133333 -1.02556e-32 -8.7654e-18 2.27495e-18 -8.7654e-18 7.70372e-34
Plastic strain_mean 3.15058e-18 0.00116637 0 0.00116637 -3.15058e-18 0 0 0 0
Plastic strain_rate_mean 0 0 0 0 0 0 0 0 0
Dissipation 0.0108705
End step 4
Begin step 5
Stress 8.22184e-13 33.781 -1.46235e-12 33.781 -8.5319e-13 2.26316e-12 -1.46235e-12 2.26316e-12 -9.31012e-15
Strain 0 0.00166667 0 0.00166667 0 0 0 0 0
Strain mean -6.19298e-20 0.00166667 -7.31174e-18 0.00166667 -1.68519e-33 1.13158e-17 -7.31174e-18 1.13158e-17 -5.59618e-34
Plastic strain_mean -4.2194e-18 0.00149776 0 0.00149776 4.2194e-18 0 0 0 0
Plastic strain_rate_mean 0 0 0 0 0 0 0 0 0
Dissipation 0.0110577
End step 5
Begin step 6
Stress 5.95703e-13 34.0075 -1.13191e-12 34.0075 -5.65802e-13 2.65961e-12 -1.13191e-12 2.65961e-12 8.97824e-15
Strain 0 0.002 0 0.002 0 0 0 0 0
Strain mean 5.97222e-20 0.002 -5.65956e-18 0.002 -4.69445e-33 1.32981e-17 -5.65956e-18 1.32981e-17 -6.74075e-34
Plastic strain_mean -2.8739e-18 0.00182996 0 0.00182996 2.8739e-18 0 0 0 0
Plastic strain_rate_mean 0 0 0 0 0 0 0 0 0
Dissipation 0.0111368
End step 6
Begin step 7
Stress 1.46775e-13 34.1803 1.70976e-13 34.1803 -2.23999e-13 2.84722e-12 1.70976e-13 2.84722e-12 -2.3188e-14
Strain 0 0.00233333 0 0.00233333 0 0 0 0 0
Strain mean -1.54244e-19 0.00233333 8.54878e-19 0.00233333 -7.64353e-34 1.42361e-17 8.54878e-19 1.42361e-17 -3.40047e-34
Plastic strain_mean -1.00406e-18 0.00216243 0 0.00216243 1.00406e-18 0 0 0 0
Plastic strain_rate_mean 0 0 0 0 0 0 0 0 0
Dissipation 0.0111817
End step 7
Begin step 8
Stress 2.84265e-13 34.334 2.78111e-13 34.334 -1.92672e-13 2.74016e-12 2.78111e-13 2.74016e-12 2.75024e-14
Strain 0 0.00266667 0 0.00266667 0 0 0 0 0
Strain mean 1.82943e-19 0.00266667 1.39055e-18 0.00266667 5.77779e-34 1.37008e-17 1.39055e-18 1.37008e-17 -5.17594e-34
Plastic strain_mean -1.10087e-18 0.002495 0 0.002495 1.10087e-18 0 0 0 0
Plastic strain_rate_mean 0 0 0 0 0 0 0 0 0
Dissipation 0.0112158
End step 8
Begin step 9
Stress 5.40493e-13 34.4797 4.11159e-13 34.4797 -5.11422e-14 2.37435e-12 4.11159e-13 2.37435e-12 1.46936e-13
Strain 0 0.003 0 0.003 0 0 0 0 0
Strain mean 9.77399e-19 0.003 2.0558e-18 0.003 -2.70834e-35 1.18717e-17 2.0558e-18 1.18717e-17 7.67363e-35
Plastic strain_mean -9.90389e-19 0.0028276 0 0.0028276 9.90389e-19 0 0 0 0
Plastic strain_rate_mean 0 0 0 0 0 0 0 0 0
Dissipation 0.0112466
End step 9
Begin step 10
Stress 1.08221e-12 34.6212 3.96973e-12 34.6212 -8.79298e-13 8.13324e-12 3.96973e-12 8.13324e-12 6.09263e-14
Strain 0 0.00333333 0 0.00333333 0 0 0 0 0
Strain mean 4.05274e-19 0.00333333 1.98487e-17 0.00333333 -4.81482e-34 4.06662e-17 1.98487e-17 4.06662e-17 4.63427e-34
Plastic strain_mean -4.70112e-18 0.00316023 0 0.00316023 4.70112e-18 0 0 0 0
Plastic strain_rate_mean 0 0 0 0 0 0 0 0 0
Dissipation 0.0112764
End step 10
Begin step 11
Stress 3.61702e-13 34.7598 -2.42569e-12 34.7598 -2.93406e-13 -5.24094e-12 -2.42569e-12 -5.24094e-12 2.05067e-14
Strain 0 0.00366667 0 0.00366667 0 0 0 0 0
Strain mean 1.36408e-19 0.00366667 -1.21284e-17 0.00366667 -1.73334e-32 -2.62047e-17 -1.21284e-17 -2.62047e-17 -6.92131e-35
Plastic strain_mean -1.56957e-18 0.00349287 0 0.00349287 1.56957e-18 0 0 0 0
Plastic strain_rate_mean 0 0 0 0 0 0 0 0 0
Dissipation 0.0113058
End step 11
Begin step 12
Stress 4.59201e-13 34.896 2.83263e-12 34.896 -8.24673e-13 6.04105e-12 2.83263e-12 6.04105e-12 -1.09739e-13
Strain 0 0.004 0 0.004 0 0 0 0 0
Strain mean -7.2997e-19 0.004 1.41632e-17 0.004 -2.75047e-33 3.02053e-17 1.41632e-17 3.02053e-17 1.71528e-33
Plastic strain_mean -3.57467e-18 0.00382552 0 0.00382552 3.57467e-18 0 0 0 0
Plastic strain_rate_mean 0 0 0 0 0 0 0 0 0
Dissipation 0.011335
End step 12
Begin step 13
Stress 8.73908e-13 35.0302 2.83923e-12 35.0302 -6.84933e-13 5.38164e-12 2.83923e-12 5.38164e-12 5.67428e-14
Strain 0 0.00433333 0 0.00433333 0 0 0 0 0
Strain mean 3.77447e-19 0.00433333 1.41962e-17 0.00433333 -2.00417e-33 2.69082e-17 1.41962e-17 2.69082e-17 1.41736e-33
Plastic strain_mean -3.70838e-18 0.00415818 0 0.00415818 3.70838e-18 0 0 0 0
Plastic strain_rate_mean 0 0 0 0 0 0 0 0 0
Dissipation 0.0113642
End step 13
Begin step 14
Stress 8.54254e-13 35.1625 2.39263e-12 35.1625 -7.00328e-13 4.76639e-12 2.39263e-12 4.76639e-12 4.62187e-14
Strain 0 0.00466667 0 0.00466667 0 0 0 0 0
Strain mean 3.07442e-19 0.00466667 1.19632e-17 0.00466667 2.34422e-33 2.3832e-17 1.19632e-17 2.3832e-17 7.07177e-34
Plastic strain_mean -3.73273e-18 0.00449085 0 0.00449085 3.73273e-18 0 0 0 0
Plastic strain_rate_mean 0 0 0 0 0 0 0 0 0
Dissipation 0.0113932
End step 14
Begin step 15
Stress 4.93209e-13 35.2931 2.14692e-12 35.2931 -7.49171e-13 4.17883e-12 2.14692e-12 4.17883e-12 -7.68565e-14
Strain 0 0.005 0 0.005 0 0 0 0 0
Strain mean -5.11241e-19 0.005 1.07346e-17 0.005 -5.09657e-33 2.08941e-17 1.07346e-17 2.08941e-17 9.53937e-34
Plastic strain_mean -3.36157e-18 0.00482353 0 0.00482353 3.36157e-18 0 0 0 0
Plastic strain_rate_mean 0 0 0 0 0 0 0 0 0
Dissipation 0.0114221
End step 15
Begin step 16
Stress 1.52937e-12 35.4222 -6.56749e-13 35.4222 -1.23734e-12 -1.65396e-12 -6.56749e-13 -1.65396e-12 8.76863e-14
Strain 0 0.00533333 0 0.00533333 0 0 0 0 0
Strain mean 5.83279e-19 0.00533333 -3.28375e-18 0.00533333 3.38964e-32 -8.2698e-18 -3.28375e-18 -8.2698e-18 -1.91088e-34
Plastic strain_mean -6.62514e-18 0.00515622 0 0.00515622 6.62514e-18 0 0 0 0
Plastic strain_rate_mean 0 0 0 0 0 0 0 0 0
Dissipation 0.0114509
End step 16
Begin step 17
Stress 5.29153e-13 35.5498 1.54342e-12 35.5498 -6.05942e-13 3.45568e-12 1.54342e-12 3.45568e-12 -2.3057e-14
Strain 0 0.00566667 0 0.00566667 0 0 0 0 0
Strain mean -1.53372e-19 0.00566667 7.71708e-18 0.00566667 2.16667e-34 1.72784e-17 7.71708e-18 1.72784e-17 5.56714e-34
Plastic strain_mean -2.91442e-18 0.00548892 0 0.00548892 2.91442e-18 0 0 0 0
Plastic strain_rate_mean 0 0 0 0 0 0 0 0 0
Dissipation 0.0114796
End step 17
Begin step 18
Stress 4.43887e-13 35.676 1.34459e-12 35.676 -7.08865e-13 3.13875e-12 1.34459e-12 3.13875e-12 -7.9564e-14
Strain 0 0.006 0 0.006 0 0 0 0 0
Strain mean -5.2925e-19 0.006 6.72296e-18 0.006 1.22176e-33 1.56937e-17 6.72296e-18 1.56937e-17 2.72339e-34
Plastic strain_mean -3.1465e-18 0.00582162 0 0.00582162 3.1465e-18 0 0 0 0
Plastic strain_rate_mean 0 0 0 0 0 0 0 0 0
Dissipation 0.0115082
End step 18
Begin step 19
Stress 3.16672e-13 35.801 1.05035e-12 35.801 -6.85023e-13 2.85425e-12 1.05035e-12 2.85425e-12 -1.10604e-13
Strain 0 0.00633333 0 0.00633333 0 0 0 0 0
Strain mean -7.35722e-19 0.00633333 5.25173e-18 0.00633333 2.21181e-33 1.42712e-17 5.25173e-18 1.42712e-17 9.75002e-34
Plastic strain_mean -2.8721e-18 0.00615433 0 0.00615433 2.8721e-18 0 0 0 0
Plastic strain_rate_mean 0 0 0 0 0 0 0 0 0
Dissipation 0.0115366
End step 19
Begin step 20
Stress 1.29767e-12 35.9249 2.68759e-12 35.9249 -1.75467e-12 7.25183e-12 2.68759e-12 7.25183e-12 -1.37224e-13
Strain 0 0.00666667 0 0.00666667 0 0 0 0 0
Strain mean -9.12797e-19 0.00666667 1.34379e-17 0.00666667 -5.0676e-33 3.62591e-17 1.34379e-17 3.62591e-17 -1.34213e-33
Plastic strain_mean -8.08724e-18 0.00648704 0 0.00648704 8.08724e-18 0 0 0 0
Plastic strain_rate_mean 0 0 0 0 0 0 0 0 0
Dissipation 0.0115649
End step 20
Begin step 21
Stress 2.02738e-12 36.0476 1.98062e-12 36.0476 -1.3613e-12 6.27436e-12 1.98062e-12 6.27436e-12 2.00002e-13
Strain 0 0.007 0 0.007 0 0 0 0 0
Strain mean 1.33039e-18 0.007 9.9031e-18 0.007 -9.61159e-33 3.13718e-17 9.9031e-18 3.13718e-17 -1.3331e-33
Plastic strain_mean -7.80649e-18 0.00681976 0 0.00681976 7.80649e-18 0 0 0 0
Plastic strain_rate_mean 0 0 0 0 0 0 0 0 0
Dissipation 0.011593
End step 21
Begin step 22
Stress 1.62314e-12 36.1694 1.89907e-12 36.1694 -1.27968e-12 5.21124e-12 1.89907e-12 5.21124e-12 1.03127e-13
Strain 0 0.00733333 0 0.00733333 0 0 0 0 0
Strain mean 6.85992e-19 0.00733333 9.49535e-18 0.00733333 7.67363e-33 2.60562e-17 9.49535e-18 2.60562e-17 -1.05324e-33
Plastic strain_mean -6.91405e-18 0.00715249 0 0.00715249 6.91405e-18 0 0 0 0
Plastic strain_rate_mean 0 0 0 0 0 0 0 0 0
Dissipation 0.011621
End step 22
Begin step 23
Stress 7.92725e-13 36.2901 1.63244e-12 36.2901 -1.15299e-12 3.96675e-12 1.63244e-12 3.96675e-12 -1.08176e-13
Strain 0 0.00766667 0 0.00766667 0 0 0 0 0
Strain mean -7.19571e-19 0.00766667 8.16218e-18 0.00766667 -4.09712e-33 1.98337e-17 8.16218e-18 1.98337e-17 -8.45604e-34
Plastic strain_mean -5.22407e-18 0.00748522 0 0.00748522 5.22407e-18 0 0 0 0
Plastic strain_rate_mean 0 0 0 0 0 0 0 0 0
Dissipation 0.011649
End step 23
Begin step 24
Stress 9.43068e-13 36.41 1.25195e-12 36.41 -7.36379e-13 2.51301e-12 1.25195e-12 2.51301e-12 6.20616e-14
Strain 0 0.008 0 0.008 0 0 0 0 0
Strain mean 4.12827e-19 0.008 6.25974e-18 0.008 -5.48439e-34 1.2565e-17 6.25974e-18 1.2565e-17 -1.29248e-33
Plastic strain_mean -3.9922e-18 0.00781795 0 0.00781795 3.9922e-18 0 0 0 0
Plastic strain_rate_mean 0 0 0 0 0 0 0 0 0
Dissipation 0.0116767
End step 24
Begin step 25
Stress -1.31578e-13 36.529 4.063e-13 36.529 -6.61727e-13 8.09368e-13 4.063e-13 8.09368e-13 -2.38203e-13
Strain 0 0.00833333 0 0.00833333 0 0 0 0 0
Strain mean -1.5845e-18 0.00833333 2.0315e-18 0.00833333 -5.86243e-34 4.04684e-18 2.0315e-18 4.04684e-18 -9.62213e-34
Plastic strain_mean -2.11762e-18 0.00815069 0 0.00815069 2.11762e-18 0 0 0 0
Plastic strain_rate_mean 0 0 0 0 0 0 0 0 0
Dissipation 0.0117044
End step 25
Begin step 26
Stress 8.94163e-13 36.6472 8.24594e-13 36.6472 2.35789e-13 -9.23292e-13 8.24594e-13 -9.23292e-13 3.39287e-13
Strain 0 0.00866667 0 0.00866667 0 0 0 0 0
Strain mean 2.2569e-18 0.00866667 4.12297e-18 0.00866667 -3.64873e-34 -4.61646e-18 4.12297e-18 -4.61646e-18 -9.08798e-34
Plastic strain_mean -5.17486e-19 0.00848343 0 0.00848343 5.17486e-19 0 0 0 0
Plastic strain_rate_mean 0 0 0 0 0 0 0 0 0
Dissipation 0.011732
End step 26
Begin step 27
Stress -2.00912e-12 36.7647 -6.40321e-13 36.7647 1.03181e-12 -9.1444e-12 -6.40321e-13 -9.1444e-12 -2.93452e-13
Strain 0 0.009 0 0.009 0 0 0 0 0
Strain mean -1.95201e-18 0.009 -3.20161e-18 0.009 1.60936e-32 -4.5722e-17 -3.20161e-18 -4.5722e-17 -5.02547e-34
Plastic strain_mean 6.62631e-18 0.00881618 0 0.00881618 -6.62631e-18 0 0 0 0
Plastic strain_rate_mean 0 0 0 0 0 0 0 0 0
Dissipation 0.0117594
End step 27
Begin step 28
Stress -1.1259e-12 36.8814 -6.0983e-13 36.8814 7.68601e-13 -7.23813e-12 -6.0983e-13 -7.23813e-12 -1.07285e-13
Strain 0 0.00933333 0 0.00933333 0 0 0 0 0
Strain mean -7.13646e-19 0.00933333 -3.04915e-18 0.00933333 8.42594e-34 -3.61907e-17 -3.04915e-18 -3.61907e-17 5.68751e-34
Plastic strain_mean 4.37943e-18 0.00914893 0 0.00914893 -4.37943e-18 0 0 0 0
Plastic strain_rate_mean 0 0 0 0 0 0 0 0 0
Dissipation 0.0117867
End step 28
Begin step 29
Stress -2.5369e-12 36.9975 4.11544e-12 36.9975 2.13224e-12 7.45813e-12 4.11544e-12 7.45813e-12 -1.21503e-13
Strain 0 0.00966667 0 0.00966667 0 0 0 0 0
Strain mean -8.08225e-19 0.00966667 2.05772e-17 0.00966667 1.62356e-31 3.72907e-17 2.05772e-17 3.72907e-17 -1.11343e-33
Plastic strain_mean 1.12687e-17 0.00948168 0 0.00948168 -1.12687e-17 0 0 0 0
Plastic strain_rate_mean 0 0 0 0 0 0 0 0 0
Dissipation 0.011814
End step 29
Begin step 30
Stress -4.61822e-13 37.1129 3.77287e-12 37.1129 3.41753e-13 6.61292e-12 3.77287e-12 6.61292e-12 -3.60527e-14
Strain 0 0.01 0 0.01 0 0 0 0 0
Strain mean -2.39818e-19 0.01 1.88644e-17 0.01 -1.60785e-32 3.30646e-17 1.88644e-17 3.30646e-17 -5.77779e-34
Plastic strain_mean 1.88903e-18 0.00981444 0 0.00981444 -1.88903e-18 0 0 0 0
Plastic strain_rate_mean 0 0 0 0 0 0 0 0 0
Dissipation 0.0118411
End step 30
