Begin step 0
Stress 0 0 0 0 0 0 0 0 0
Strain 0 0 0 0 0 0 0 0 0
Strain mean 0 0 0 0 0 0 0 0 0
Plastic strain_mean 0 0 0 0 0 0 0 0 0
Plastic strain_rate_mean 0 0 0 0 0 0 0 0 0
Dissipation 0
End step 0
Begin step 1
Stress 5.50074e-13 64.3137 3.8575e-13 64.3137 -5.10429e-13 -3.76712e-12 3.8575e-13 -3.76712e-12 1.1904e-14
Strain 0 0.000333333 0 0.000333333 0 0 0 0 0
Strain mean 7.91842e-20 0.000333333 1.92875e-18 0.000333333 -4.14075e-33 -1.88356e-17 1.92875e-18 -1.88356e-17 -6.44434e-33
Plastic strain_mean -2.61167e-18 1.17648e-05 0 1.17648e-05 2.61167e-18 0 0 0 0
Plastic strain_rate_mean 0 0 0 0 0 0 0 0 0
Dissipation 0.000756578
End step 1
Begin step 2
Stress 3.15116e-12 86.4687 1.48742e-12 86.4687 -3.18135e-12 -4.49254e-12 1.48742e-12 -4.49254e-12 -9.06558e-15
Strain 0 0.000666667 0 0.000666667 0 0 0 0 0
Strain mean -6.03032e-20 0.000666667 7.43709e-18 0.000666667 -1.48056e-33 -2.24627e-17 7.43709e-18 -2.24627e-17 5.20603e-34
Plastic strain_mean -1.58614e-17 0.000234323 0 0.000234323 1.58614e-17 0 0 0 0
Plastic strain_rate_mean 0 0 0 0 0 0 0 0 0
Dissipation 0.0192268
End step 2
Begin step 3
Stress 2.29319e-13 89.8037 7.68938e-13 89.8037 -3.32358e-13 -1.32684e-12 7.68938e-13 -1.32684e-12 -3.09391e-14
Strain 0 0.001 0 0.001 0 0 0 0 0
Strain mean -2.05803e-19 0.001 3.84469e-18 0.001 6.22918e-34 -6.63422e-18 3.84469e-18 -6.63422e-18 -1.22176e-33
Plastic strain_mean -1.5071e-18 0.000550982 0 0.000550982 1.5071e-18 0 0 0 0
Plastic strain_rate_mean 0 0 0 0 0 0 0 0 0
Dissipation 0.0283868
End step 3
Begin step 4
Stress -2.05402e-12 90.4134 -2.55604e-12 90.4134 2.29808e-12 -7.28081e-13 -2.55604e-12 -7.28081e-13 7.32844e-14
Strain 0 0.00133333 0 0.00133333 0 0 0 0 0
Strain mean 4.8748e-19 0.00133333 -1.27802e-17 0.00133333 3.37038e-34 -3.6404e-18 -1.27802e-17 -3.6404e-18 5.29631e-34
Plastic strain_mean 1.1124e-17 0.000881267 0 0.000881267 -1.1124e-17 0 0 0 0
Plastic strain_rate_mean 0 0 0 0 0 0 0 0 0
Dissipation 0.0297882
End step 4
Begin step 5
Stress -7.54187e-13 90.683 -1.14795e-12 90.683 7.09597e-13 -5.67778e-13 -1.14795e-12 -5.67778e-13 -1.33888e-14
Strain 0 0.00166667 0 0.00166667 0 0 0 0 0
Strain mean -8.90605e-20 0.00166667 -5.73975e-18 0.00166667 -1.39931e-33 -2.83889e-18 -5.73975e-18 -2.83889e-18 -5.86054e-34
Plastic strain_mean 3.61493e-18 0.00121325 0 0.00121325 -3.61493e-18 0 0 0 0
Plastic strain_rate_mean 0 0 0 0 0 0 0 0 0
Dissipation 0.0300127
End step 5
Begin step 6
Stress -2.41096e-13 90.9066 -9.91873e-13 90.9066 3.87925e-13 -6.03386e-13 -9.91873e-13 -6.03386e-13 4.40877e-14
Strain 0 0.002 0 0.002 0 0 0 0 0
Strain mean 2.93266e-19 0.002 -4.95937e-18 0.002 -7.22224e-35 -3.01693e-18 -4.95937e-18 -3.01693e-18 -3.7992e-34
Plastic strain_mean 1.71919e-18 0.00154547 0 0.00154547 -1.71919e-18 0 0 0 0
Plastic strain_rate_mean 0 0 0 0 0 0 0 0 0
Dissipation 0.0300915
End step 6
Begin step 7
Stress 3.12675e-12 91.1206 -2.0339e-12 91.1206 -3.16802e-12 -5.07751e-12 -2.0339e-12 -5.07751e-12 -1.23931e-14
Strain 0 0.00233333 0 0.00233333 0 0 0 0 0
Strain mean -8.24376e-20 0.00233333 -1.01695e-17 0.00233333 -3.59908e-33 -2.53876e-17 -1.01695e-17 -2.53876e-17 -4.5139e-35
Plastic strain_mean -1.57782e-17 0.00187773 0 0.00187773 1.57782e-17 0 0 0 0
Plastic strain_rate_mean 0 0 0 0 0 0 0 0 0
Dissipation 0.0301521
End step 7
Begin step 8
Stress 2.44479e-12 91.3305 -1.55186e-12 91.3305 -2.53574e-12 -3.67047e-12 -1.55186e-12 -3.67047e-12 -2.73103e-14
Strain 0 0.00266667 0 0.00266667 0 0 0 0 0
Strain mean -1.81665e-19 0.00266667 -7.7593e-18 0.00266667 2.16667e-33 -1.83523e-17 -7.7593e-18 -1.83523e-17 3.82177e-34
Plastic strain_mean -1.25421e-17 0.00221001 0 0.00221001 1.25421e-17 0 0 0 0
Plastic strain_rate_mean 0 0 0 0 0 0 0 0 0
Dissipation 0.0302098
End step 8
Begin step 9
Stress 1.84477e-12 91.5375 -1.25657e-12 91.5375 -2.09797e-12 -2.65899e-12 -1.25657e-12 -2.65899e-12 -7.60268e-14
Strain 0 0.003 0 0.003 0 0 0 0 0
Strain mean -5.05722e-19 0.003 -6.28286e-18 0.003 -1.16158e-33 -1.3295e-17 -6.28286e-18 -1.3295e-17 1.14352e-34
Plastic strain_mean -1.01097e-17 0.00254231 0 0.00254231 1.01097e-17 0 0 0 0
Plastic strain_rate_mean 0 0 0 0 0 0 0 0 0
Dissipation 0.0302668
End step 9
Begin step 10
Stress 1.56858e-12 91.7424 -1.04625e-12 91.7424 -1.61183e-12 -1.97638e-12 -1.04625e-12 -1.97638e-12 -1.2987e-14
Strain 0 0.00333333 0 0.00333333 0 0 0 0 0
Strain mean -8.63881e-20 0.00333333 -5.23126e-18 0.00333333 8.6065e-34 -9.88192e-18 -5.23126e-18 -9.88192e-18 9.82525e-34
Plastic strain_mean -7.99423e-18 0.00287462 0 0.00287462 7.99423e-18 0 0 0 0
Plastic strain_rate_mean 0 0 0 0 0 0 0 0 0
Dissipation 0.0303232
End step 10
Begin step 11
Stress 1.45212e-12 91.9454 -8.55142e-13 91.9454 -1.24299e-12 -1.52241e-12 -8.55142e-13 -1.52241e-12 6.27953e-14
Strain 0 0.00366667 0 0.00366667 0 0 0 0 0
Strain mean 4.17707e-19 0.00366667 -4.27571e-18 0.00366667 0 -7.61206e-18 -4.27571e-18 -7.61206e-18 -2.55788e-34
Plastic strain_mean -6.52891e-18 0.00320694 0 0.00320694 6.52891e-18 0 0 0 0
Plastic strain_rate_mean 0 0 0 0 0 0 0 0 0
Dissipation 0.0303794
End step 11
Begin step 12
Stress 1.00105e-12 92.1469 -7.1695e-13 92.1469 -8.12512e-13 -1.20672e-12 -7.1695e-13 -1.20672e-12 5.66118e-14
Strain 0 0.004 0 0.004 0 0 0 0 0
Strain mean 3.76575e-19 0.004 -3.58475e-18 0.004 1.26389e-34 -6.03362e-18 -3.58475e-18 -6.03362e-18 4.79226e-34
Plastic strain_mean -4.34562e-18 0.00353927 0 0.00353927 4.34562e-18 0 0 0 0
Plastic strain_rate_mean 0 0 0 0 0 0 0 0 0
Dissipation 0.0304353
End step 12
Begin step 13
Stress 2.40663e-12 92.3471 3.02322e-12 92.3471 -2.43339e-12 -1.99738e-12 3.02322e-12 -1.99738e-12 -8.035e-15
Strain 0 0.00433333 0 0.00433333 0 0 0 0 0
Strain mean -5.34479e-20 0.00433333 1.51161e-17 0.00433333 3.17327e-33 -9.98691e-18 1.51161e-17 -9.98691e-18 -4.26262e-33
Plastic strain_mean -1.21268e-17 0.0038716 0 0.0038716 1.21268e-17 0 0 0 0
Plastic strain_rate_mean 0 0 0 0 0 0 0 0 0
Dissipation 0.0304909
End step 13
Begin step 14
Stress 2.08952e-12 92.5463 2.50416e-12 92.5463 -2.29984e-12 -1.6251e-12 2.50416e-12 -1.6251e-12 -6.31533e-14
Strain 0 0.00466667 0 0.00466667 0 0 0 0 0
Strain mean -4.20089e-19 0.00466667 1.25208e-17 0.00466667 -6.00348e-34 -8.12552e-18 1.25208e-17 -8.12552e-18 -2.38484e-33
Plastic strain_mean -1.11834e-17 0.00420394 0 0.00420394 1.11834e-17 0 0 0 0
Plastic strain_rate_mean 0 0 0 0 0 0 0 0 0
Dissipation 0.0305464
End step 14
Begin step 15
Stress 2.04334e-12 92.7445 1.8155e-12 92.7445 -1.86004e-12 -1.36509e-12 1.8155e-12 -1.36509e-12 5.50397e-14
Strain 0 0.005 0 0.005 0 0 0 0 0
Strain mean 3.66118e-19 0.005 9.0775e-18 0.005 -1.19449e-33 -6.82543e-18 9.0775e-18 -6.82543e-18 -2.83623e-33
Plastic strain_mean -9.57541e-18 0.00453628 0 0.00453628 9.57541e-18 0 0 0 0
Plastic strain_rate_mean 0 0 0 0 0 0 0 0 0
Dissipation 0.0306017
End step 15
Begin step 16
Stress 1.96818e-12 92.9419 1.5885e-12 92.9419 -1.45655e-12 -1.14644e-12 1.5885e-12 -1.14644e-12 1.53626e-13
Strain 0 0.00533333 0 0.00533333 0 0 0 0 0
Strain mean 1.0219e-18 0.00533333 7.94248e-18 0.00533333 1.40382e-33 -5.7322e-18 7.94248e-18 -5.7322e-18 -1.38878e-33
Plastic strain_mean -8.05087e-18 0.00486862 0 0.00486862 8.05087e-18 0 0 0 0
Plastic strain_rate_mean 0 0 0 0 0 0 0 0 0
Dissipation 0.0306569
End step 16
Begin step 17
Stress 1.44052e-12 93.1387 1.10818e-12 93.1387 -1.49846e-12 -9.74346e-13 1.10818e-12 -9.74346e-13 -1.73975e-14
Strain 0 0.00566667 0 0.00566667 0 0 0 0 0
Strain mean -1.15726e-19 0.00566667 5.5409e-18 0.00566667 -1.02381e-33 -4.87173e-18 5.5409e-18 -4.87173e-18 -1.29248e-33
Plastic strain_mean -7.40531e-18 0.00520097 0 0.00520097 7.40531e-18 0 0 0 0
Plastic strain_rate_mean 0 0 0 0 0 0 0 0 0
Dissipation 0.0307119
End step 17
Begin step 18
Stress 1.92485e-12 93.3348 8.24397e-13 93.3348 -1.09722e-12 -8.39505e-13 8.24397e-13 -8.39505e-13 2.48509e-13
Strain 0 0.006 0 0.006 0 0 0 0 0
Strain mean 1.65305e-18 0.006 4.12198e-18 0.006 2.21181e-33 -4.19752e-18 4.12198e-18 -4.19752e-18 -1.48507e-33
Plastic strain_mean -6.72864e-18 0.00553333 0 0.00553333 6.72864e-18 0 0 0 0
Plastic strain_rate_mean 0 0 0 0 0 0 0 0 0
Dissipation 0.0307669
End step 18
Begin step 19
Stress 5.88554e-13 93.5303 6.9236e-13 93.5303 -1.16889e-12 -7.4673e-13 6.9236e-13 -7.4673e-13 -1.74255e-13
Strain 0 0.00633333 0 0.00633333 0 0 0 0 0
Strain mean -1.15912e-18 0.00633333 3.4618e-18 0.00633333 -1.53172e-33 -3.73365e-18 3.4618e-18 -3.73365e-18 -1.41059e-33
Plastic strain_mean -4.97316e-18 0.00586568 0 0.00586568 4.97316e-18 0 0 0 0
Plastic strain_rate_mean 0 0 0 0 0 0 0 0 0
Dissipation 0.0308218
End step 19
Begin step 20
Stress 1.30668e-12 93.7254 4.2569e-13 93.7254 -6.58868e-13 -6.17464e-13 4.2569e-13 -6.17464e-13 1.94517e-13
Strain 0 0.00666667 0 0.00666667 0 0 0 0 0
Strain mean 1.2939e-18 0.00666667 2.12845e-18 0.00666667 -3.91205e-34 -3.08732e-18 2.12845e-18 -3.08732e-18 -6.12386e-34
Plastic strain_mean -4.26692e-18 0.00619804 0 0.00619804 4.26692e-18 0 0 0 0
Plastic strain_rate_mean 0 0 0 0 0 0 0 0 0
Dissipation 0.0308766
End step 20
Begin step 21
Stress -1.48562e-14 93.9201 1.31765e-13 93.9201 -1.19282e-12 -5.60577e-13 1.31765e-13 -5.60577e-13 -3.62623e-13
Strain 0 0.007 0 0.007 0 0 0 0 0
Strain mean -2.41213e-18 0.007 6.58824e-19 0.007 -3.53589e-34 -2.80289e-18 6.58824e-19 -2.80289e-18 -9.69172e-34
Plastic strain_mean -4.15096e-18 0.0065304 0 0.0065304 4.15096e-18 0 0 0 0
Plastic strain_rate_mean 0 0 0 0 0 0 0 0 0
Dissipation 0.0309313
End step 21
Begin step 22
Stress -1.65346e-12 94.1143 1.30114e-12 94.1143 6.7359e-13 -2.99447e-12 1.30114e-12 -2.99447e-12 -2.94221e-13
Strain 0 0.00733333 0 0.00733333 0 0 0 0 0
Strain mean -1.95712e-18 0.00733333 6.50569e-18 0.00733333 -2.11852e-33 -1.49723e-17 6.50569e-18 -1.49723e-17 3.41251e-33
Plastic strain_mean 4.83905e-18 0.00686276 0 0.00686276 -4.83905e-18 0 0 0 0
Plastic strain_rate_mean 0 0 0 0 0 0 0 0 0
Dissipation 0.030986
End step 22
Begin step 23
Stress -1.45499e-12 94.3082 8.8153e-13 94.3082 6.96882e-13 -2.61587e-12 8.8153e-13 -2.61587e-12 -2.27635e-13
Strain 0 0.00766667 0 0.00766667 0 0 0 0 0
Strain mean -1.5142e-18 0.00766667 4.40765e-18 0.00766667 8.42594e-34 -1.30793e-17 4.40765e-18 -1.30793e-17 2.69028e-33
Plastic strain_mean 4.62259e-18 0.00719513 0 0.00719513 -4.62259e-18 0 0 0 0
Plastic strain_rate_mean 0 0 0 0 0 0 0 0 0
Dissipation 0.0310406
End step 23
Begin step 24
Stress -8.50862e-13 94.5018 3.92569e-13 94.5018 6.39578e-13 -2.31605e-12 3.92569e-13 -2.31605e-12 -6.34416e-14
Strain 0 0.008 0 0.008 0 0 0 0 0
Strain mean -4.22006e-19 0.008 1.96285e-18 0.008 2.16667e-34 -1.15802e-17 1.96285e-18 -1.15802e-17 3.85186e-34
Plastic strain_mean 3.5151e-18 0.00752749 0 0.00752749 -3.5151e-18 0 0 0 0
Plastic strain_rate_mean 0 0 0 0 0 0 0 0 0
Dissipation 0.0310951
End step 24
Begin step 25
Stress -1.07288e-13 94.6952 2.50728e-13 94.6952 9.89424e-13 -2.05904e-12 2.50728e-13 -2.05904e-12 2.64876e-13
Strain 0 0.00833333 0 0.00833333 0 0 0 0 0
Strain mean 1.76192e-18 0.00833333 1.25364e-18 0.00833333 -5.05557e-34 -1.02952e-17 1.25364e-18 -1.02952e-17 1.20972e-33
Plastic strain_mean 3.62274e-18 0.00785986 0 0.00785986 -3.62274e-18 0 0 0 0
Plastic strain_rate_mean 0 0 0 0 0 0 0 0 0
Dissipation 0.0311497
End step 25
Begin step 26
Stress -3.08454e-13 94.8882 2.21994e-13 94.8882 6.47545e-13 -1.79661e-12 2.21994e-13 -1.79661e-12 1.01817e-13
Strain 0 0.00866667 0 0.00866667 0 0 0 0 0
Strain mean 6.77278e-19 0.00866667 1.10997e-18 0.00866667 5.29631e-34 -8.98304e-18 1.10997e-18 -8.98304e-18 7.94446e-34
Plastic strain_mean 2.72864e-18 0.00819223 0 0.00819223 -2.72864e-18 0 0 0 0
Plastic strain_rate_mean 0 0 0 0 0 0 0 0 0
Dissipation 0.0312041
End step 26
Begin step 27
Stress -5.38471e-13 95.081 -1.58754e-14 95.081 5.09384e-13 -1.59042e-12 -1.58754e-14 -1.59042e-12 -8.7337e-15
Strain 0 0.009 0 0.009 0 0 0 0 0
Strain mean -5.80955e-20 0.009 -7.93768e-20 0.009 2.40741e-34 -7.95209e-18 -7.93768e-20 -7.95209e-18 9.38891e-34
Plastic strain_mean 2.59059e-18 0.00852459 0 0.00852459 -2.59059e-18 0 0 0 0
Plastic strain_rate_mean 0 0 0 0 0 0 0 0 0
Dissipation 0.0312585
End step 27
Begin step 28
Stress -7.81516e-13 95.2737 5.67259e-15 95.2737 1.48419e-13 -1.42593e-12 5.67259e-15 -1.42593e-12 -1.90098e-13
Strain 0 0.00933333 0 0.00933333 0 0 0 0 0
Strain mean -1.26451e-18 0.00933333 2.8363e-20 0.00933333 -1.15556e-33 -7.12963e-18 2.8363e-20 -7.12963e-18 4.69445e-34
Plastic strain_mean 1.69258e-18 0.00885697 0 0.00885697 -1.69258e-18 0 0 0 0
Plastic strain_rate_mean 0 0 0 0 0 0 0 0 0
Dissipation 0.0313129
End step 28
Begin step 29
Stress -5.49346e-13 95.4661 1.00163e-13 95.4661 3.46671e-13 -1.27366e-12 1.00163e-13 -1.27366e-12 -6.08564e-14
Strain 0 0.00966667 0 0.00966667 0 0 0 0 0
Strain mean -4.0481e-19 0.00966667 5.00813e-19 0.00966667 -7.46298e-34 -6.36832e-18 5.00813e-19 -6.36832e-18 -1.27894e-34
Plastic strain_mean 2.03764e-18 0.00918934 0 0.00918934 -2.03764e-18 0 0 0 0
Plastic strain_rate_mean 0 0 0 0 0 0 0 0 0
Dissipation 0.0313673
End step 29
Begin step 30
Stress 2.25212e-13 95.6583 1.72714e-13 95.6583 2.80661e-13 -1.14773e-12 1.72714e-13 -1.14773e-12 1.51896e-13
Strain 0 0.01 0 0.01 0 0 0 0 0
Strain mean 1.0104e-18 0.01 8.6357e-19 0.01 2.62408e-33 -5.73863e-18 8.6357e-19 -5.73863e-18 -1.18114e-34
Plastic strain_mean 6.43822e-19 0.00952171 0 0.00952171 -6.43822e-19 0 0 0 0
Plastic strain_rate_mean 0 0 0 0 0 0 0 0 0
Dissipation 0.0314216
End step 30
