Begin step 0
Stress 0 0 0 0 0 0 0 0 0
Strain 0 0 0 0 0 0 0 0 0
Strain mean 0 0 0 0 0 0 0 0 0
Plastic strain_mean 0 0 0 0 0 0 0 0 0
Plastic strain_rate_mean 0 0 0 0 0 0 0 0 0
Dissipation 0
End step 0
Begin step 1
Stress -6.55511e-14 49.288 2.74427e-13 49.288 5.90939e-14 -6.75811e-13 2.74427e-13 -6.75811e-13 -1.93888e-15
Strain 0 0.000333333 0 0.000333333 0 0 0 0 0
Strain mean -1.28972e-20 0.000333333 1.37213e-18 0.000333333 -6.74075e-34 -3.37905e-18 1.37213e-18 -3.37905e-18 1.39931e-33
Plastic strain_mean 3.05164e-19 8.68935e-05 0 8.68935e-05 -3.05164e-19 0 0 0 0
Plastic strain_rate_mean 0 0 0 0 0 0 0 0 0
Dissipation 0.00428002
End step 1
Begin step 2
Stress -1.33392e-12 80.1926 -8.07042e-12 80.1926 1.47179e-12 -1.17076e-12 -8.07042e-12 -1.17076e-12 4.13977e-14
Strain 0 0.000666667 0 0.000666667 0 0 0 0 0
Strain mean 2.75373e-19 0.000666667 -4.03521e-17 0.000666667 4.38751e-33 -5.85381e-18 -4.03521e-17 -5.85381e-18 3.70591e-33
Plastic strain_mean 7.15194e-18 0.000265704 0 0.000265704 -7.15194e-18 0 0 0 0
Plastic strain_rate_mean 0 0 0 0 0 0 0 0 0
Dissipation 0.0143201
End step 2
Begin step 3
Stress -9.69283e-14 93.0227 -9.03258e-13 93.0227 4.58815e-14 1.6799e-12 -9.03258e-13 1.6799e-12 -1.53276e-14
Strain 0 0.001 0 0.001 0 0 0 0 0
Strain mean -1.01958e-19 0.001 -4.51629e-18 0.001 1.2338e-33 8.39951e-18 -4.51629e-18 8.39951e-18 6.88746e-34
Plastic strain_mean 3.06046e-19 0.000534886 0 0.000534886 -3.06046e-19 0 0 0 0
Plastic strain_rate_mean 0 0 0 0 0 0 0 0 0
Dissipation 0.0249781
End step 3
Begin step 4
Stress 6.92463e-13 96.3261 -3.0353e-12 96.3261 -6.29752e-13 6.21997e-12 -3.0353e-12 6.21997e-12 1.88298e-14
Strain 0 0.00133333 0 0.00133333 0 0 0 0 0
Strain mean 1.25254e-19 0.00133333 -1.51765e-17 0.00133333 -2.74445e-33 3.10999e-17 -1.51765e-17 3.10999e-17 2.95209e-33
Plastic strain_mean -3.24291e-18 0.000851703 0 0.000851703 3.24291e-18 0 0 0 0
Plastic strain_rate_mean 0 0 0 0 0 0 0 0 0
Dissipation 0.0304086
End step 4
Begin step 5
Stress 1.68106e-12 97.1429 -4.10163e-12 97.1429 -1.57248e-12 3.80756e-12 -4.10163e-12 3.80756e-12 3.26029e-14
Strain 0 0.00166667 0 0.00166667 0 0 0 0 0
Strain mean 2.16871e-19 0.00166667 -2.05081e-17 0.00166667 1.68519e-34 1.90378e-17 -2.05081e-17 1.90378e-17 -9.08798e-34
Plastic strain_mean -8.02539e-18 0.00118095 0 0.00118095 8.02539e-18 0 0 0 0
Plastic strain_rate_mean 0 0 0 0 0 0 0 0 0
Dissipation 0.0318424
End step 5
Begin step 6
Stress -1.12286e-12 97.4833 5.27619e-13 97.4833 9.32639e-13 -6.17319e-12 5.27619e-13 -6.17319e-12 -5.71184e-14
Strain 0 0.002 0 0.002 0 0 0 0 0
Strain mean -3.79945e-19 0.002 2.63809e-18 0.002 -3.05741e-33 -3.0866e-17 2.63809e-18 -3.0866e-17 -2.16065e-33
Plastic strain_mean 4.94879e-18 0.00151258 0 0.00151258 -4.94879e-18 0 0 0 0
Plastic strain_rate_mean 0 0 0 0 0 0 0 0 0
Dissipation 0.0321614
End step 6
Begin step 7
Stress -1.52729e-12 97.7325 5.22058e-12 97.7325 1.51357e-12 -4.13734e-12 5.22058e-12 -4.13734e-12 -4.1223e-15
Strain 0 0.00233333 0 0.00233333 0 0 0 0 0
Strain mean -2.74211e-20 0.00233333 2.61029e-17 0.00233333 -6.25927e-34 -2.06867e-17 2.61029e-17 -2.06867e-17 -2.96413e-33
Plastic strain_mean 7.58844e-18 0.00184467 0 0.00184467 -7.58844e-18 0 0 0 0
Plastic strain_rate_mean 0 0 0 0 0 0 0 0 0
Dissipation 0.0322665
End step 7
Begin step 8
Stress -1.18831e-12 97.9599 4.18392e-12 97.9599 1.38389e-12 -3.07285e-12 4.18392e-12 -3.07285e-12 5.87254e-14
Strain 0 0.00266667 0 0.00266667 0 0 0 0 0
Strain mean 3.90634e-19 0.00266667 2.09196e-17 0.00266667 2.47963e-33 -1.53642e-17 2.09196e-17 -1.53642e-17 -2.01922e-33
Plastic strain_mean 6.6258e-18 0.00217687 0 0.00217687 -6.6258e-18 0 0 0 0
Plastic strain_rate_mean 0 0 0 0 0 0 0 0 0
Dissipation 0.0323326
End step 8
Begin step 9
Stress -1.03739e-12 98.1792 3.34429e-12 98.1792 1.00025e-12 -2.3739e-12 3.34429e-12 -2.3739e-12 -1.11529e-14
Strain 0 0.003 0 0.003 0 0 0 0 0
Strain mean -7.4188e-20 0.003 1.67214e-17 0.003 2.21482e-33 -1.18695e-17 1.67214e-17 -1.18695e-17 -2.06887e-33
Plastic strain_mean 5.057e-18 0.0025091 0 0.0025091 -5.057e-18 0 0 0 0
Plastic strain_rate_mean 0 0 0 0 0 0 0 0 0
Dissipation 0.0323905
End step 9
Begin step 10
Stress -1.04336e-12 98.3937 2.80615e-12 98.3937 5.87605e-13 -1.84194e-12 2.80615e-12 -1.84194e-12 -1.36848e-13
Strain 0 0.00333333 0 0.00333333 0 0 0 0 0
Strain mean -9.10299e-19 0.00333333 1.40308e-17 0.00333333 -1.34815e-33 -9.20972e-18 1.40308e-17 -9.20972e-18 -2.54132e-33
Plastic strain_mean 3.62227e-18 0.00284136 0 0.00284136 -3.62227e-18 0 0 0 0
Plastic strain_rate_mean 0 0 0 0 0 0 0 0 0
Dissipation 0.0324462
End step 10
Begin step 11
Stress -2.82362e-13 98.605 2.15055e-12 98.605 6.22208e-13 -1.46302e-12 2.15055e-12 -1.46302e-12 1.02044e-13
Strain 0 0.00366667 0 0.00366667 0 0 0 0 0
Strain mean 6.78788e-19 0.00366667 1.07528e-17 0.00366667 1.3e-33 -7.31509e-18 1.07528e-17 -7.31509e-18 -1.42338e-33
Plastic strain_mean 2.60082e-18 0.00317364 0 0.00317364 -2.60082e-18 0 0 0 0
Plastic strain_rate_mean 0 0 0 0 0 0 0 0 0
Dissipation 0.032501
End step 11
Begin step 12
Stress -5.76541e-13 98.8137 1.78443e-12 98.8137 5.19445e-13 -1.15468e-12 1.78443e-12 -1.15468e-12 -1.71442e-14
Strain 0 0.004 0 0.004 0 0 0 0 0
Strain mean -1.14042e-19 0.004 8.92216e-18 0.004 -1.90186e-33 -5.77341e-18 8.92216e-18 -5.77341e-18 -1.74838e-33
Plastic strain_mean 2.68294e-18 0.00350593 0 0.00350593 -2.68294e-18 0 0 0 0
Plastic strain_rate_mean 0 0 0 0 0 0 0 0 0
Dissipation 0.0325552
End step 12
Begin step 13
Stress -6.07693e-13 99.0203 1.61847e-12 99.0203 2.39574e-13 -9.33822e-13 1.61847e-12 -9.33822e-13 -1.10534e-13
Strain 0 0.00433333 0 0.00433333 0 0 0 0 0
Strain mean -7.35257e-19 0.00433333 8.09236e-18 0.00433333 1.32408e-34 -4.66911e-18 8.09236e-18 -4.66911e-18 -1.39179e-33
Plastic strain_mean 1.75054e-18 0.00383823 0 0.00383823 -1.75054e-18 0 0 0 0
Plastic strain_rate_mean 0 0 0 0 0 0 0 0 0
Dissipation 0.0326091
End step 13
Begin step 14
Stress -2.46506e-13 99.2252 1.12527e-12 99.2252 1.02062e-13 -7.41884e-13 1.12527e-12 -7.41884e-13 -4.33715e-14
Strain 0 0.00466667 0 0.00466667 0 0 0 0 0
Strain mean -2.88502e-19 0.00466667 5.62637e-18 0.00466667 9.0278e-34 -3.70942e-18 5.62637e-18 -3.70942e-18 -8.96009e-34
Plastic strain_mean 7.27168e-19 0.00417054 0 0.00417054 -7.27168e-19 0 0 0 0
Plastic strain_rate_mean 0 0 0 0 0 0 0 0 0
Dissipation 0.0326627
End step 14
Begin step 15
Stress -1.29936e-13 99.4286 1.06589e-12 99.4286 1.90436e-13 -5.97952e-13 1.06589e-12 -5.97952e-13 1.81661e-14
Strain 0 0.005 0 0.005 0 0 0 0 0
Strain mean 1.20839e-19 0.005 5.32945e-18 0.005 -1.80556e-34 -2.98976e-18 5.32945e-18 -2.98976e-18 -8.283e-34
Plastic strain_mean 8.61351e-19 0.00450286 0 0.00450286 -8.61351e-19 0 0 0 0
Plastic strain_rate_mean 0 0 0 0 0 0 0 0 0
Dissipation 0.0327161
End step 15
Begin step 16
Stress -2.71577e-12 99.6309 -1.1911e-12 99.6309 1.90159e-12 -2.77199e-12 -1.1911e-12 -2.77199e-12 -2.44474e-13
Strain 0 0.00533333 0 0.00533333 0 0 0 0 0
Strain mean -1.62621e-18 0.00533333 -5.95552e-18 0.00533333 5.86054e-34 -1.38599e-17 -5.95552e-18 -1.38599e-17 -3.97073e-33
Plastic strain_mean 1.07303e-17 0.00483518 0 0.00483518 -1.07303e-17 0 0 0 0
Plastic strain_rate_mean 0 0 0 0 0 0 0 0 0
Dissipation 0.0327694
End step 16
Begin step 17
Stress -1.71747e-12 99.8321 -1.09832e-12 99.8321 1.86709e-12 -2.33236e-12 -1.09832e-12 -2.33236e-12 4.49261e-14
Strain 0 0.00566667 0 0.00566667 0 0 0 0 0
Strain mean 2.98843e-19 0.00566667 -5.49162e-18 0.00566667 3.58554e-33 -1.16618e-17 -5.49162e-18 -1.16618e-17 -2.234e-33
Plastic strain_mean 9.11083e-18 0.00516751 0 0.00516751 -9.11083e-18 0 0 0 0
Plastic strain_rate_mean 0 0 0 0 0 0 0 0 0
Dissipation 0.0328226
End step 17
Begin step 18
Stress -1.48843e-12 100.032 -1.10594e-12 100.032 1.43253e-12 -1.92846e-12 -1.10594e-12 -1.92846e-12 -1.67862e-14
Strain 0 0.006 0 0.006 0 0 0 0 0
Strain mean -1.1166e-19 0.006 -5.52969e-18 0.006 1.34815e-33 -9.64231e-18 -5.52969e-18 -9.64231e-18 -2.64176e-33
Plastic strain_mean 7.24658e-18 0.00549984 0 0.00549984 -7.24658e-18 0 0 0 0
Plastic strain_rate_mean 0 0 0 0 0 0 0 0 0
Dissipation 0.0328758
End step 18
Begin step 19
Stress -8.61492e-13 100.232 -7.07593e-13 100.232 1.27336e-12 -1.61569e-12 -7.07593e-13 -1.61569e-12 1.23669e-13
Strain 0 0.00633333 0 0.00633333 0 0 0 0 0
Strain mean 8.22633e-19 0.00633333 -3.53796e-18 0.00633333 1.67616e-33 -8.07847e-18 -3.53796e-18 -8.07847e-18 -1.31655e-33
Plastic strain_mean 5.74844e-18 0.00583217 0 0.00583217 -5.74844e-18 0 0 0 0
Plastic strain_rate_mean 0 0 0 0 0 0 0 0 0
Dissipation 0.0329289
End step 19
Begin step 20
Stress -2.37839e-13 100.431 -6.53402e-13 100.431 1.15372e-12 -1.3547e-12 -6.53402e-13 -1.3547e-12 2.75007e-13
Strain 0 0.00666667 0 0.00666667 0 0 0 0 0
Strain mean 1.82931e-18 0.00666667 -3.26701e-18 0.00666667 1.29398e-33 -6.77348e-18 -3.26701e-18 -6.77348e-18 -8.42406e-34
Plastic strain_mean 4.39354e-18 0.00616451 0 0.00616451 -4.39354e-18 0 0 0 0
Plastic strain_rate_mean 0 0 0 0 0 0 0 0 0
Dissipation 0.0329821
End step 20
Begin step 21
Stress -6.4416e-13 100.629 -7.82065e-13 100.629 6.40205e-13 -1.14874e-12 -7.82065e-13 -1.14874e-12 -1.18778e-15
Strain 0 0.007 0 0.007 0 0 0 0 0
Strain mean -7.90099e-21 0.007 -3.91033e-18 0.007 -4.2882e-35 -5.74369e-18 -3.91033e-18 -5.74369e-18 -1.19016e-33
Plastic strain_mean 3.20696e-18 0.00649685 0 0.00649685 -3.20696e-18 0 0 0 0
Plastic strain_rate_mean 0 0 0 0 0 0 0 0 0
Dissipation 0.0330352
End step 21
Begin step 22
Stress 8.30649e-13 100.827 6.47927e-14 100.827 -5.45136e-13 8.0568e-13 6.47927e-14 8.0568e-13 8.573e-14
Strain 0 0.00733333 0 0.00733333 0 0 0 0 0
Strain mean 5.70266e-19 0.00733333 3.23963e-19 0.00733333 -8.08891e-33 4.0284e-18 3.23963e-19 4.0284e-18 -8.6065e-34
Plastic strain_mean -3.15433e-18 0.0068292 0 0.0068292 3.15433e-18 0 0 0 0
Plastic strain_rate_mean 0 0 0 0 0 0 0 0 0
Dissipation 0.0330883
End step 22
Begin step 23
Stress 2.13959e-13 101.024 -8.34188e-13 101.024 4.41999e-13 -8.46499e-13 -8.34188e-13 -8.46499e-13 1.96962e-13
Strain 0 0.00766667 0 0.00766667 0 0 0 0 0
Strain mean 1.31017e-18 0.00766667 -4.17094e-18 0.00766667 1.27593e-33 -4.2325e-18 -4.17094e-18 -4.2325e-18 -1.02428e-33
Plastic strain_mean 1.22518e-18 0.00716155 0 0.00716155 -1.22518e-18 0 0 0 0
Plastic strain_rate_mean 0 0 0 0 0 0 0 0 0
Dissipation 0.0331414
End step 23
Begin step 24
Stress 3.45569e-13 101.221 -2.40571e-13 101.221 4.09284e-13 -7.4635e-13 -2.40571e-13 -7.4635e-13 2.26657e-13
Strain 0 0.008 0 0.008 0 0 0 0 0
Strain mean 1.5077e-18 0.008 -1.20286e-18 0.008 1.1375e-33 -3.73175e-18 -1.20286e-18 -3.73175e-18 -7.43289e-34
Plastic strain_mean 9.13135e-19 0.00749389 0 0.00749389 -9.13135e-19 0 0 0 0
Plastic strain_rate_mean 0 0 0 0 0 0 0 0 0
Dissipation 0.0331946
End step 24
Begin step 25
Stress -5.72663e-13 101.418 -3.47402e-13 101.418 1.72782e-13 -6.85058e-13 -3.47402e-13 -6.85058e-13 -1.20071e-13
Strain 0 0.00833333 0 0.00833333 0 0 0 0 0
Strain mean -7.98697e-19 0.00833333 -1.73701e-18 0.00833333 6.51506e-34 -3.42529e-18 -1.73701e-18 -3.42529e-18 -4.00985e-34
Plastic strain_mean 1.46426e-18 0.00782624 0 0.00782624 -1.46426e-18 0 0 0 0
Plastic strain_rate_mean 0 0 0 0 0 0 0 0 0
Dissipation 0.0332478
End step 25
Begin step 26
Stress -4.1886e-13 101.614 -6.50621e-13 101.614 1.64644e-13 -6.40561e-13 -6.50621e-13 -6.40561e-13 -7.63325e-14
Strain 0 0.00866667 0 0.00866667 0 0 0 0 0
Strain mean -5.07755e-19 0.00866667 -3.2531e-18 0.00866667 -1.4531e-33 -3.2028e-18 -3.2531e-18 -3.2028e-18 -2.42998e-34
Plastic strain_mean 1.20488e-18 0.0081586 0 0.0081586 -1.20488e-18 0 0 0 0
Plastic strain_rate_mean 0 0 0 0 0 0 0 0 0
Dissipation 0.033301
End step 26
Begin step 27
Stress 5.08202e-13 101.81 -4.09467e-13 101.81 1.37983e-13 -5.47449e-13 -4.09467e-13 -5.47449e-13 1.94028e-13
Strain 0 0.009 0 0.009 0 0 0 0 0
Strain mean 1.29065e-18 0.009 -2.04734e-18 0.009 -1.01412e-33 -2.73724e-18 -2.04734e-18 -2.73724e-18 -4.78285e-34
Plastic strain_mean -2.80223e-19 0.00849095 0 0.00849095 2.80223e-19 0 0 0 0
Plastic strain_rate_mean 0 0 0 0 0 0 0 0 0
Dissipation 0.0333543
End step 27
Begin step 28
Stress 1.86187e-13 102.006 -3.75695e-13 102.006 1.67971e-13 -4.81037e-13 -3.75695e-13 -4.81037e-13 1.06341e-13
Strain 0 0.00933333 0 0.00933333 0 0 0 0 0
Strain mean 7.07371e-19 0.00933333 -1.87847e-18 0.00933333 5.59723e-34 -2.40519e-18 -1.87847e-18 -2.40519e-18 -3.1113e-34
Plastic strain_mean 3.08146e-19 0.0088233 0 0.0088233 -3.08146e-19 0 0 0 0
Plastic strain_rate_mean 0 0 0 0 0 0 0 0 0
Dissipation 0.0334076
End step 28
Begin step 29
Stress -2.5408e-12 102.202 -4.15356e-12 102.202 2.42283e-12 -6.96256e-13 -4.15356e-12 -6.96256e-13 -3.54239e-14
Strain 0 0.00966667 0 0.00966667 0 0 0 0 0
Strain mean -2.35636e-19 0.00966667 -2.07678e-17 0.00966667 4.11668e-33 -3.48128e-18 -2.07678e-17 -3.48128e-18 1.11794e-32
Plastic strain_mean 1.22913e-17 0.00915566 0 0.00915566 -1.22913e-17 0 0 0 0
Plastic strain_rate_mean 0 0 0 0 0 0 0 0 0
Dissipation 0.0334609
End step 29
Begin step 30
Stress -2.53615e-12 102.397 -4.46732e-12 102.397 2.45657e-12 -5.89655e-13 -4.46732e-12 -5.89655e-13 -2.38954e-14
Strain 0 0.01 0 0.01 0 0 0 0 0
Strain mean -1.58949e-19 0.01 -2.23366e-17 0.01 -4.59816e-33 -2.94828e-18 -2.23366e-17 -2.94828e-18 8.68474e-33
Plastic strain_mean 1.24023e-17 0.00948801 0 0.00948801 -1.24023e-17 0 0 0 0
Plastic strain_rate_mean 0 0 0 0 0 0 0 0 0
Dissipation 0.0335143
End step 30
