Begin step 0
Stress 0 0 0 0 0 0 0 0 0
Strain 0 0 0 0 0 0 0 0 0
Strain mean 0 0 0 0 0 0 0 0 0
Plastic strain_mean 0 0 0 0 0 0 0 0 0
Plastic strain_rate_mean 0 0 0 0 0 0 0 0 0
Dissipation 0
End step 0
Begin step 1
Stress 3.08544e-14 5.58853 -8.16356e-13 5.58853 -2.70695e-14 5.84668e-13 -8.16356e-13 5.84668e-13 1.13647e-15
Strain 0 3.33333e-05 0 3.33333e-05 0 0 0 0 0
Strain mean 7.55968e-21 3.33333e-05 -4.08178e-18 3.33333e-05 1.33852e-32 2.92334e-18 -4.08178e-18 2.92334e-18 -6.60383e-33
Plastic strain_mean -1.4103e-19 5.39067e-06 0 5.39067e-06 1.4103e-19 0 0 0 0
Plastic strain_rate_mean 0 0 0 0 0 0 0 0 0
Dissipation 3.01156e-05
End step 1
Begin step 2
Stress -1.10211e-12 10.2694 1.60171e-12 10.2694 1.09846e-12 -3.60965e-12 1.60171e-12 -3.60965e-12 -1.09608e-15
Strain 0 6.66667e-05 0 6.66667e-05 0 0 0 0 0
Strain mean -7.29099e-21 6.66667e-05 8.00854e-18 6.66667e-05 -1.13148e-33 -1.80483e-17 8.00854e-18 -1.80483e-17 -6.62791e-34
Plastic strain_mean 5.49779e-18 1.53196e-05 0 1.53196e-05 -5.49779e-18 0 0 0 0
Plastic strain_rate_mean 0 0 0 0 0 0 0 0 0
Dissipation 0.00010191
End step 2
Begin step 3
Stress -2.01791e-12 14.1848 1.82442e-12 14.1848 2.00582e-12 -4.33107e-12 1.82442e-12 -4.33107e-12 -3.63103e-15
Strain 0 0.0001 0 0.0001 0 0 0 0 0
Strain mean -2.41532e-20 0.0001 9.12211e-18 0.0001 -1.66111e-33 -2.16553e-17 9.12211e-18 -2.16553e-17 -7.50059e-34
Plastic strain_mean 1.00472e-17 2.90762e-05 0 2.90762e-05 -1.00472e-17 0 0 0 0
Plastic strain_rate_mean 0 0 0 0 0 0 0 0 0
Dissipation 0.000194992
End step 3
Begin step 4
Stress -2.52496e-12 17.4546 1.6777e-12 17.4546 2.52779e-12 -4.2421e-12 1.6777e-12 -4.2421e-12 8.50444e-16
Strain 0 0.000133333 0 0.000133333 0 0 0 0 0
Strain mean 5.65705e-21 0.000133333 8.38848e-18 0.000133333 1.70926e-33 -2.12105e-17 8.38848e-18 -2.12105e-17 -6.00348e-34
Plastic strain_mean 1.26347e-17 4.60604e-05 0 4.60604e-05 -1.26347e-17 0 0 0 0
Plastic strain_rate_mean 0 0 0 0 0 0 0 0 0
Dissipation 0.000296177
End step 4
Begin step 5
Stress -2.69346e-12 20.1808 1.39336e-12 20.1808 2.68083e-12 -3.77184e-12 1.39336e-12 -3.77184e-12 -3.79042e-15
Strain 0 0.000166667 0 0.000166667 0 0 0 0 0
Strain mean -2.52135e-20 0.000166667 6.96682e-18 0.000166667 2.10649e-33 -1.88592e-17 6.96682e-18 -1.88592e-17 -1.65133e-34
Plastic strain_mean 1.34231e-17 6.57624e-05 0 6.57624e-05 -1.34231e-17 0 0 0 0
Plastic strain_rate_mean 0 0 0 0 0 0 0 0 0
Dissipation 0.000397149
End step 5
Begin step 6
Stress -2.56683e-12 22.4504 1.08186e-12 22.4504 2.58261e-12 -3.15505e-12 1.08186e-12 -3.15505e-12 4.73694e-15
Strain 0 0.0002 0 0.0002 0 0 0 0 0
Strain mean 3.15096e-20 0.0002 5.40932e-18 0.0002 -1.15556e-33 -1.57753e-17 5.40932e-18 -1.57753e-17 -1.34665e-34
Plastic strain_mean 1.28894e-17 8.77482e-05 0 8.77482e-05 -1.28894e-17 0 0 0 0
Plastic strain_rate_mean 0 0 0 0 0 0 0 0 0
Dissipation 0.000492914
End step 6
Begin step 7
Stress 2.10344e-13 24.337 1.26014e-12 24.337 -2.01633e-13 -4.72528e-12 1.26014e-12 -4.72528e-12 2.61574e-15
Strain 0 0.000233333 0 0.000233333 0 0 0 0 0
Strain mean 1.73996e-20 0.000233333 6.30068e-18 0.000233333 -3.61112e-33 -2.36264e-17 6.30068e-18 -2.36264e-17 4.44393e-33
Plastic strain_mean -1.02124e-18 0.000111648 0 0.000111648 1.02124e-18 0 0 0 0
Plastic strain_rate_mean 0 0 0 0 0 0 0 0 0
Dissipation 0.00058073
End step 7
Begin step 8
Stress 1.52833e-12 25.9034 8.71264e-13 25.9034 -1.51886e-12 -3.59681e-12 8.71264e-13 -3.59681e-12 2.845e-15
Strain 0 0.000266667 0 0.000266667 0 0 0 0 0
Strain mean 1.89246e-20 0.000266667 4.35632e-18 0.000266667 -1.23741e-32 -1.7984e-17 4.35632e-18 -1.7984e-17 3.46216e-33
Plastic strain_mean -7.60851e-18 0.00013715 0 0.00013715 7.60851e-18 0 0 0 0
Plastic strain_rate_mean 0 0 0 0 0 0 0 0 0
Dissipation 0.000659352
End step 8
Begin step 9
Stress 2.00116e-12 27.2028 5.87043e-13 27.2028 -1.98434e-12 -2.63937e-12 5.87043e-13 -2.63937e-12 5.05135e-15
Strain 0 0.0003 0 0.0003 0 0 0 0 0
Strain mean 3.3601e-20 0.0003 2.93522e-18 0.0003 -2.40741e-34 -1.31969e-17 2.93522e-18 -1.31969e-17 2.5496e-33
Plastic strain_mean -9.94694e-18 0.000163986 0 0.000163986 9.94694e-18 0 0 0 0
Plastic strain_rate_mean 0 0 0 0 0 0 0 0 0
Dissipation 0.000728508
End step 9
Begin step 10
Stress 1.24151e-12 28.2798 -2.63427e-13 28.2798 -1.24772e-12 6.84953e-13 -2.63427e-13 6.84953e-13 -1.86464e-15
Strain 0 0.000333333 0 0.000333333 0 0 0 0 0
Strain mean -1.24034e-20 0.000333333 -1.31713e-18 0.000333333 2.31112e-33 3.42476e-18 -1.31713e-18 3.42476e-18 -4.85996e-33
Plastic strain_mean -6.22927e-18 0.000191934 0 0.000191934 6.22927e-18 0 0 0 0
Plastic strain_rate_mean 0 0 0 0 0 0 0 0 0
Dissipation 0.000788522
End step 10
Begin step 11
Stress 7.74221e-13 29.1721 -1.35176e-13 29.1721 -7.77333e-13 4.01095e-13 -1.35176e-13 4.01095e-13 -9.34505e-16
Strain 0 0.000366667 0 0.000366667 0 0 0 0 0
Strain mean -6.21622e-21 0.000366667 -6.75881e-19 0.000366667 -1.68519e-33 2.00548e-18 -6.75881e-19 2.00548e-18 -4.01135e-33
Plastic strain_mean -3.88199e-18 0.000220806 0 0.000220806 3.88199e-18 0 0 0 0
Plastic strain_rate_mean 0 0 0 0 0 0 0 0 0
Dissipation 0.000840062
End step 11
Begin step 12
Stress 4.87086e-13 29.9113 -7.55219e-14 29.9113 -4.65365e-13 1.13107e-13 -7.55219e-14 1.13107e-13 6.52189e-15
Strain 0 0.0004 0 0.0004 0 0 0 0 0
Strain mean 4.33828e-20 0.0004 -3.7761e-19 0.0004 -6.64446e-33 5.65535e-19 -3.7761e-19 5.65535e-19 -2.89792e-33
Plastic strain_mean -2.35944e-18 0.000250443 0 0.000250443 2.35944e-18 0 0 0 0
Plastic strain_rate_mean 0 0 0 0 0 0 0 0 0
Dissipation 0.000883961
End step 12
Begin step 13
Stress -2.9919e-13 30.5237 -2.04746e-12 30.5237 2.79229e-13 6.20318e-12 -2.04746e-12 6.20318e-12 -5.9935e-15
Strain 0 0.000433333 0 0.000433333 0 0 0 0 0
Strain mean -3.98681e-20 0.000433333 -1.02373e-17 0.000433333 3.17778e-33 3.10159e-17 -1.02373e-17 3.10159e-17 3.56297e-33
Plastic strain_mean 1.42611e-18 0.000280715 0 0.000280715 -1.42611e-18 0 0 0 0
Plastic strain_rate_mean 0 0 0 0 0 0 0 0 0
Dissipation 0.00092111
End step 13
Begin step 14
Stress -5.90041e-13 31.0313 -1.475e-12 31.0313 6.06184e-13 3.45837e-12 -1.475e-12 3.45837e-12 4.8472e-15
Strain 0 0.000466667 0 0.000466667 0 0 0 0 0
Strain mean 3.2243e-20 0.000466667 -7.37498e-18 0.000466667 2.40741e-34 1.72919e-17 -7.37498e-18 1.72919e-17 2.41945e-33
Plastic strain_mean 3.00668e-18 0.00031151 0 0.00031151 -3.00668e-18 0 0 0 0
Plastic strain_rate_mean 0 0 0 0 0 0 0 0 0
Dissipation 0.000952387
End step 14
Begin step 15
Stress -1.078e-12 31.4522 -8.225e-13 31.4522 1.10147e-12 7.00468e-12 -8.225e-13 7.00468e-12 7.04809e-15
Strain 0 0.0005 0 0.0005 0 0 0 0 0
Strain mean 4.68831e-20 0.0005 -4.1125e-18 0.0005 -5.52742e-31 3.50234e-17 -4.1125e-18 3.50234e-17 -2.57367e-33
Plastic strain_mean 5.4721e-18 0.000342739 0 0.000342739 -5.4721e-18 0 0 0 0
Plastic strain_rate_mean 0 0 0 0 0 0 0 0 0
Dissipation 0.000978614
End step 15
Begin step 16
Stress -1.16732e-12 31.8017 -2.63384e-13 31.8017 1.17745e-12 4.10852e-12 -2.63384e-13 4.10852e-12 3.03933e-15
Strain 0 0.000533333 0 0.000533333 0 0 0 0 0
Strain mean 2.02172e-20 0.000533333 -1.31692e-18 0.000533333 3.6246e-31 2.05426e-17 -1.31692e-18 2.05426e-17 -1.59416e-33
Plastic strain_mean 5.87203e-18 0.000374325 0 0.000374325 -5.87203e-18 0 0 0 0
Plastic strain_rate_mean 0 0 0 0 0 0 0 0 0
Dissipation 0.00100054
End step 16
Begin step 17
Stress 4.35426e-13 32.0923 1.92962e-12 32.0923 -4.33885e-13 -7.19829e-12 1.92962e-12 -7.19829e-12 4.62886e-16
Strain 0 0.000566667 0 0.000566667 0 0 0 0 0
Strain mean 3.07906e-21 0.000566667 9.64808e-18 0.000566667 1.70252e-31 -3.59914e-17 9.64808e-18 -3.59914e-17 -1.6551e-33
Plastic strain_mean -2.17174e-18 0.000406205 0 0.000406205 2.17174e-18 0 0 0 0
Plastic strain_rate_mean 0 0 0 0 0 0 0 0 0
Dissipation 0.00101882
End step 17
Begin step 18
Stress -9.25262e-13 32.3343 -3.36018e-12 32.3343 9.15278e-13 -1.14239e-12 -3.36018e-12 -1.14239e-12 -2.99784e-15
Strain 0 0.0006 0 0.0006 0 0 0 0 0
Strain mean -1.99413e-20 0.0006 -1.68009e-17 0.0006 1.12571e-31 -5.71195e-18 -1.68009e-17 -5.71195e-18 -9.70488e-34
Plastic strain_mean 4.59138e-18 0.000438328 0 0.000438328 -4.59138e-18 0 0 0 0
Plastic strain_rate_mean 0 0 0 0 0 0 0 0 0
Dissipation 0.00103403
End step 18
Begin step 19
Stress -3.8039e-13 32.5363 3.04177e-12 32.5363 3.74137e-13 3.84139e-12 3.04177e-12 3.84139e-12 -1.87774e-15
Strain 0 0.000633333 0 0.000633333 0 0 0 0 0
Strain mean -1.24905e-20 0.000633333 1.52089e-17 0.000633333 -3.85186e-33 1.92069e-17 1.52089e-17 1.92069e-17 -2.73843e-33
Plastic strain_mean 1.88007e-18 0.000470652 0 0.000470652 -1.88007e-18 0 0 0 0
Plastic strain_rate_mean 0 0 0 0 0 0 0 0 0
Dissipation 0.00104668
End step 19
Begin step 20
Stress -5.10841e-14 32.7054 1.75449e-12 32.7054 2.62952e-14 1.14305e-12 1.75449e-12 1.14305e-12 -7.44329e-15
Strain 0 0.000666667 0 0.000666667 0 0 0 0 0
Strain mean -4.95119e-20 0.000666667 8.77246e-18 0.000666667 7.51113e-32 5.71527e-18 8.77246e-18 5.71527e-18 -1.80556e-33
Plastic strain_mean 1.68692e-19 0.000503139 0 0.000503139 -1.68692e-19 0 0 0 0
Plastic strain_rate_mean 0 0 0 0 0 0 0 0 0
Dissipation 0.00105719
End step 20
Begin step 21
Stress -3.31378e-13 32.8475 -2.53334e-13 32.8475 3.2812e-13 -6.05543e-12 -2.53334e-13 -6.05543e-12 -9.78174e-16
Strain 0 0.0007 0 0.0007 0 0 0 0 0
Strain mean -6.5067e-21 0.0007 -1.26667e-18 0.0007 -6.2689e-32 -3.02772e-17 -1.26667e-18 -3.02772e-17 -1.51968e-33
Plastic strain_mean 1.64549e-18 0.000535763 0 0.000535763 -1.64549e-18 0 0 0 0
Plastic strain_rate_mean 0 0 0 0 0 0 0 0 0
Dissipation 0.00106592
End step 21
Begin step 22
Stress -1.05825e-12 32.9672 -2.03002e-12 32.9672 1.12204e-12 -4.61101e-12 -2.03002e-12 -4.61101e-12 1.9153e-14
Strain 0 0.000733333 0 0.000733333 0 0 0 0 0
Strain mean 1.27404e-19 0.000733333 -1.01501e-17 0.000733333 -5.53705e-33 -2.30551e-17 -1.01501e-17 -2.30551e-17 1.23662e-33
Plastic strain_mean 5.51441e-18 0.000568498 0 0.000568498 -5.51441e-18 0 0 0 0
Plastic strain_rate_mean 0 0 0 0 0 0 0 0 0
Dissipation 0.00107316
End step 22
Begin step 23
Stress -8.86428e-13 33.0685 -4.86632e-13 33.0685 9.018e-13 3.31078e-12 -4.86632e-13 3.31078e-12 4.61576e-15
Strain 0 0.000766667 0 0.000766667 0 0 0 0 0
Strain mean 3.07035e-20 0.000766667 -2.43316e-18 0.000766667 -1.22056e-31 1.65539e-17 -2.43316e-18 1.65539e-17 -1.82061e-34
Plastic strain_mean 4.48592e-18 0.000601324 0 0.000601324 -4.48592e-18 0 0 0 0
Plastic strain_rate_mean 0 0 0 0 0 0 0 0 0
Dissipation 0.00107919
End step 23
Begin step 24
Stress -7.17694e-13 33.1548 3.36249e-12 33.1548 8.233e-13 5.39045e-12 3.36249e-12 5.39045e-12 3.17099e-14
Strain 0 0.0008 0 0.0008 0 0 0 0 0
Strain mean 2.1093e-19 0.0008 1.68124e-17 0.0008 1.13124e-31 2.69523e-17 1.68124e-17 2.69523e-17 -3.94966e-34
Plastic strain_mean 3.95795e-18 0.000634226 0 0.000634226 -3.95795e-18 0 0 0 0
Plastic strain_rate_mean 0 0 0 0 0 0 0 0 0
Dissipation 0.0010842
End step 24
Begin step 25
Stress 9.53962e-14 33.2287 -9.296e-13 33.2287 -1.67473e-13 2.96565e-12 -9.296e-13 2.96565e-12 -2.16421e-14
Strain 0 0.000833333 0 0.000833333 0 0 0 0 0
Strain mean -1.43961e-19 0.000833333 -4.648e-18 0.000833333 -4.46575e-33 1.48283e-17 -4.648e-18 1.48283e-17 -1.44219e-33
Plastic strain_mean -7.29152e-19 0.00066719 0 0.00066719 7.29152e-19 0 0 0 0
Plastic strain_rate_mean 0 0 0 0 0 0 0 0 0
Dissipation 0.00108837
End step 25
Begin step 26
Stress 5.4076e-13 33.2923 -7.54977e-13 33.2923 -5.8628e-13 2.76056e-12 -7.54977e-13 2.76056e-12 -1.36682e-14
Strain 0 0.000866667 0 0.000866667 0 0 0 0 0
Strain mean -9.09195e-20 0.000866667 -3.77488e-18 0.000866667 -5.99446e-33 1.38028e-17 -3.77488e-18 1.38028e-17 -1.28684e-33
Plastic strain_mean -2.86306e-18 0.000700205 0 0.000700205 2.86306e-18 0 0 0 0
Plastic strain_rate_mean 0 0 0 0 0 0 0 0 0
Dissipation 0.00109185
End step 26
Begin step 27
Stress 7.36291e-13 33.3475 -6.17231e-13 33.3475 -8.54033e-13 2.57452e-12 -6.17231e-13 2.57452e-12 -3.5354e-14
Strain 0 0.0009 0 0.0009 0 0 0 0 0
Strain mean -2.35171e-19 0.0009 -3.08615e-18 0.0009 6.84307e-33 1.28726e-17 -3.08615e-18 1.28726e-17 -1.93947e-33
Plastic strain_mean -4.0934e-18 0.000733262 0 0.000733262 4.0934e-18 0 0 0 0
Plastic strain_rate_mean 0 0 0 0 0 0 0 0 0
Dissipation 0.00109477
End step 27
Begin step 28
Stress 8.2049e-13 33.3959 -5.72328e-13 33.3959 -8.91781e-13 2.42822e-12 -5.72328e-13 2.42822e-12 -2.14063e-14
Strain 0 0.000933333 0 0.000933333 0 0 0 0 0
Strain mean -1.42392e-19 0.000933333 -2.86164e-18 0.000933333 1.17301e-32 1.21411e-17 -2.86164e-18 1.21411e-17 -2.21219e-33
Plastic strain_mean -4.35187e-18 0.000766354 0 0.000766354 4.35187e-18 0 0 0 0
Plastic strain_rate_mean 0 0 0 0 0 0 0 0 0
Dissipation 0.00109721
End step 28
Begin step 29
Stress 2.96846e-12 33.4385 -6.65265e-12 33.4385 -2.99493e-12 8.76489e-12 -6.65265e-12 8.76489e-12 -7.94766e-15
Strain 0 0.000966667 0 0.000966667 0 0 0 0 0
Strain mean -5.28669e-20 0.000966667 -3.32633e-17 0.000966667 -1.40111e-32 4.38245e-17 -3.32633e-17 4.38245e-17 6.45788e-33
Plastic strain_mean -1.49349e-17 0.000799474 0 0.000799474 1.49349e-17 0 0 0 0
Plastic strain_rate_mean 0 0 0 0 0 0 0 0 0
Dissipation 0.00109927
End step 29
Begin step 30
Stress 4.04153e-12 33.4764 -5.73014e-12 33.4764 -4.05412e-12 7.89904e-12 -5.73014e-12 7.89904e-12 -3.78169e-15
Strain 0 0.001 0 0.001 0 0 0 0 0
Strain mean -2.51554e-20 0.001 -2.86507e-17 0.001 -6.74075e-33 3.94952e-17 -2.86507e-17 3.94952e-17 6.48798e-33
Plastic strain_mean -2.02517e-17 0.000832618 0 0.000832618 2.02517e-17 0 0 0 0
Plastic strain_rate_mean 0 0 0 0 0 0 0 0 0
Dissipation 0.00110101
End step 30
