Begin step 0
Stress 0 0 0 0 0 0 0 0 0
Strain 0 0 0 0 0 0 0 0 0
Strain mean 0 0 0 0 0 0 0 0 0
Plastic strain_mean 0 0 0 0 0 0 0 0 0
Plastic strain_rate_mean 0 0 0 0 0 0 0 0 0
Dissipation 0
End step 0
Begin step 1
Stress -9.27064e-14 66.2357 -2.81232e-12 66.2357 7.95738e-14 5.83867e-13 -2.81232e-12 5.83867e-13 -3.94326e-15
Strain 0 0.000333333 0 0.000333333 0 0 0 0 0
Strain mean -2.62301e-20 0.000333333 -1.40616e-17 0.000333333 2.15512e-31 2.91934e-18 -1.40616e-17 2.91934e-18 -1.80556e-35
Plastic strain_mean 4.17586e-19 2.15506e-06 0 2.15506e-06 -4.17586e-19 0 0 0 0
Plastic strain_rate_mean 0 0 0 0 0 0 0 0 0
Dissipation 0.00014274
End step 1
Begin step 2
Stress 1.1235e-12 104.739 -1.91546e-12 104.739 -1.10534e-12 -1.60783e-12 -1.91546e-12 -1.60783e-12 5.45419e-15
Strain 0 0.000666667 0 0.000666667 0 0 0 0 0
Strain mean 3.62807e-20 0.000666667 -9.57728e-18 0.000666667 -1.08574e-32 -8.03915e-18 -9.57728e-18 -8.03915e-18 4.78473e-34
Plastic strain_mean -5.55397e-18 0.00014297 0 0.00014297 5.55397e-18 0 0 0 0
Plastic strain_rate_mean 0 0 0 0 0 0 0 0 0
Dissipation 0.0147436
End step 2
Begin step 3
Stress -6.63454e-13 105.441 1.80944e-12 105.441 6.45638e-13 -1.35231e-12 1.80944e-12 -1.35231e-12 -5.34939e-15
Strain 0 0.001 0 0.001 0 0 0 0 0
Strain mean -3.55835e-20 0.001 9.04718e-18 0.001 3.55575e-32 -6.76154e-18 9.04718e-18 -6.76154e-18 -2.13206e-33
Plastic strain_mean 3.25494e-18 0.000472795 0 0.000472795 -3.25494e-18 0 0 0 0
Plastic strain_rate_mean 0 0 0 0 0 0 0 0 0
Dissipation 0.0347568
End step 3
Begin step 4
Stress -3.09331e-12 105.657 1.18991e-12 105.657 3.25503e-12 -1.99802e-12 1.18991e-12 -1.99802e-12 4.85593e-14
Strain 0 0.00133333 0 0.00133333 0 0 0 0 0
Strain mean 3.23011e-19 0.00133333 5.94957e-18 0.00133333 -1.92593e-33 -9.99009e-18 5.94957e-18 -9.99009e-18 -1.37523e-33
Plastic strain_mean 1.60324e-17 0.00080505 0 0.00080505 -1.60324e-17 0 0 0 0
Plastic strain_rate_mean 0 0 0 0 0 0 0 0 0
Dissipation 0.0350746
End step 4
Begin step 5
Stress -3.90508e-12 105.87 -6.18443e-12 105.87 3.73654e-12 -8.32688e-13 -6.18443e-12 -8.32688e-13 -5.06074e-14
Strain 0 0.00166667 0 0.00166667 0 0 0 0 0
Strain mean -3.36635e-19 0.00166667 -3.09221e-17 0.00166667 5.72964e-33 -4.16344e-18 -3.09221e-17 -4.16344e-18 -1.8853e-33
Plastic strain_mean 1.89358e-17 0.00113732 0 0.00113732 -1.89358e-17 0 0 0 0
Plastic strain_rate_mean 0 0 0 0 0 0 0 0 0
Dissipation 0.0351373
End step 5
Begin step 6
Stress -9.35155e-13 106.084 -2.23814e-12 106.084 1.02851e-12 5.38803e-13 -2.23814e-12 5.38803e-13 2.80308e-14
Strain 0 0.002 0 0.002 0 0 0 0 0
Strain mean 1.86458e-19 0.002 -1.11907e-17 0.002 6.01853e-36 2.69401e-18 -1.11907e-17 2.69401e-18 -3.94214e-34
Plastic strain_mean 5.00239e-18 0.00146958 0 0.00146958 -5.00239e-18 0 0 0 0
Plastic strain_rate_mean 0 0 0 0 0 0 0 0 0
Dissipation 0.0351986
End step 6
Begin step 7
Stress 4.86713e-14 106.299 -3.50214e-12 106.299 -1.29794e-13 2.4429e-12 -3.50214e-12 2.4429e-12 -2.43583e-14
Strain 0 0.00233333 0 0.00233333 0 0 0 0 0
Strain mean -1.62028e-19 0.00233333 -1.75107e-17 0.00233333 8.36576e-34 1.22145e-17 -1.75107e-17 1.22145e-17 1.4294e-34
Plastic strain_mean -5.27176e-19 0.00180184 0 0.00180184 5.27176e-19 0 0 0 0
Plastic strain_rate_mean 0 0 0 0 0 0 0 0 0
Dissipation 0.0352601
End step 7
Begin step 8
Stress 4.07621e-12 106.513 -3.44506e-12 106.513 -4.16207e-12 4.99951e-12 -3.44506e-12 4.99951e-12 -2.57819e-14
Strain 0 0.00266667 0 0.00266667 0 0 0 0 0
Strain mean -1.71498e-19 0.00266667 -1.72253e-17 0.00266667 4.33334e-34 2.49975e-17 -1.72253e-17 2.49975e-17 -4.87501e-34
Plastic strain_mean -2.06815e-17 0.0021341 0 0.0021341 2.06815e-17 0 0 0 0
Plastic strain_rate_mean 0 0 0 0 0 0 0 0 0
Dissipation 0.0353217
End step 8
Begin step 9
Stress -7.57381e-14 106.728 -9.22502e-12 106.728 1.56133e-13 -5.19394e-13 -9.22502e-12 -5.19394e-13 2.41399e-14
Strain 0 0.003 0 0.003 0 0 0 0 0
Strain mean 1.60576e-19 0.003 -4.61251e-17 0.003 9.93058e-35 -2.59697e-18 -4.61251e-17 -2.59697e-18 -1.909e-33
Plastic strain_mean 6.59966e-19 0.00246636 0 0.00246636 -6.59966e-19 0 0 0 0
Plastic strain_rate_mean 0 0 0 0 0 0 0 0 0
Dissipation 0.0353833
End step 9
Begin step 10
Stress 2.18025e-12 106.943 -5.56506e-12 106.943 -2.16891e-12 6.22243e-13 -5.56506e-12 6.22243e-13 3.40614e-15
Strain 0 0.00333333 0 0.00333333 0 0 0 0 0
Strain mean 2.26573e-20 0.00333333 -2.78253e-17 0.00333333 -1.64667e-32 3.11121e-18 -2.78253e-17 3.11121e-18 -2.6459e-33
Plastic strain_mean -1.08616e-17 0.00279862 0 0.00279862 1.08616e-17 0 0 0 0
Plastic strain_rate_mean 0 0 0 0 0 0 0 0 0
Dissipation 0.035445
End step 10
Begin step 11
Stress 2.25383e-12 107.158 -4.10661e-12 107.158 -2.33853e-12 2.98947e-13 -4.10661e-12 2.98947e-13 -2.54325e-14
Strain 0 0.00366667 0 0.00366667 0 0 0 0 0
Strain mean -1.69174e-19 0.00366667 -2.05331e-17 0.00366667 8.1852e-34 1.49474e-18 -2.05331e-17 1.49474e-18 -3.09202e-33
Plastic strain_mean -1.15655e-17 0.00313087 0 0.00313087 1.15655e-17 0 0 0 0
Plastic strain_rate_mean 0 0 0 0 0 0 0 0 0
Dissipation 0.0355066
End step 11
Begin step 12
Stress 1.25187e-12 107.374 -4.7786e-12 107.374 -1.16193e-12 1.83779e-12 -4.7786e-12 1.83779e-12 2.70046e-14
Strain 0 0.004 0 0.004 0 0 0 0 0
Strain mean 1.79631e-19 0.004 -2.3893e-17 0.004 -6.50001e-33 9.18895e-18 -2.3893e-17 9.18895e-18 -3.31019e-34
Plastic strain_mean -5.9447e-18 0.00346313 0 0.00346313 5.9447e-18 0 0 0 0
Plastic strain_rate_mean 0 0 0 0 0 0 0 0 0
Dissipation 0.0355683
End step 12
Begin step 13
Stress -4.15683e-14 107.589 -2.97107e-12 107.589 -5.64885e-13 1.16567e-12 -2.97107e-12 1.16567e-12 -1.82098e-13
Strain 0 0.00433333 0 0.00433333 0 0 0 0 0
Strain mean -1.21129e-18 0.00433333 -1.48553e-17 0.00433333 3.50523e-33 5.82836e-18 -1.48553e-17 5.82836e-18 3.61112e-34
Plastic strain_mean -1.91394e-18 0.00379539 0 0.00379539 1.91394e-18 0 0 0 0
Plastic strain_rate_mean 0 0 0 0 0 0 0 0 0
Dissipation 0.03563
End step 13
Begin step 14
Stress 4.21374e-13 107.804 -1.68671e-12 107.804 -4.575e-13 7.18271e-13 -1.68671e-12 7.18271e-13 -1.08472e-14
Strain 0 0.00466667 0 0.00466667 0 0 0 0 0
Strain mean -7.21547e-20 0.00466667 -8.43353e-18 0.00466667 7.28242e-34 3.59135e-18 -8.43353e-18 3.59135e-18 -1.77547e-34
Plastic strain_mean -2.23326e-18 0.00412765 0 0.00412765 2.23326e-18 0 0 0 0
Plastic strain_rate_mean 0 0 0 0 0 0 0 0 0
Dissipation 0.0356917
End step 14
Begin step 15
Stress -4.46748e-12 108.019 -2.97789e-12 108.019 4.44142e-12 1.02926e-14 -2.97789e-12 1.02926e-14 -7.82539e-15
Strain 0 0.005 0 0.005 0 0 0 0 0
Strain mean -5.20536e-20 0.005 -1.48895e-17 0.005 -2.94908e-33 5.14631e-20 -1.48895e-17 5.14631e-20 -3.26505e-34
Plastic strain_mean 2.22462e-17 0.0044599 0 0.0044599 -2.22462e-17 0 0 0 0
Plastic strain_rate_mean 0 0 0 0 0 0 0 0 0
Dissipation 0.0357534
End step 15
Begin step 16
Stress -3.00759e-12 108.235 -1.38213e-12 108.235 2.54041e-12 1.19361e-14 -1.38213e-12 1.19361e-14 -1.40281e-13
Strain 0 0.00533333 0 0.00533333 0 0 0 0 0
Strain mean -9.33131e-19 0.00533333 -6.91066e-18 0.00533333 6.87617e-34 5.96807e-20 -6.91066e-18 5.96807e-20 -1.00058e-33
Plastic strain_mean 1.34034e-17 0.00479216 0 0.00479216 -1.34034e-17 0 0 0 0
Plastic strain_rate_mean 0 0 0 0 0 0 0 0 0
Dissipation 0.035815
End step 16
Begin step 17
Stress -2.40698e-12 108.45 -1.12255e-12 108.45 1.62013e-12 6.74566e-15 -1.12255e-12 6.74566e-15 -2.36264e-13
Strain 0 0.00566667 0 0.00566667 0 0 0 0 0
Strain mean -1.5716e-18 0.00566667 -5.61274e-18 0.00566667 9.16321e-34 3.37283e-20 -5.61274e-18 3.37283e-20 -5.98092e-35
Plastic strain_mean 9.28199e-18 0.00512442 0 0.00512442 -9.28199e-18 0 0 0 0
Plastic strain_rate_mean 0 0 0 0 0 0 0 0 0
Dissipation 0.0358767
End step 17
Begin step 18
Stress -1.21609e-12 108.665 -5.40835e-13 108.665 1.04302e-12 8.61996e-15 -5.40835e-13 8.61996e-15 -5.19655e-14
Strain 0 0.006 0 0.006 0 0 0 0 0
Strain mean -3.45668e-19 0.006 -2.70418e-18 0.006 -7.22224e-35 4.30998e-20 -2.70418e-18 4.30998e-20 -4.67565e-34
Plastic strain_mean 5.47494e-18 0.00545667 0 0.00545667 -5.47494e-18 0 0 0 0
Plastic strain_rate_mean 0 0 0 0 0 0 0 0 0
Dissipation 0.0359384
End step 18
Begin step 19
Stress -4.65377e-12 108.881 -4.87556e-13 108.881 4.82303e-12 5.86943e-14 -4.87556e-13 5.86943e-14 5.08214e-14
Strain 0 0.00633333 0 0.00633333 0 0 0 0 0
Strain mean 3.38058e-19 0.00633333 -2.43778e-18 0.00633333 -1.42037e-33 2.93472e-19 -2.43778e-18 2.93472e-19 2.87084e-33
Plastic strain_mean 2.3861e-17 0.00578893 0 0.00578893 -2.3861e-17 0 0 0 0
Plastic strain_rate_mean 0 0 0 0 0 0 0 0 0
Dissipation 0.0360001
End step 19
Begin step 20
Stress -3.25388e-12 109.096 -7.50132e-14 109.096 3.30879e-12 2.87723e-14 -7.50132e-14 2.87723e-14 1.64892e-14
Strain 0 0.00666667 0 0.00666667 0 0 0 0 0
Strain mean 1.09684e-19 0.00666667 -3.75066e-19 0.00666667 -4.81482e-35 1.43861e-19 -3.75066e-19 1.43861e-19 2.12454e-33
Plastic strain_mean 1.64615e-17 0.00612119 0 0.00612119 -1.64615e-17 0 0 0 0
Plastic strain_rate_mean 0 0 0 0 0 0 0 0 0
Dissipation 0.0360617
End step 20
Begin step 21
Stress -1.9422e-12 109.311 5.1609e-14 109.311 1.70137e-12 -1.14973e-15 5.1609e-14 -1.14973e-15 -7.2315e-14
Strain 0 0.007 0 0.007 0 0 0 0 0
Strain mean -4.81031e-19 0.007 2.58045e-19 0.007 2.3713e-33 -5.74866e-21 2.58045e-19 -5.74866e-21 1.56331e-33
Plastic strain_mean 8.86841e-18 0.00645344 0 0.00645344 -8.86841e-18 0 0 0 0
Plastic strain_rate_mean 0 0 0 0 0 0 0 0 0
Dissipation 0.0361234
End step 21
Begin step 22
Stress -4.17241e-12 109.526 -3.4286e-13 109.526 4.06569e-12 3.41693e-14 -3.4286e-13 3.41693e-14 -3.20439e-14
Strain 0 0.00733333 0 0.00733333 0 0 0 0 0
Strain mean -2.13153e-19 0.00733333 -1.7143e-18 0.00733333 -1.61297e-33 1.70847e-19 -1.7143e-18 1.70847e-19 1.43843e-33
Plastic strain_mean 2.04887e-17 0.0067857 0 0.0067857 -2.04887e-17 0 0 0 0
Plastic strain_rate_mean 0 0 0 0 0 0 0 0 0
Dissipation 0.0361851
End step 22
Begin step 23
Stress -6.25917e-12 109.742 -1.19506e-12 109.742 6.41996e-12 6.94884e-14 -1.19506e-12 6.94884e-14 4.82799e-14
Strain 0 0.00766667 0 0.00766667 0 0 0 0 0
Strain mean 3.21152e-19 0.00766667 -5.9753e-18 0.00766667 4.81482e-35 3.47442e-19 -5.9753e-18 3.47442e-19 7.04168e-34
Plastic strain_mean 3.18584e-17 0.00711796 0 0.00711796 -3.18584e-17 0 0 0 0
Plastic strain_rate_mean 0 0 0 0 0 0 0 0 0
Dissipation 0.0362467
End step 23
Begin step 24
Stress -9.68928e-12 109.957 -1.09942e-12 109.957 8.18905e-12 1.04807e-13 -1.09942e-12 1.04807e-13 -4.50467e-13
Strain 0 0.008 0 0.008 0 0 0 0 0
Strain mean -2.99645e-18 0.008 -5.4971e-18 0.008 6.83705e-33 5.24037e-19 -5.4971e-18 5.24037e-19 7.04168e-34
Plastic strain_mean 4.31976e-17 0.00745022 0 0.00745022 -4.31976e-17 0 0 0 0
Plastic strain_rate_mean 0 0 0 0 0 0 0 0 0
Dissipation 0.0363084
End step 24
Begin step 25
Stress -1.0186e-11 110.172 -1.46395e-12 110.172 1.11871e-11 1.40126e-13 -1.46395e-12 1.40126e-13 3.00579e-13
Strain 0 0.00833333 0 0.00833333 0 0 0 0 0
Strain mean 1.99942e-18 0.00833333 -7.31974e-18 0.00833333 9.53335e-33 7.00632e-19 -7.31974e-18 7.00632e-19 9.20835e-34
Plastic strain_mean 5.44325e-17 0.00778247 0 0.00778247 -5.44325e-17 0 0 0 0
Plastic strain_rate_mean 0 0 0 0 0 0 0 0 0
Dissipation 0.0363701
End step 25
Begin step 26
Stress -1.42726e-11 110.388 -2.09898e-12 110.388 1.26229e-11 1.75446e-13 -2.09898e-12 1.75446e-13 -4.9534e-13
Strain 0 0.00866667 0 0.00866667 0 0 0 0 0
Strain mean -3.29495e-18 0.00866667 -1.04949e-17 0.00866667 -6.35557e-33 8.77228e-19 -1.04949e-17 8.77228e-19 2.6963e-33
Plastic strain_mean 6.55914e-17 0.00811473 0 0.00811473 -6.55914e-17 0 0 0 0
Plastic strain_rate_mean 0 0 0 0 0 0 0 0 0
Dissipation 0.0364317
End step 26
Begin step 27
Stress -3.2964e-12 110.603 -2.44351e-13 110.603 2.78471e-12 2.46078e-14 -2.44351e-13 2.46078e-14 -1.53643e-13
Strain 0 0.009 0 0.009 0 0 0 0 0
Strain mean -1.02202e-18 0.009 -1.22176e-18 0.009 -5.77779e-34 1.23039e-19 -1.22176e-18 1.23039e-19 1.65961e-33
Plastic strain_mean 1.46918e-17 0.00844699 0 0.00844699 -1.46918e-17 0 0 0 0
Plastic strain_rate_mean 0 0 0 0 0 0 0 0 0
Dissipation 0.0364934
End step 27
Begin step 28
Stress 7.12039e-12 110.818 1.13976e-12 110.818 -7.38037e-12 -1.2623e-13 1.13976e-12 -1.2623e-13 -7.80618e-14
Strain 0 0.00933333 0 0.00933333 0 0 0 0 0
Strain mean -5.19258e-19 0.00933333 5.69878e-18 0.00933333 2.3376e-32 -6.31149e-19 5.69878e-18 -6.31149e-19 1.80556e-34
Plastic strain_mean -3.65115e-17 0.00877924 0 0.00877924 3.65115e-17 0 0 0 0
Plastic strain_rate_mean 0 0 0 0 0 0 0 0 0
Dissipation 0.0365551
End step 28
Begin step 29
Stress 1.80264e-11 111.033 3.20081e-12 111.033 -1.72926e-11 -2.77068e-13 3.20081e-12 -2.77068e-13 2.20334e-13
Strain 0 0.00966667 0 0.00966667 0 0 0 0 0
Strain mean 1.46563e-18 0.00966667 1.6004e-17 0.00966667 2.50371e-33 -1.38534e-18 1.6004e-17 -1.38534e-18 8.1852e-34
Plastic strain_mean -8.75647e-17 0.0091115 0 0.0091115 8.75647e-17 0 0 0 0
Plastic strain_rate_mean 0 0 0 0 0 0 0 0 0
Dissipation 0.0366168
End step 29
Begin step 30
Stress 2.73621e-11 111.249 4.84698e-12 111.249 -2.78999e-11 -4.27905e-13 4.84698e-12 -4.27905e-13 -1.61503e-13
Strain 0 0.01 0 0.01 0 0 0 0 0
Strain mean -1.0743e-18 0.01 2.42349e-17 0.01 3.5726e-32 -2.13953e-18 2.42349e-17 -2.13953e-18 2.0463e-33
Plastic strain_mean -1.38692e-16 0.00944376 0 0.00944376 1.38692e-16 0 0 0 0
Plastic strain_rate_mean 0 0 0 0 0 0 0 0 0
Dissipation 0.0366784
End step 30
