Begin step 0
Stress 0 0 0 0 0 0 0 0 0
Strain 0 0 0 0 0 0 0 0 0
Strain mean 0 0 0 0 0 0 0 0 0
Plastic strain_mean 0 0 0 0 0 0 0 0 0
Plastic strain_rate_mean 0 0 0 0 0 0 0 0 0
Dissipation 0
End step 0
Begin step 1
Stress 2.10385e-14 6.60293 3.28472e-12 6.60293 -2.26037e-14 -4.14986e-12 3.28472e-12 -4.14986e-12 -4.69982e-16
Strain 0 3.33333e-05 0 3.33333e-05 0 0 0 0 0
Strain mean -3.12627e-21 3.33333e-05 1.64236e-17 3.33333e-05 2.28082e-31 -2.07493e-17 1.64236e-17 -2.07493e-17 -1.11945e-33
Plastic strain_mean -1.10669e-19 3.18706e-07 0 3.18706e-07 1.10669e-19 0 0 0 0
Plastic strain_rate_mean 0 0 0 0 0 0 0 0 0
Dissipation 2.10436e-06
End step 1
Begin step 2
Stress 1.10065e-14 13.1422 2.12121e-12 13.1422 -1.69784e-14 2.23591e-12 2.12121e-12 2.23591e-12 -1.79314e-15
Strain 0 6.66667e-05 0 6.66667e-05 0 0 0 0 0
Strain mean -1.19277e-20 6.66667e-05 1.06061e-17 6.66667e-05 2.6963e-33 1.11795e-17 1.06061e-17 1.11795e-17 3.44862e-33
Plastic strain_mean -7.59262e-20 9.5589e-07 0 9.5589e-07 7.59262e-20 0 0 0 0
Plastic strain_rate_mean 0 0 0 0 0 0 0 0 0
Dissipation 8.37375e-06
End step 2
Begin step 3
Stress 1.62985e-14 19.6172 2.82393e-12 19.6172 -2.39373e-14 -6.01954e-12 2.82393e-12 -6.01954e-12 -2.29369e-15
Strain 0 0.0001 0 0.0001 0 0 0 0 0
Strain mean -1.52573e-20 0.0001 1.41197e-17 0.0001 -4.06853e-33 -3.00977e-17 1.41197e-17 -3.00977e-17 -1.37862e-33
Plastic strain_mean -1.08218e-19 1.91414e-06 0 1.91414e-06 1.08218e-19 0 0 0 0
Plastic strain_rate_mean 0 0 0 0 0 0 0 0 0
Dissipation 1.87976e-05
End step 3
Begin step 4
Stress 3.30385e-14 26.0269 2.7274e-12 26.0269 -2.97481e-14 -4.95121e-12 2.7274e-12 -4.95121e-12 9.87999e-16
Strain 0 0.000133333 0 0.000133333 0 0 0 0 0
Strain mean 6.57206e-21 0.000133333 1.3637e-17 0.000133333 -1.20371e-34 -2.47561e-17 1.3637e-17 -2.47561e-17 6.94538e-33
Plastic strain_mean -1.53681e-19 3.19899e-06 0 3.19899e-06 1.53681e-19 0 0 0 0
Plastic strain_rate_mean 0 0 0 0 0 0 0 0 0
Dissipation 3.3439e-05
End step 4
Begin step 5
Stress 9.64491e-14 32.3695 5.57991e-12 32.3695 -6.95877e-14 -2.12335e-12 5.57991e-12 -2.12335e-12 8.06557e-15
Strain 0 0.000166667 0 0.000166667 0 0 0 0 0
Strain mean 5.36512e-20 0.000166667 2.78996e-17 0.000166667 2.75649e-33 -1.06168e-17 2.78996e-17 -1.06168e-17 4.39353e-34
Plastic strain_mean -3.88266e-19 4.81914e-06 0 4.81914e-06 3.88266e-19 0 0 0 0
Plastic strain_rate_mean 0 0 0 0 0 0 0 0 0
Dissipation 5.24406e-05
End step 5
Begin step 6
Stress 2.70563e-14 38.6426 -2.48767e-13 38.6426 -3.26518e-14 6.53416e-13 -2.48767e-13 6.53416e-13 -1.68014e-15
Strain 0 0.0002 0 0.0002 0 0 0 0 0
Strain mean -1.11761e-20 0.0002 -1.24383e-18 0.0002 4.39654e-33 3.26708e-18 -1.24383e-18 3.26708e-18 -2.33293e-33
Plastic strain_mean -1.54858e-19 6.78697e-06 0 6.78697e-06 1.54858e-19 0 0 0 0
Plastic strain_rate_mean 0 0 0 0 0 0 0 0 0
Dissipation 7.60371e-05
End step 6
Begin step 7
Stress -6.82655e-14 44.8428 -7.09503e-13 44.8428 6.35462e-14 1.42346e-12 -7.09503e-13 1.42346e-12 -1.41704e-15
Strain 0 0.000233333 0 0.000233333 0 0 0 0 0
Strain mean -9.426e-21 0.000233333 -3.54751e-18 0.000233333 7.27039e-33 7.11729e-18 -3.54751e-18 7.11729e-18 -3.9286e-33
Plastic strain_mean 3.24816e-19 9.11924e-06 0 9.11924e-06 -3.24816e-19 0 0 0 0
Plastic strain_rate_mean 0 0 0 0 0 0 0 0 0
Dissipation 0.000104578
End step 7
Begin step 8
Stress -6.43629e-14 50.9657 -3.84187e-12 50.9657 7.9357e-14 2.28594e-12 -3.84187e-12 2.28594e-12 4.50222e-15
Strain 0 0.000266667 0 0.000266667 0 0 0 0 0
Strain mean 2.99482e-20 0.000266667 -1.92093e-17 0.000266667 3.40649e-33 1.14297e-17 -1.92093e-17 1.14297e-17 -6.83103e-34
Plastic strain_mean 3.74274e-19 1.18382e-05 0 1.18382e-05 -3.74274e-19 0 0 0 0
Plastic strain_rate_mean 0 0 0 0 0 0 0 0 0
Dissipation 0.000138563
End step 8
Begin step 9
Stress -1.02332e-13 57.0053 -7.92265e-12 57.0053 9.10177e-14 4.66655e-12 -7.92265e-12 4.66655e-12 -3.39741e-15
Strain 0 0.0003 0 0.0003 0 0 0 0 0
Strain mean -2.25992e-20 0.0003 -3.96133e-17 0.0003 1.43241e-32 2.33327e-17 -3.96133e-17 2.33327e-17 -1.79352e-33
Plastic strain_mean 4.72076e-19 1.49734e-05 0 1.49734e-05 -4.72076e-19 0 0 0 0
Plastic strain_rate_mean 0 0 0 0 0 0 0 0 0
Dissipation 0.000178703
End step 9
Begin step 10
Stress -2.45983e-13 62.9538 6.49865e-12 62.9538 2.25273e-13 -2.58637e-12 6.49865e-12 -2.58637e-12 -6.21839e-15
Strain 0 0.000333333 0 0.000333333 0 0 0 0 0
Strain mean -4.1364e-20 0.000333333 3.24932e-17 0.000333333 -4.39353e-32 -1.29318e-17 3.24932e-17 -1.29318e-17 6.44585e-33
Plastic strain_mean 1.15746e-18 1.85641e-05 0 1.85641e-05 -1.15746e-18 0 0 0 0
Plastic strain_rate_mean 0 0 0 0 0 0 0 0 0
Dissipation 0.000226025
End step 10
Begin step 11
Stress -3.0942e-13 68.8005 6.83732e-13 68.8005 2.95866e-13 -1.69022e-12 6.83732e-13 -1.69022e-12 -4.0699e-15
Strain 0 0.000366667 0 0.000366667 0 0 0 0 0
Strain mean -2.70725e-20 0.000366667 3.41866e-18 0.000366667 1.38908e-31 -8.45108e-18 3.41866e-18 -8.45108e-18 -2.43149e-33
Plastic strain_mean 1.49968e-18 2.26642e-05 0 2.26642e-05 -1.49968e-18 0 0 0 0
Plastic strain_rate_mean 0 0 0 0 0 0 0 0 0
Dissipation 0.000282048
End step 11
Begin step 12
Stress -2.35764e-13 74.5301 1.08965e-12 74.5301 2.01995e-13 -1.42949e-12 1.08965e-12 -1.42949e-12 -1.01398e-14
Strain 0 0.0004 0 0.0004 0 0 0 0 0
Strain mean -6.74489e-20 0.0004 5.44825e-18 0.0004 -5.49275e-31 -7.14746e-18 5.44825e-18 -7.14746e-18 3.83907e-33
Plastic strain_mean 1.06067e-18 2.73493e-05 0 2.73493e-05 -1.06067e-18 0 0 0 0
Plastic strain_rate_mean 0 0 0 0 0 0 0 0 0
Dissipation 0.000349135
End step 12
Begin step 13
Stress -6.02513e-13 80.1202 2.49431e-12 80.1202 5.85832e-13 -5.50052e-12 2.49431e-12 -5.50052e-12 -5.00877e-15
Strain 0 0.000433333 0 0.000433333 0 0 0 0 0
Strain mean -3.33178e-20 0.000433333 1.24716e-17 0.000433333 -1.79111e-32 -2.75026e-17 1.24716e-17 -2.75026e-17 6.68584e-33
Plastic strain_mean 2.9542e-18 3.27324e-05 0 3.27324e-05 -2.9542e-18 0 0 0 0
Plastic strain_rate_mean 0 0 0 0 0 0 0 0 0
Dissipation 0.000431221
End step 13
Begin step 14
Stress -2.22695e-13 85.5343 -2.58103e-12 85.5343 2.43928e-13 4.67827e-12 -2.58103e-12 4.67827e-12 6.3756e-15
Strain 0 0.000466667 0 0.000466667 0 0 0 0 0
Strain mean 4.24097e-20 0.000466667 -1.29052e-17 0.000466667 -2.93704e-33 2.33913e-17 -1.29052e-17 2.33913e-17 9.21437e-33
Plastic strain_mean 1.18776e-18 3.89954e-05 0 3.89954e-05 -1.18776e-18 0 0 0 0
Plastic strain_rate_mean 0 0 0 0 0 0 0 0 0
Dissipation 0.000535595
End step 14
Begin step 15
Stress -1.43243e-13 90.7051 5.89271e-13 90.7051 1.64331e-13 3.89558e-13 5.89271e-13 3.89558e-13 6.33193e-15
Strain 0 0.0005 0 0.0005 0 0 0 0 0
Strain mean 4.21193e-20 0.0005 2.94636e-18 0.0005 4.19612e-32 1.94779e-18 2.94636e-18 1.94779e-18 2.09746e-33
Plastic strain_mean 7.89993e-19 4.64743e-05 0 4.64743e-05 -7.89993e-19 0 0 0 0
Plastic strain_rate_mean 0 0 0 0 0 0 0 0 0
Dissipation 0.00067821
End step 15
Begin step 16
Stress -9.81804e-13 95.4719 8.73842e-12 95.4719 1.02791e-12 -2.38245e-12 8.73842e-12 -2.38245e-12 1.38429e-14
Strain 0 0.000533333 0 0.000533333 0 0 0 0 0
Strain mean 9.20814e-20 0.000533333 4.36921e-17 0.000533333 1.19889e-32 -1.19123e-17 4.36921e-17 -1.19123e-17 -1.0713e-33
Plastic strain_mean 5.07032e-18 5.59737e-05 0 5.59737e-05 -5.07032e-18 0 0 0 0
Plastic strain_rate_mean 0 0 0 0 0 0 0 0 0
Dissipation 0.000906637
End step 16
Begin step 17
Stress -7.87019e-13 99.1241 3.84325e-13 99.1241 7.52464e-13 1.23657e-12 3.84325e-13 1.23657e-12 -1.03756e-14
Strain 0 0.000566667 0 0.000566667 0 0 0 0 0
Strain mean -6.90175e-20 0.000566667 1.92162e-18 0.000566667 -3.03936e-33 6.18283e-18 1.92162e-18 6.18283e-18 1.25035e-33
Plastic strain_mean 3.8142e-18 7.10461e-05 0 7.10461e-05 -3.8142e-18 0 0 0 0
Plastic strain_rate_mean 0 0 0 0 0 0 0 0 0
Dissipation 0.00149306
End step 17
Begin step 18
Stress -9.00845e-13 100.005 6.15529e-13 100.005 8.52125e-13 1.01769e-12 6.15529e-13 1.01769e-12 -1.46289e-14
Strain 0 0.0006 0 0.0006 0 0 0 0 0
Strain mean -9.731e-20 0.0006 3.07765e-18 0.0006 -1.37523e-33 5.08847e-18 3.07765e-18 5.08847e-18 -2.41042e-33
Plastic strain_mean 4.33377e-18 9.99732e-05 0 9.99732e-05 -4.33377e-18 0 0 0 0
Plastic strain_rate_mean 0 0 0 0 0 0 0 0 0
Dissipation 0.00289072
End step 18
Begin step 19
Stress 4.96605e-13 100.042 1.63646e-12 100.042 -4.70253e-13 4.74981e-13 1.63646e-12 4.74981e-13 7.91273e-15
Strain 0 0.000633333 0 0.000633333 0 0 0 0 0
Strain mean 5.26346e-20 0.000633333 8.18231e-18 0.000633333 -2.88889e-34 2.37491e-18 8.18231e-18 2.37491e-18 3.91205e-34
Plastic strain_mean -2.39083e-18 0.000133123 0 0.000133123 2.39083e-18 0 0 0 0
Plastic strain_rate_mean 0 0 0 0 0 0 0 0 0
Dissipation 0.00331383
End step 19
Begin step 20
Stress 2.53447e-12 100.061 -1.3335e-12 100.061 -2.51421e-12 -4.36617e-13 -1.3335e-12 -4.36617e-13 6.08302e-15
Strain 0 0.000666667 0 0.000666667 0 0 0 0 0
Strain mean 4.04635e-20 0.000666667 -6.6675e-18 0.000666667 3.65927e-32 -2.18309e-18 -6.6675e-18 -2.18309e-18 8.65164e-34
Plastic strain_mean -1.26014e-17 0.000166363 0 0.000166363 1.26014e-17 0 0 0 0
Plastic strain_rate_mean 0 0 0 0 0 0 0 0 0
Dissipation 0.00332316
End step 20
Begin step 21
Stress -2.75406e-12 100.077 9.8007e-13 100.077 2.64768e-12 4.56178e-13 9.8007e-13 4.56178e-13 -3.19435e-14
Strain 0 0.0007 0 0.0007 0 0 0 0 0
Strain mean -2.12484e-19 0.0007 4.90035e-18 0.0007 -1.00148e-32 2.28089e-18 4.90035e-18 2.28089e-18 4.222e-33
Plastic strain_mean 1.33981e-17 0.000199616 0 0.000199616 -1.33981e-17 0 0 0 0
Plastic strain_rate_mean 0 0 0 0 0 0 0 0 0
Dissipation 0.00332469
End step 21
Begin step 22
Stress -1.65395e-12 100.092 -4.71462e-12 100.092 1.65487e-12 -1.08786e-12 -4.71462e-12 -1.08786e-12 2.75111e-16
Strain 0 0.000733333 0 0.000733333 0 0 0 0 0
Strain mean 1.83001e-21 0.000733333 -2.35731e-17 0.000733333 -1.34093e-32 -5.43928e-18 -2.35731e-17 -5.43928e-18 1.33461e-33
Plastic strain_mean 8.27297e-18 0.000232871 0 0.000232871 -8.27297e-18 0 0 0 0
Plastic strain_rate_mean 0 0 0 0 0 0 0 0 0
Dissipation 0.00332532
End step 22
Begin step 23
Stress -3.5491e-14 100.108 2.08987e-12 100.108 6.79515e-14 8.33087e-13 2.08987e-12 8.33087e-13 9.7468e-15
Strain 0 0.000766667 0 0.000766667 0 0 0 0 0
Strain mean 6.48346e-20 0.000766667 1.04493e-17 0.000766667 -1.36982e-32 4.16544e-18 1.04493e-17 4.16544e-18 -2.82269e-33
Plastic strain_mean 2.91024e-19 0.000266126 0 0.000266126 -2.91024e-19 0 0 0 0
Plastic strain_rate_mean 0 0 0 0 0 0 0 0 0
Dissipation 0.00332561
End step 23
Begin step 24
Stress -1.39284e-12 100.124 -2.94983e-12 100.124 1.47652e-12 -2.65671e-13 -2.94983e-12 -2.65671e-13 2.51268e-14
Strain 0 0.0008 0 0.0008 0 0 0 0 0
Strain mean 1.67141e-19 0.0008 -1.47492e-17 0.0008 -2.15463e-33 -1.32835e-18 -1.47492e-17 -1.32835e-18 1.06453e-33
Plastic strain_mean 7.25698e-18 0.00029938 0 0.00029938 -7.25698e-18 0 0 0 0
Plastic strain_rate_mean 0 0 0 0 0 0 0 0 0
Dissipation 0.00332584
End step 24
Begin step 25
Stress -1.04156e-12 100.14 -2.22063e-12 100.14 1.04578e-12 2.76921e-14 -2.22063e-12 2.76921e-14 1.26639e-15
Strain 0 0.000833333 0 0.000833333 0 0 0 0 0
Strain mean 8.42385e-21 0.000833333 -1.11032e-17 0.000833333 4.55001e-33 1.38461e-19 -1.11032e-17 1.38461e-19 5.25117e-34
Plastic strain_mean 5.22255e-18 0.000332631 0 0.000332631 -5.22255e-18 0 0 0 0
Plastic strain_rate_mean 0 0 0 0 0 0 0 0 0
Dissipation 0.0033261
End step 25
Begin step 26
Stress -9.54294e-14 100.157 -6.04677e-12 100.157 1.95981e-13 1.94073e-12 -6.04677e-12 1.94073e-12 3.01924e-14
Strain 0 0.000866667 0 0.000866667 0 0 0 0 0
Strain mean 2.00836e-19 0.000866667 -3.02338e-17 0.000866667 1.38426e-34 9.70363e-18 -3.02338e-17 9.70363e-18 -3.98953e-33
Plastic strain_mean 8.28945e-19 0.000365882 0 0.000365882 -8.28945e-19 0 0 0 0
Plastic strain_rate_mean 0 0 0 0 0 0 0 0 0
Dissipation 0.00332639
End step 26
Begin step 27
Stress -1.15123e-13 100.174 -4.17081e-12 100.174 7.93462e-14 1.13044e-12 -4.17081e-12 1.13044e-12 -1.07424e-14
Strain 0 0.0009 0 0.0009 0 0 0 0 0
Strain mean -7.14575e-20 0.0009 -2.0854e-17 0.0009 2.7373e-33 5.65222e-18 -2.0854e-17 5.65222e-18 -4.21673e-33
Plastic strain_mean 4.50443e-19 0.000399131 0 0.000399131 -4.50443e-19 0 0 0 0
Plastic strain_rate_mean 0 0 0 0 0 0 0 0 0
Dissipation 0.00332671
End step 27
Begin step 28
Stress 1.85675e-14 100.191 -2.76454e-12 100.191 -8.5386e-16 2.11143e-14 -2.76454e-12 2.11143e-14 5.31882e-15
Strain 0 0.000933333 0 0.000933333 0 0 0 0 0
Strain mean 3.53802e-20 0.000933333 -1.38227e-17 0.000933333 -4.81482e-35 1.05572e-19 -1.38227e-17 1.05572e-19 -3.88797e-33
Plastic strain_mean -3.08634e-20 0.000432378 0 0.000432378 3.08634e-20 0 0 0 0
Plastic strain_rate_mean 0 0 0 0 0 0 0 0 0
Dissipation 0.00332707
End step 28
Begin step 29
Stress 1.27351e-13 100.208 -1.49483e-12 100.208 -1.88141e-13 -1.66699e-12 -1.49483e-12 -1.66699e-12 -1.82534e-14
Strain 0 0.000966667 0 0.000966667 0 0 0 0 0
Strain mean -1.2142e-19 0.000966667 -7.47417e-18 0.000966667 9.11807e-34 -8.33494e-18 -7.47417e-18 -8.33494e-18 -2.70307e-33
Plastic strain_mean -8.4944e-19 0.000465625 0 0.000465625 8.4944e-19 0 0 0 0
Plastic strain_rate_mean 0 0 0 0 0 0 0 0 0
Dissipation 0.00332744
End step 29
Begin step 30
Stress -7.14832e-13 100.226 -6.20244e-12 100.226 7.75681e-13 2.04624e-12 -6.20244e-12 2.04624e-12 1.82709e-14
Strain 0 0.001 0 0.001 0 0 0 0 0
Strain mean 1.21536e-19 0.001 -3.10122e-17 0.001 4.02038e-33 1.02312e-17 -3.10122e-17 1.02312e-17 5.59723e-34
Plastic strain_mean 3.78705e-18 0.000498871 0 0.000498871 -3.78705e-18 0 0 0 0
Plastic strain_rate_mean 0 0 0 0 0 0 0 0 0
Dissipation 0.00332784
End step 30
