Begin step 0
Stress 0 0 0 0 0 0 0 0 0
Strain 0 0 0 0 0 0 0 0 0
Strain mean 0 0 0 0 0 0 0 0 0
Plastic strain_mean 0 0 0 0 0 0 0 0 0
Plastic strain_rate_mean 0 0 0 0 0 0 0 0 0
Dissipation 0
End step 0
Begin step 1
Stress 2.39028e-13 65.1566 -3.22493e-12 65.1566 -2.69496e-13 -8.743e-13 -3.22493e-12 -8.743e-13 -9.14855e-15
Strain 0 0.000333333 0 0.000333333 0 0 0 0 0
Strain mean -6.08551e-20 0.000333333 -1.61246e-17 0.000333333 -1.40593e-32 -4.3715e-18 -1.61246e-17 -4.3715e-18 -2.51575e-33
Plastic strain_mean -1.30174e-18 7.55012e-06 0 7.55012e-06 1.30174e-18 0 0 0 0
Plastic strain_rate_mean 0 0 0 0 0 0 0 0 0
Dissipation 0.000491918
End step 1
Begin step 2
Stress -1.04585e-12 100.089 2.87004e-13 100.089 1.08552e-12 -1.59623e-12 2.87004e-13 -1.59623e-12 1.19128e-14
Strain 0 0.000666667 0 0.000666667 0 0 0 0 0
Strain mean 7.92423e-20 0.000666667 1.43502e-18 0.000666667 -1.64908e-33 -7.98114e-18 1.43502e-18 -7.98114e-18 1.43166e-33
Plastic strain_mean 5.36805e-18 0.000166223 0 0.000166223 -5.36805e-18 0 0 0 0
Plastic strain_rate_mean 0 0 0 0 0 0 0 0 0
Dissipation 0.0158767
End step 2
Begin step 3
Stress -1.01442e-13 100.299 2.58371e-12 100.299 1.70726e-13 -1.76597e-12 2.58371e-12 -1.76597e-12 2.08037e-14
Strain 0 0.001 0 0.001 0 0 0 0 0
Strain mean 1.38384e-19 0.001 1.29185e-17 0.001 -1.92593e-34 -8.82984e-18 1.29185e-17 -8.82984e-18 -4.68467e-33
Plastic strain_mean 7.49613e-19 0.000498504 0 0.000498504 -7.49613e-19 0 0 0 0
Plastic strain_rate_mean 0 0 0 0 0 0 0 0 0
Dissipation 0.0333129
End step 3
Begin step 4
Stress -1.72511e-12 100.507 -2.12018e-12 100.507 1.50461e-12 1.69357e-12 -2.12018e-12 1.69357e-12 -6.62101e-14
Strain 0 0.00133333 0 0.00133333 0 0 0 0 0
Strain mean -4.40422e-19 0.00133333 -1.06009e-17 0.00133333 -1.06167e-32 8.46785e-18 -1.06009e-17 8.46785e-18 -2.67825e-34
Plastic strain_mean 7.85409e-18 0.000830796 0 0.000830796 -7.85409e-18 0 0 0 0
Plastic strain_rate_mean 0 0 0 0 0 0 0 0 0
Dissipation 0.0333733
End step 4
Begin step 5
Stress 1.02459e-12 100.715 4.67694e-12 100.715 -1.29134e-12 -4.49883e-12 4.67694e-12 -4.49883e-12 -8.00967e-14
Strain 0 0.00166667 0 0.00166667 0 0 0 0 0
Strain mean -5.32794e-19 0.00166667 2.33847e-17 0.00166667 9.43706e-33 -2.24942e-17 2.33847e-17 -2.24942e-17 3.02281e-33
Plastic strain_mean -6.05623e-18 0.00116309 0 0.00116309 6.05623e-18 0 0 0 0
Plastic strain_rate_mean 0 0 0 0 0 0 0 0 0
Dissipation 0.0334328
End step 5
Begin step 6
Stress -7.27203e-13 100.921 2.43942e-12 100.921 8.44364e-13 9.94972e-14 2.43942e-12 9.94972e-14 3.51793e-14
Strain 0 0.002 0 0.002 0 0 0 0 0
Strain mean 2.34009e-19 0.002 1.21971e-17 0.002 -1.28556e-32 4.97486e-19 1.21971e-17 4.97486e-19 -3.2801e-34
Plastic strain_mean 4.04592e-18 0.00149539 0 0.00149539 -4.04592e-18 0 0 0 0
Plastic strain_rate_mean 0 0 0 0 0 0 0 0 0
Dissipation 0.0334918
End step 6
Begin step 7
Stress -8.43359e-13 101.127 -4.03345e-13 101.127 1.05794e-12 -2.80896e-12 -4.03345e-13 -2.80896e-12 6.44328e-14
Strain 0 0.00233333 0 0.00233333 0 0 0 0 0
Strain mean 4.286e-19 0.00233333 -2.01673e-18 0.00233333 5.7176e-34 -1.40448e-17 -2.01673e-18 -1.40448e-17 -2.21181e-33
Plastic strain_mean 4.96756e-18 0.0018277 0 0.0018277 -4.96756e-18 0 0 0 0
Plastic strain_rate_mean 0 0 0 0 0 0 0 0 0
Dissipation 0.0335507
End step 7
Begin step 8
Stress -1.84936e-12 101.334 -2.61915e-12 101.334 1.93354e-12 2.44505e-12 -2.61915e-12 2.44505e-12 2.52753e-14
Strain 0 0.00266667 0 0.00266667 0 0 0 0 0
Strain mean 1.68128e-19 0.00266667 -1.30957e-17 0.00266667 1.69121e-33 1.22252e-17 -1.30957e-17 1.22252e-17 -1.28797e-33
Plastic strain_mean 9.5413e-18 0.00216 0 0.00216 -9.5413e-18 0 0 0 0
Plastic strain_rate_mean 0 0 0 0 0 0 0 0 0
Dissipation 0.0336095
End step 8
Begin step 9
Stress 2.78264e-13 101.54 8.51428e-13 101.54 -6.60461e-13 -1.27324e-12 8.51428e-13 -1.27324e-12 -1.14761e-13
Strain 0 0.003 0 0.003 0 0 0 0 0
Strain mean -7.63375e-19 0.003 4.25714e-18 0.003 -6.71668e-33 -6.36622e-18 4.25714e-18 -6.36622e-18 -3.10236e-34
Plastic strain_mean -2.7285e-18 0.0024923 0 0.0024923 2.7285e-18 0 0 0 0
Plastic strain_rate_mean 0 0 0 0 0 0 0 0 0
Dissipation 0.0336683
End step 9
Begin step 10
Stress 3.81119e-13 101.746 4.63038e-12 101.746 -3.07239e-13 -4.94756e-12 4.63038e-12 -4.94756e-12 2.21836e-14
Strain 0 0.00333333 0 0.00333333 0 0 0 0 0
Strain mean 1.47563e-19 0.00333333 2.31519e-17 0.00333333 4.00232e-34 -2.47378e-17 2.31519e-17 -2.47378e-17 4.13624e-33
Plastic strain_mean -1.64711e-18 0.0028246 0 0.0028246 1.64711e-18 0 0 0 0
Plastic strain_rate_mean 0 0 0 0 0 0 0 0 0
Dissipation 0.0337271
End step 10
Begin step 11
Stress -1.61835e-12 101.952 3.45224e-12 101.952 1.36632e-12 -2.59649e-12 3.45224e-12 -2.59649e-12 -7.56775e-14
Strain 0 0.00366667 0 0.00366667 0 0 0 0 0
Strain mean -5.03398e-19 0.00366667 1.72612e-17 0.00366667 -1.50463e-33 -1.29825e-17 1.72612e-17 -1.29825e-17 3.59005e-33
Plastic strain_mean 7.20998e-18 0.0031569 0 0.0031569 -7.20998e-18 0 0 0 0
Plastic strain_rate_mean 0 0 0 0 0 0 0 0 0
Dissipation 0.0337858
End step 11
Begin step 12
Stress 7.32279e-13 102.159 -3.49954e-12 102.159 -9.70759e-13 3.98964e-13 -3.49954e-12 3.98964e-13 -7.16076e-14
Strain 0 0.004 0 0.004 0 0 0 0 0
Strain mean -4.76325e-19 0.004 -1.74977e-17 0.004 2.87204e-32 1.99482e-18 -1.74977e-17 1.99482e-18 5.10898e-33
Plastic strain_mean -4.49576e-18 0.00348921 0 0.00348921 4.49576e-18 0 0 0 0
Plastic strain_rate_mean 0 0 0 0 0 0 0 0 0
Dissipation 0.0338446
End step 12
Begin step 13
Stress 3.52775e-12 102.365 -1.03866e-11 102.365 -3.16629e-12 3.39442e-12 -1.03866e-11 3.39442e-12 1.08534e-13
Strain 0 0.00433333 0 0.00433333 0 0 0 0 0
Strain mean 7.21953e-19 0.00433333 -5.19331e-17 0.00433333 1.09826e-31 1.69721e-17 -5.19331e-17 1.69721e-17 4.52894e-33
Plastic strain_mean -1.63741e-17 0.00382151 0 0.00382151 1.63741e-17 0 0 0 0
Plastic strain_rate_mean 0 0 0 0 0 0 0 0 0
Dissipation 0.0339034
End step 13
Begin step 14
Stress 5.75906e-12 102.571 -1.66845e-11 102.571 -5.60484e-12 6.38988e-12 -1.66845e-11 6.38988e-12 4.63061e-14
Strain 0 0.00466667 0 0.00466667 0 0 0 0 0
Strain mean 3.08023e-19 0.00466667 -8.34225e-17 0.00466667 -1.12859e-31 3.19494e-17 -8.34225e-17 3.19494e-17 7.19214e-33
Plastic strain_mean -2.82558e-17 0.00415381 0 0.00415381 2.82558e-17 0 0 0 0
Plastic strain_rate_mean 0 0 0 0 0 0 0 0 0
Dissipation 0.0339621
End step 14
Begin step 15
Stress 1.3152e-12 102.777 7.43666e-12 102.777 -1.39803e-12 1.3571e-12 7.43666e-12 1.3571e-12 -2.48736e-14
Strain 0 0.005 0 0.005 0 0 0 0 0
Strain mean -1.65456e-19 0.005 3.71833e-17 0.005 -1.20371e-34 6.78551e-18 3.71833e-17 6.78551e-18 5.43172e-34
Plastic strain_mean -6.8658e-18 0.00448611 0 0.00448611 6.8658e-18 0 0 0 0
Plastic strain_rate_mean 0 0 0 0 0 0 0 0 0
Dissipation 0.0340209
End step 15
Begin step 16
Stress -2.18932e-12 102.983 3.16895e-11 102.983 3.16285e-12 -3.67568e-12 3.16895e-11 -3.67568e-12 2.92317e-13
Strain 0 0.00533333 0 0.00533333 0 0 0 0 0
Strain mean 1.94446e-18 0.00533333 1.58447e-16 0.00533333 8.08891e-33 -1.83784e-17 1.58447e-16 -1.83784e-17 -3.83982e-33
Plastic strain_mean 1.43527e-17 0.00481842 0 0.00481842 -1.43527e-17 0 0 0 0
Plastic strain_rate_mean 0 0 0 0 0 0 0 0 0
Dissipation 0.0340797
End step 16
Begin step 17
Stress -6.6902e-12 103.19 5.60815e-11 103.19 7.31794e-12 -8.70846e-12 5.60815e-11 -8.70846e-12 1.88491e-13
Strain 0 0.00566667 0 0.00566667 0 0 0 0 0
Strain mean 1.25382e-18 0.00566667 2.80407e-16 0.00566667 1.81904e-31 -4.35423e-17 2.80407e-16 -4.35423e-17 -1.1363e-32
Plastic strain_mean 3.56473e-17 0.00515072 0 0.00515072 -3.56473e-17 0 0 0 0
Plastic strain_rate_mean 0 0 0 0 0 0 0 0 0
Dissipation 0.0341384
End step 17
Begin step 18
Stress -1.15246e-11 103.396 8.05043e-11 103.396 1.13314e-11 -1.37412e-11 8.05043e-11 -1.37412e-11 -5.79917e-14
Strain 0 0.006 0 0.006 0 0 0 0 0
Strain mean -3.85754e-19 0.006 4.02521e-16 0.006 1.95867e-31 -6.87062e-17 4.02521e-16 -6.87062e-17 -1.34815e-32
Plastic strain_mean 5.69471e-17 0.00548302 0 0.00548302 -5.69471e-17 0 0 0 0
Plastic strain_rate_mean 0 0 0 0 0 0 0 0 0
Dissipation 0.0341972
End step 18
Begin step 19
Stress 1.13444e-12 103.602 -1.00968e-12 103.602 -9.19195e-13 1.64331e-12 -1.00968e-12 1.64331e-12 6.46293e-14
Strain 0 0.00633333 0 0.00633333 0 0 0 0 0
Strain mean 4.29907e-19 0.00633333 -5.04839e-18 0.00633333 -1.93797e-33 8.21653e-18 -5.04839e-18 8.21653e-18 -1.58287e-33
Plastic strain_mean -4.91912e-18 0.00581532 0 0.00581532 4.91912e-18 0 0 0 0
Plastic strain_rate_mean 0 0 0 0 0 0 0 0 0
Dissipation 0.034256
End step 19
Begin step 20
Stress 1.33451e-11 103.808 -8.2144e-11 103.808 -1.32663e-11 1.70278e-11 -8.2144e-11 1.70278e-11 2.36508e-14
Strain 0 0.00666667 0 0.00666667 0 0 0 0 0
Strain mean 1.57323e-19 0.00666667 -4.1072e-16 0.00666667 -6.38061e-31 8.51392e-17 -4.1072e-16 8.51392e-17 1.71408e-32
Plastic strain_mean -6.64499e-17 0.00614763 0 0.00614763 6.64499e-17 0 0 0 0
Plastic strain_rate_mean 0 0 0 0 0 0 0 0 0
Dissipation 0.0343147
End step 20
Begin step 21
Stress 2.54113e-11 104.014 -1.63934e-10 104.014 -2.57019e-11 3.24124e-11 -1.63934e-10 3.24124e-11 -8.72409e-14
Strain 0 0.007 0 0.007 0 0 0 0 0
Strain mean -5.80316e-19 0.007 -8.1967e-16 0.007 -5.59675e-31 1.62062e-16 -8.1967e-16 1.62062e-16 4.02038e-32
Plastic strain_mean -1.28073e-16 0.00647993 0 0.00647993 1.28073e-16 0 0 0 0
Plastic strain_rate_mean 0 0 0 0 0 0 0 0 0
Dissipation 0.0343735
End step 21
Begin step 22
Stress -1.08491e-13 104.221 3.67246e-12 104.221 2.78123e-13 -6.63712e-13 3.67246e-12 -6.63712e-13 5.09349e-14
Strain 0 0.00733333 0 0.00733333 0 0 0 0 0
Strain mean 3.38813e-19 0.00733333 1.83623e-17 0.00733333 3.92408e-33 -3.31856e-18 1.83623e-17 -3.31856e-18 7.38775e-34
Plastic strain_mean 1.13594e-18 0.00681223 0 0.00681223 -1.13594e-18 0 0 0 0
Plastic strain_rate_mean 0 0 0 0 0 0 0 0 0
Dissipation 0.0344323
End step 22
Begin step 23
Stress -2.64685e-11 104.427 1.70842e-10 104.427 2.58855e-11 -3.37398e-11 1.70842e-10 -3.37398e-11 -1.75032e-13
Strain 0 0.00766667 0 0.00766667 0 0 0 0 0
Strain mean -1.16429e-18 0.00766667 8.54212e-16 0.00766667 1.02074e-31 -1.68699e-16 8.54212e-16 -1.68699e-16 -1.71408e-32
Plastic strain_mean 1.30303e-16 0.00714453 0 0.00714453 -1.30303e-16 0 0 0 0
Plastic strain_rate_mean 0 0 0 0 0 0 0 0 0
Dissipation 0.034491
End step 23
Begin step 24
Stress -5.21808e-11 104.633 3.38105e-10 104.633 5.18128e-11 -6.68159e-11 3.38105e-10 -6.68159e-11 -1.10473e-13
Strain 0 0.008 0 0.008 0 0 0 0 0
Strain mean -7.3485e-19 0.008 1.69053e-15 0.008 5.87023e-31 -3.3408e-16 1.69053e-15 -3.3408e-16 -4.64149e-32
Plastic strain_mean 2.59617e-16 0.00747684 0 0.00747684 -2.59617e-16 0 0 0 0
Plastic strain_rate_mean 0 0 0 0 0 0 0 0 0
Dissipation 0.0345498
End step 24
Begin step 25
Stress 5.75365e-13 104.839 -1.11265e-12 104.839 -7.48662e-13 1.03769e-12 -1.11265e-12 1.03769e-12 -5.20354e-14
Strain 0 0.00833333 0 0.00833333 0 0 0 0 0
Strain mean -3.46133e-19 0.00833333 -5.56323e-18 0.00833333 8.66668e-34 5.18843e-18 -5.56323e-18 5.18843e-18 -9.29863e-34
Plastic strain_mean -3.48313e-18 0.00780914 0 0.00780914 3.48313e-18 0 0 0 0
Plastic strain_rate_mean 0 0 0 0 0 0 0 0 0
Dissipation 0.0346086
End step 25
Begin step 26
Stress 5.31675e-11 105.045 -3.40673e-10 105.045 -5.32623e-11 6.88913e-11 -3.40673e-10 6.88913e-11 -2.84718e-14
Strain 0 0.00866667 0 0.00866667 0 0 0 0 0
Strain mean -1.89391e-19 0.00866667 -1.70337e-15 0.00866667 2.61926e-32 3.44456e-16 -1.70337e-15 3.44456e-16 4.02519e-32
Plastic strain_mean -2.66169e-16 0.00814144 0 0.00814144 2.66169e-16 0 0 0 0
Plastic strain_rate_mean 0 0 0 0 0 0 0 0 0
Dissipation 0.0346673
End step 26
Begin step 27
Stress 1.06295e-10 105.252 -6.80577e-10 105.252 -1.05636e-10 1.36745e-10 -6.80577e-10 1.36745e-10 1.97958e-13
Strain 0 0.009 0 0.009 0 0 0 0 0
Strain mean 1.31679e-18 0.009 -3.40288e-15 0.009 -1.98294e-30 6.83724e-16 -3.40288e-15 6.83724e-16 1.08237e-31
Plastic strain_mean -5.2917e-16 0.00847374 0 0.00847374 5.2917e-16 0 0 0 0
Plastic strain_rate_mean 0 0 0 0 0 0 0 0 0
Dissipation 0.0347261
End step 27
Begin step 28
Stress 1.59127e-10 105.458 -1.02068e-09 105.458 -1.58154e-10 2.04598e-10 -1.02068e-09 2.04598e-10 2.92107e-13
Strain 0 0.00933333 0 0.00933333 0 0 0 0 0
Strain mean 1.94306e-18 0.00933333 -5.10339e-15 0.00933333 -1.14939e-30 1.02299e-15 -5.10339e-15 1.02299e-15 5.93186e-32
Plastic strain_mean -7.9223e-16 0.00880604 0 0.00880604 7.9223e-16 0 0 0 0
Plastic strain_rate_mean 0 0 0 0 0 0 0 0 0
Dissipation 0.0347849
End step 28
Begin step 29
Stress 2.96337e-14 105.664 3.81522e-13 105.664 1.97896e-12 -1.52222e-12 3.81522e-13 -1.52222e-12 6.03114e-13
Strain 0 0.00966667 0 0.00966667 0 0 0 0 0
Strain mean 4.01185e-18 0.00966667 1.90761e-18 0.00966667 -4.81482e-35 -7.6111e-18 1.90761e-18 -7.6111e-18 1.31354e-33
Plastic strain_mean 6.87925e-18 0.00913835 0 0.00913835 -6.87925e-18 0 0 0 0
Plastic strain_rate_mean 0 0 0 0 0 0 0 0 0
Dissipation 0.0348436
End step 29
Begin step 30
Stress -1.60899e-10 105.87 1.02147e-09 105.87 1.61345e-10 -2.07643e-10 1.02147e-09 -2.07643e-10 1.33765e-13
Strain 0 0.01 0 0.01 0 0 0 0 0
Strain mean 8.89791e-19 0.01 5.10734e-15 0.01 -4.13382e-30 -1.03821e-15 5.10734e-15 -1.03821e-15 -2.55378e-31
Plastic strain_mean 8.06055e-16 0.00947065 0 0.00947065 -8.06055e-16 0 0 0 0
Plastic strain_rate_mean 0 0 0 0 0 0 0 0 0
Dissipation 0.0349024
End step 30
