Begin step 0
Stress 0 0 0 0 0 0 0 0 0
Strain 0 0 0 0 0 0 0 0 0
Strain mean 0 0 0 0 0 0 0 0 0
Plastic strain_mean 0 0 0 0 0 0 0 0 0
Plastic strain_rate_mean 0 0 0 0 0 0 0 0 0
Dissipation 0
End step 0
Begin step 1
Stress -7.09706e-14 49.288 2.82712e-13 49.288 5.60638e-14 -6.7605e-13 2.82712e-13 -6.7605e-13 -4.47602e-15
Strain 0 0.000333333 0 0.000333333 0 0 0 0 0
Strain mean -2.9774e-20 0.000333333 1.41356e-18 0.000333333 -1.6563e-32 -3.38025e-18 1.41356e-18 -3.38025e-18 1.60394e-33
Plastic strain_mean 3.02699e-19 8.68935e-05 0 8.68935e-05 -3.02699e-19 0 0 0 0
Plastic strain_rate_mean 0 0 0 0 0 0 0 0 0
Dissipation 0.00428002
End step 1
Begin step 2
Stress -1.35453e-12 80.1926 -8.0475e-12 80.1926 1.46023e-12 -1.16964e-12 -8.0475e-12 -1.16964e-12 3.17382e-14
Strain 0 0.000666667 0 0.000666667 0 0 0 0 0
Strain mean 2.11119e-19 0.000666667 -4.02375e-17 0.000666667 1.14352e-34 -5.84821e-18 -4.02375e-17 -5.84821e-18 4.18438e-33
Plastic strain_mean 7.14247e-18 0.000265704 0 0.000265704 -7.14247e-18 0 0 0 0
Plastic strain_rate_mean 0 0 0 0 0 0 0 0 0
Dissipation 0.0143201
End step 2
Begin step 3
Stress -8.52683e-14 93.0227 -9.42687e-13 93.0227 2.3285e-14 1.67948e-12 -9.42687e-13 1.67948e-12 -1.86115e-14
Strain 0 0.001 0 0.001 0 0 0 0 0
Strain mean -1.23802e-19 0.001 -4.71344e-18 0.001 -3.94214e-33 8.39742e-18 -4.71344e-18 8.39742e-18 7.36142e-34
Plastic strain_mean 2.09482e-19 0.000534886 0 0.000534886 -2.09482e-19 0 0 0 0
Plastic strain_rate_mean 0 0 0 0 0 0 0 0 0
Dissipation 0.0249781
End step 3
Begin step 4
Stress 7.16578e-13 96.3261 -3.03105e-12 96.3261 -5.94473e-13 6.21861e-12 -3.03105e-12 6.21861e-12 3.66641e-14
Strain 0 0.00133333 0 0.00133333 0 0 0 0 0
Strain mean 2.43885e-19 0.00133333 -1.51553e-17 0.00133333 -3.37038e-34 3.1093e-17 -1.51553e-17 3.1093e-17 2.67825e-33
Plastic strain_mean -3.15568e-18 0.000851703 0 0.000851703 3.15568e-18 0 0 0 0
Plastic strain_rate_mean 0 0 0 0 0 0 0 0 0
Dissipation 0.0304086
End step 4
Begin step 5
Stress 1.66999e-12 97.1429 -4.18243e-12 97.1429 -1.57456e-12 3.8104e-12 -4.18243e-12 3.8104e-12 2.86553e-14
Strain 0 0.00166667 0 0.00166667 0 0 0 0 0
Strain mean 1.90611e-19 0.00166667 -2.09122e-17 0.00166667 -6.74075e-34 1.9052e-17 -2.09122e-17 1.9052e-17 -9.20835e-34
Plastic strain_mean -8.01605e-18 0.00118095 0 0.00118095 8.01605e-18 0 0 0 0
Plastic strain_rate_mean 0 0 0 0 0 0 0 0 0
Dissipation 0.0318424
End step 5
Begin step 6
Stress -1.0613e-12 97.4833 5.27173e-13 97.4833 9.61011e-13 -6.17581e-12 5.27173e-13 -6.17581e-12 -3.01138e-14
Strain 0 0.002 0 0.002 0 0 0 0 0
Strain mean -2.00313e-19 0.002 2.63586e-18 0.002 -2.35926e-33 -3.08791e-17 2.63586e-18 -3.08791e-17 -2.00417e-33
Plastic strain_mean 4.95563e-18 0.00151258 0 0.00151258 -4.95563e-18 0 0 0 0
Plastic strain_rate_mean 0 0 0 0 0 0 0 0 0
Dissipation 0.0321614
End step 6
Begin step 7
Stress -1.61167e-12 97.7325 5.23107e-12 97.7325 1.57752e-12 -4.13311e-12 5.23107e-12 -4.13311e-12 -1.02534e-14
Strain 0 0.00233333 0 0.00233333 0 0 0 0 0
Strain mean -6.82042e-20 0.00233333 2.61553e-17 0.00233333 -1.05926e-33 -2.06655e-17 2.61553e-17 -2.06655e-17 -2.00116e-33
Plastic strain_mean 7.93886e-18 0.00184467 0 0.00184467 -7.93886e-18 0 0 0 0
Plastic strain_rate_mean 0 0 0 0 0 0 0 0 0
Dissipation 0.0322665
End step 7
Begin step 8
Stress -1.39283e-12 97.9599 4.21863e-12 97.9599 1.27026e-12 -3.07582e-12 4.21863e-12 -3.07582e-12 -3.68038e-14
Strain 0 0.00266667 0 0.00266667 0 0 0 0 0
Strain mean -2.44815e-19 0.00266667 2.10931e-17 0.00266667 2.64815e-33 -1.53791e-17 2.10931e-17 -1.53791e-17 -1.6551e-33
Plastic strain_mean 6.53532e-18 0.00217687 0 0.00217687 -6.53532e-18 0 0 0 0
Plastic strain_rate_mean 0 0 0 0 0 0 0 0 0
Dissipation 0.0323326
End step 8
Begin step 9
Stress -9.56606e-13 98.1792 3.4266e-12 98.1792 1.11626e-12 -2.365e-12 3.4266e-12 -2.365e-12 4.79393e-14
Strain 0 0.003 0 0.003 0 0 0 0 0
Strain mean 3.18886e-19 0.003 1.7133e-17 0.003 2.64815e-34 -1.1825e-17 1.7133e-17 -1.1825e-17 -2.14711e-33
Plastic strain_mean 5.34161e-18 0.0025091 0 0.0025091 -5.34161e-18 0 0 0 0
Plastic strain_rate_mean 0 0 0 0 0 0 0 0 0
Dissipation 0.0323905
End step 9
Begin step 10
Stress -9.64669e-13 98.3937 2.74849e-12 98.3937 7.40557e-13 -1.83509e-12 2.74849e-12 -1.83509e-12 -6.72931e-14
Strain 0 0.00333333 0 0.00333333 0 0 0 0 0
Strain mean -4.47626e-19 0.00333333 1.37425e-17 0.00333333 -8.90743e-34 -9.17543e-18 1.37425e-17 -9.17543e-18 -1.57535e-33
Plastic strain_mean 4.03925e-18 0.00284136 0 0.00284136 -4.03925e-18 0 0 0 0
Plastic strain_rate_mean 0 0 0 0 0 0 0 0 0
Dissipation 0.0324462
End step 10
Begin step 11
Stress -2.75671e-13 98.605 2.15167e-12 98.605 6.23313e-13 -1.45697e-12 2.15167e-12 -1.45697e-12 1.04385e-13
Strain 0 0.00366667 0 0.00366667 0 0 0 0 0
Strain mean 6.94358e-19 0.00366667 1.07583e-17 0.00366667 -2.40741e-34 -7.28486e-18 1.07583e-17 -7.28486e-18 -2.02223e-33
Plastic strain_mean 2.59464e-18 0.00317364 0 0.00317364 -2.59464e-18 0 0 0 0
Plastic strain_rate_mean 0 0 0 0 0 0 0 0 0
Dissipation 0.032501
End step 11
Begin step 12
Stress -5.95905e-13 98.8137 1.76309e-12 98.8137 2.75023e-13 -1.15973e-12 1.76309e-12 -1.15973e-12 -9.63501e-14
Strain 0 0.004 0 0.004 0 0 0 0 0
Strain mean -6.4091e-19 0.004 8.81546e-18 0.004 1.05926e-33 -5.79867e-18 8.81546e-18 -5.79867e-18 -8.39585e-34
Plastic strain_mean 1.85687e-18 0.00350593 0 0.00350593 -1.85687e-18 0 0 0 0
Plastic strain_rate_mean 0 0 0 0 0 0 0 0 0
Dissipation 0.0325552
End step 12
Begin step 13
Stress -2.56724e-13 99.0203 1.59322e-12 99.0203 4.20074e-13 -9.41625e-13 1.59322e-12 -9.41625e-13 4.90484e-14
Strain 0 0.00433333 0 0.00433333 0 0 0 0 0
Strain mean 3.26265e-19 0.00433333 7.9661e-18 0.00433333 -5.53705e-34 -4.70813e-18 7.9661e-18 -4.70813e-18 -1.44144e-33
Plastic strain_mean 1.85513e-18 0.00383823 0 0.00383823 -1.85513e-18 0 0 0 0
Plastic strain_rate_mean 0 0 0 0 0 0 0 0 0
Dissipation 0.0326091
End step 13
Begin step 14
Stress -6.38523e-14 99.2252 1.21375e-12 99.2252 5.07189e-13 -7.4846e-13 1.21375e-12 -7.4846e-13 1.33119e-13
Strain 0 0.00466667 0 0.00466667 0 0 0 0 0
Strain mean 8.85492e-19 0.00466667 6.06877e-18 0.00466667 -1.17963e-33 -3.7423e-18 6.06877e-18 -3.7423e-18 -1.32107e-33
Plastic strain_mean 1.87035e-18 0.00417054 0 0.00417054 -1.87035e-18 0 0 0 0
Plastic strain_rate_mean 0 0 0 0 0 0 0 0 0
Dissipation 0.0326627
End step 14
Begin step 15
Stress -1.01821e-13 99.4286 1.22643e-12 99.4286 2.67963e-13 -5.89286e-13 1.22643e-12 -5.89286e-13 4.98869e-14
Strain 0 0.005 0 0.005 0 0 0 0 0
Strain mean 3.31842e-19 0.005 6.13215e-18 0.005 -1.20371e-35 -2.94643e-18 6.13215e-18 -2.94643e-18 -6.29689e-34
Plastic strain_mean 1.09038e-18 0.00450286 0 0.00450286 -1.09038e-18 0 0 0 0
Plastic strain_rate_mean 0 0 0 0 0 0 0 0 0
Dissipation 0.0327161
End step 15
Begin step 16
Stress -2.36253e-12 99.6309 -1.00313e-12 99.6309 2.12652e-12 -2.77358e-12 -1.00313e-12 -2.77358e-12 -7.08652e-14
Strain 0 0.00533333 0 0.00533333 0 0 0 0 0
Strain mean -4.71387e-19 0.00533333 -5.01567e-18 0.00533333 2.51575e-33 -1.38679e-17 -5.01567e-18 -1.38679e-17 -3.0371e-33
Plastic strain_mean 1.09869e-17 0.00483518 0 0.00483518 -1.09869e-17 0 0 0 0
Plastic strain_rate_mean 0 0 0 0 0 0 0 0 0
Dissipation 0.0327694
End step 16
Begin step 17
Stress -1.35489e-12 99.8321 -1.37914e-12 99.8321 2.14465e-12 -2.33421e-12 -1.37914e-12 -2.33421e-12 2.37137e-13
Strain 0 0.00566667 0 0.00566667 0 0 0 0 0
Strain mean 1.57741e-18 0.00566667 -6.89572e-18 0.00566667 -1.65359e-33 -1.1671e-17 -6.89572e-18 -1.1671e-17 -3.12851e-33
Plastic strain_mean 9.53755e-18 0.00516751 0 0.00516751 -9.53755e-18 0 0 0 0
Plastic strain_rate_mean 0 0 0 0 0 0 0 0 0
Dissipation 0.0328226
End step 17
Begin step 18
Stress -1.12937e-12 100.032 -7.60203e-13 100.032 1.74251e-12 -1.93312e-12 -7.60203e-13 -1.93312e-12 1.84106e-13
Strain 0 0.006 0 0.006 0 0 0 0 0
Strain mean 1.22465e-18 0.006 -3.80102e-18 0.006 -2.71266e-33 -9.66559e-18 -3.80102e-18 -9.66559e-18 -1.80217e-33
Plastic strain_mean 7.79201e-18 0.00549984 0 0.00549984 -7.79201e-18 0 0 0 0
Plastic strain_rate_mean 0 0 0 0 0 0 0 0 0
Dissipation 0.0328758
End step 18
Begin step 19
Stress -7.82394e-13 100.232 -7.87567e-13 100.232 1.27425e-12 -1.61414e-12 -7.87567e-13 -1.61414e-12 1.47687e-13
Strain 0 0.00633333 0 0.00633333 0 0 0 0 0
Strain mean 9.82396e-19 0.00633333 -3.93784e-18 0.00633333 8.27548e-35 -8.07071e-18 -3.93784e-18 -8.07071e-18 -1.21556e-33
Plastic strain_mean 5.6328e-18 0.00583217 0 0.00583217 -5.6328e-18 0 0 0 0
Plastic strain_rate_mean 0 0 0 0 0 0 0 0 0
Dissipation 0.0329289
End step 19
Begin step 20
Stress -4.98808e-13 100.431 -7.03453e-13 100.431 1.04936e-12 -1.35767e-12 -7.03453e-13 -1.35767e-12 1.65311e-13
Strain 0 0.00666667 0 0.00666667 0 0 0 0 0
Strain mean 1.09963e-18 0.00666667 -3.51727e-18 0.00666667 -1.65227e-33 -6.78836e-18 -3.51727e-18 -6.78836e-18 -1.59388e-33
Plastic strain_mean 4.42023e-18 0.00616451 0 0.00616451 -4.42023e-18 0 0 0 0
Plastic strain_rate_mean 0 0 0 0 0 0 0 0 0
Dissipation 0.0329821
End step 20
Begin step 21
Stress -1.00792e-12 100.629 -8.36192e-13 100.629 6.24149e-13 -1.16955e-12 -8.36192e-13 -1.16955e-12 -1.15232e-13
Strain 0 0.007 0 0.007 0 0 0 0 0
Strain mean -7.66513e-19 0.007 -4.18096e-18 0.007 1.71829e-33 -5.84776e-18 -4.18096e-18 -5.84776e-18 -9.23092e-34
Plastic strain_mean 3.69691e-18 0.00649685 0 0.00649685 -3.69691e-18 0 0 0 0
Plastic strain_rate_mean 0 0 0 0 0 0 0 0 0
Dissipation 0.0330352
End step 21
Begin step 22
Stress 3.34652e-14 100.827 -1.53019e-13 100.827 -9.77497e-13 8.08803e-13 -1.53019e-13 8.08803e-13 -2.83461e-13
Strain 0 0.00733333 0 0.00733333 0 0 0 0 0
Strain mean -1.88555e-18 0.00733333 -7.65096e-19 0.00733333 3.0189e-32 4.04401e-18 -7.65096e-19 4.04401e-18 -1.15556e-33
Plastic strain_mean -3.47018e-18 0.0068292 0 0.0068292 3.47018e-18 0 0 0 0
Plastic strain_rate_mean 0 0 0 0 0 0 0 0 0
Dissipation 0.0330883
End step 22
Begin step 23
Stress -6.4167e-14 101.024 -5.58761e-13 101.024 2.18849e-13 -8.57726e-13 -5.58761e-13 -8.57726e-13 4.64458e-14
Strain 0 0.00766667 0 0.00766667 0 0 0 0 0
Strain mean 3.08952e-19 0.00766667 -2.79381e-18 0.00766667 2.06436e-33 -4.28863e-18 -2.79381e-18 -4.28863e-18 -1.37298e-34
Plastic strain_mean 8.62016e-19 0.00716155 0 0.00716155 -8.62016e-19 0 0 0 0
Plastic strain_rate_mean 0 0 0 0 0 0 0 0 0
Dissipation 0.0331414
End step 23
Begin step 24
Stress -3.58697e-13 101.221 -6.14921e-13 101.221 3.73589e-13 -7.7135e-13 -6.14921e-13 -7.7135e-13 4.47165e-15
Strain 0 0.008 0 0.008 0 0 0 0 0
Strain mean 2.97449e-20 0.008 -3.0746e-18 0.008 5.73265e-34 -3.85675e-18 -3.0746e-18 -3.85675e-18 -7.42912e-34
Plastic strain_mean 1.84559e-18 0.00749389 0 0.00749389 -1.84559e-18 0 0 0 0
Plastic strain_rate_mean 0 0 0 0 0 0 0 0 0
Dissipation 0.0331946
End step 24
Begin step 25
Stress 5.32995e-14 101.418 -4.24773e-13 101.418 2.46291e-13 -6.8862e-13 -4.24773e-13 -6.8862e-13 8.99571e-14
Strain 0 0.00833333 0 0.00833333 0 0 0 0 0
Strain mean 5.98384e-19 0.00833333 -2.12387e-18 0.00833333 1.20183e-34 -3.4431e-18 -2.12387e-18 -3.4431e-18 -2.81366e-34
Plastic strain_mean 7.81672e-19 0.00782624 0 0.00782624 -7.81672e-19 0 0 0 0
Plastic strain_rate_mean 0 0 0 0 0 0 0 0 0
Dissipation 0.0332478
End step 25
Begin step 26
Stress -4.04541e-13 101.614 -2.96971e-13 101.614 1.85627e-14 -6.16415e-13 -2.96971e-13 -6.16415e-13 -1.15896e-13
Strain 0 0.00866667 0 0.00866667 0 0 0 0 0
Strain mean -7.70928e-19 0.00866667 -1.48486e-18 0.00866667 1.79653e-33 -3.08207e-18 -1.48486e-18 -3.08207e-18 -2.99986e-34
Plastic strain_mean 6.72294e-19 0.0081586 0 0.0081586 -6.72294e-19 0 0 0 0
Plastic strain_rate_mean 0 0 0 0 0 0 0 0 0
Dissipation 0.033301
End step 26
Begin step 27
Stress -1.02457e-13 101.81 -4.33606e-13 101.81 -2.0109e-13 -5.44343e-13 -4.33606e-13 -5.44343e-13 -9.11448e-14
Strain 0 0.009 0 0.009 0 0 0 0 0
Strain mean -6.06285e-19 0.009 -2.16803e-18 0.009 2.70834e-35 -2.72172e-18 -2.16803e-18 -2.72172e-18 -1.09039e-33
Plastic strain_mean -5.49726e-19 0.00849095 0 0.00849095 5.49726e-19 0 0 0 0
Plastic strain_rate_mean 0 0 0 0 0 0 0 0 0
Dissipation 0.0333543
End step 27
Begin step 28
Stress 1.17474e-12 102.006 -3.72693e-13 102.006 5.42292e-13 -5.22487e-13 -3.72693e-13 -5.22487e-13 5.15567e-13
Strain 0 0.00933333 0 0.00933333 0 0 0 0 0
Strain mean 3.4295e-18 0.00933333 -1.86347e-18 0.00933333 -3.21991e-34 -2.61244e-18 -1.86347e-18 -2.61244e-18 -4.10012e-34
Plastic strain_mean 1.33624e-19 0.0088233 0 0.0088233 -1.33624e-19 0 0 0 0
Plastic strain_rate_mean 0 0 0 0 0 0 0 0 0
Dissipation 0.0334076
End step 28
Begin step 29
Stress -2.7068e-12 102.202 -3.99052e-12 102.202 2.11867e-12 -7.19098e-13 -3.99052e-12 -7.19098e-13 -1.76595e-13
Strain 0 0.00966667 0 0.00966667 0 0 0 0 0
Strain mean -1.17469e-18 0.00966667 -1.99526e-17 0.00966667 3.80371e-33 -3.59549e-18 -1.99526e-17 -3.59549e-18 1.04813e-32
Plastic strain_mean 1.14763e-17 0.00915566 0 0.00915566 -1.14763e-17 0 0 0 0
Plastic strain_rate_mean 0 0 0 0 0 0 0 0 0
Dissipation 0.0334609
End step 29
Begin step 30
Stress -2.12368e-12 102.397 -4.07268e-12 102.397 2.69215e-12 -5.86127e-13 -4.07268e-12 -5.86127e-13 1.70691e-13
Strain 0 0.01 0 0.01 0 0 0 0 0
Strain mean 1.13542e-18 0.01 -2.03634e-17 0.01 -3.61112e-33 -2.93064e-18 -2.03634e-17 -2.93064e-18 8.91946e-33
Plastic strain_mean 1.26073e-17 0.00948801 0 0.00948801 -1.26073e-17 0 0 0 0
Plastic strain_rate_mean 0 0 0 0 0 0 0 0 0
Dissipation 0.0335143
End step 30
