Begin step 0
Stress 0 0 0 0 0 0 0 0 0
Strain 0 0 0 0 0 0 0 0 0
Strain mean 0 0 0 0 0 0 0 0 0
Plastic strain_mean 0 0 0 0 0 0 0 0 0
Plastic strain_rate_mean 0 0 0 0 0 0 0 0 0
Dissipation 0
End step 0
Begin step 1
Stress -6.30334e-16 6.66667 -2.21733e-15 6.66667 -2.70439e-16 2.96274e-17 -2.21733e-15 2.96274e-17 -2.70472e-16
Strain 0 3.33333e-05 0 3.33333e-05 0 0 0 0 0
Strain mean -1.79915e-21 3.33333e-05 -1.10867e-20 3.33333e-05 -3.68811e-37 1.48137e-22 -1.10867e-20 1.48137e-22 -1.5781e-36
Plastic strain_mean 1.64572e-25 1.6874e-15 0 1.6874e-15 -1.64572e-25 0 0 0 0
Plastic strain_rate_mean 0 0 0 0 0 0 0 0 0
Dissipation 1.12493e-14
End step 1
Begin step 2
Stress 2.47535e-15 13.3333 -5.81629e-15 13.3333 1.18591e-15 -1.52723e-14 -5.81629e-15 -1.52723e-14 1.09935e-15
Strain 0 6.66667e-05 0 6.66667e-05 0 0 0 0 0
Strain mean 7.31278e-21 6.66667e-05 -2.90814e-20 6.66667e-05 4.46688e-37 -7.63615e-20 -2.90814e-20 -7.63615e-20 1.52109e-35
Plastic strain_mean 4.32791e-22 1.72958e-12 0 1.72958e-12 -4.32791e-22 0 0 0 0
Plastic strain_rate_mean 0 0 0 0 0 0 0 0 0
Dissipation 2.30386e-11
End step 2
Begin step 3
Stress 4.13826e-15 20 6.45401e-13 20 3.59512e-15 1.6206e-13 6.45401e-13 1.6206e-13 2.32207e-15
Strain 0 0.0001 0 0.0001 0 0 0 0 0
Strain mean 1.54462e-20 0.0001 3.22701e-18 0.0001 -3.31019e-35 8.10298e-19 3.22701e-18 8.10298e-19 5.7082e-35
Plastic strain_mean 6.36522e-21 1.01368e-10 0 1.01368e-10 -6.36522e-21 0 0 0 0
Plastic strain_rate_mean 0 0 0 0 0 0 0 0 0
Dissipation 1.99276e-09
End step 3
Begin step 4
Stress 3.53644e-14 26.6663 5.42053e-12 26.6663 -1.32041e-14 -4.22112e-15 5.42053e-12 -4.22112e-15 6.65398e-15
Strain 0 0.000133333 0 0.000133333 0 0 0 0 0
Strain mean 4.42615e-20 0.000133333 2.71026e-17 0.000133333 -3.00927e-34 -2.11056e-20 2.71026e-17 -2.11056e-20 -2.53079e-33
Plastic strain_mean -9.92904e-20 1.87048e-09 0 1.87048e-09 9.92904e-20 0 0 0 0
Plastic strain_rate_mean 0 0 0 0 0 0 0 0 0
Dissipation 4.71756e-08
End step 4
Begin step 5
Stress 6.58264e-14 33.3297 3.86113e-13 33.3297 -5.64315e-14 2.27392e-12 3.86113e-13 2.27392e-12 2.82098e-15
Strain 0 0.000166667 0 0.000166667 0 0 0 0 0
Strain mean 1.87649e-20 0.000166667 1.93057e-18 0.000166667 -1.80556e-34 1.13696e-17 1.93057e-18 1.13696e-17 -4.91112e-33
Plastic strain_mean -2.96262e-19 1.83308e-08 0 1.83308e-08 2.96262e-19 0 0 0 0
Plastic strain_rate_mean 0 0 0 0 0 0 0 0 0
Dissipation 5.48617e-07
End step 5
Begin step 6
Stress 6.6983e-14 39.976 -1.89936e-12 39.976 -5.94569e-14 2.4889e-12 -1.89936e-12 2.4889e-12 2.25984e-15
Strain 0 0.0002 0 0.0002 0 0 0 0 0
Strain mean 1.50322e-20 0.0002 -9.49682e-18 0.0002 4.45371e-33 1.24445e-17 -9.49682e-18 1.24445e-17 -2.59399e-33
Plastic strain_mean -3.08584e-19 1.1975e-07 0 1.1975e-07 3.08584e-19 0 0 0 0
Plastic strain_rate_mean 0 0 0 0 0 0 0 0 0
Dissipation 4.05434e-06
End step 6
Begin step 7
Stress 1.46801e-13 46.5498 3.99265e-12 46.5498 -1.29196e-13 -1.53194e-13 3.99265e-12 -1.53194e-13 5.28607e-15
Strain 0 0.000233333 0 0.000233333 0 0 0 0 0
Strain mean 3.51623e-20 0.000233333 1.99632e-17 0.000233333 -5.25418e-33 -7.6597e-19 1.99632e-17 -7.6597e-19 -2.04931e-33
Plastic strain_mean -6.72411e-19 5.84554e-07 0 5.84554e-07 6.72411e-19 0 0 0 0
Plastic strain_rate_mean 0 0 0 0 0 0 0 0 0
Dissipation 2.16364e-05
End step 7
Begin step 8
Stress 2.1298e-13 52.8836 -5.97083e-13 52.8836 -1.61642e-13 -8.12351e-13 -5.97083e-13 -8.12351e-13 1.5415e-14
Strain 0 0.000266667 0 0.000266667 0 0 0 0 0
Strain mean 1.02539e-19 0.000266667 -2.98541e-18 0.000266667 -2.35926e-33 -4.06176e-18 -2.98541e-18 -4.06176e-18 -1.1706e-33
Plastic strain_mean -8.85287e-19 2.24878e-06 0 2.24878e-06 8.85287e-19 0 0 0 0
Plastic strain_rate_mean 0 0 0 0 0 0 0 0 0
Dissipation 8.80088e-05
End step 8
Begin step 9
Stress 1.56991e-12 58.6188 2.03566e-12 58.6188 -1.54712e-12 -2.80548e-12 2.03566e-12 -2.80548e-12 6.84285e-15
Strain 0 0.0003 0 0.0003 0 0 0 0 0
Strain mean 4.55179e-20 0.0003 1.01783e-17 0.0003 1.03759e-32 -1.40274e-17 1.01783e-17 -1.40274e-17 1.40081e-33
Plastic strain_mean -7.76982e-18 6.90612e-06 0 6.90612e-06 7.76982e-18 0 0 0 0
Plastic strain_rate_mean 0 0 0 0 0 0 0 0 0
Dissipation 0.000272994
End step 9
Begin step 10
Stress -1.69016e-14 63.2843 2.03876e-12 63.2843 2.56276e-14 -2.69125e-13 2.03876e-12 -2.69125e-13 2.62011e-15
Strain 0 0.000333333 0 0.000333333 0 0 0 0 0
Strain mean 1.74287e-20 0.000333333 1.01938e-17 0.000333333 -3.93371e-32 -1.34562e-18 1.01938e-17 -1.34562e-18 -1.3e-33
Plastic strain_mean 1.15037e-19 1.69119e-05 0 1.69119e-05 -1.15037e-19 0 0 0 0
Plastic strain_rate_mean 0 0 0 0 0 0 0 0 0
Dissipation 0.000633138
End step 10
Begin step 11
Stress -4.05524e-13 66.6148 -2.12815e-13 66.6148 3.62403e-13 1.42728e-12 -2.12815e-13 1.42728e-12 -1.29477e-14
Strain 0 0.000366667 0 0.000366667 0 0 0 0 0
Strain mean -8.61266e-20 0.000366667 -1.06407e-18 0.000366667 7.80453e-33 7.13638e-18 -1.06407e-18 7.13638e-18 -6.29313e-34
Plastic strain_mean 1.87675e-18 3.35929e-05 0 3.35929e-05 -1.87675e-18 0 0 0 0
Plastic strain_rate_mean 0 0 0 0 0 0 0 0 0
Dissipation 0.00111098
End step 11
Begin step 12
Stress -1.76901e-13 68.731 3.23837e-13 68.731 1.49495e-13 -3.69708e-13 3.23837e-13 -3.69708e-13 -8.22932e-15
Strain 0 0.0004 0 0.0004 0 0 0 0 0
Strain mean -5.47405e-20 0.0004 1.61919e-18 0.0004 -1.87778e-33 -1.84854e-18 1.61919e-18 -1.84854e-18 9.47919e-35
Plastic strain_mean 7.88619e-19 5.6345e-05 0 5.6345e-05 -7.88619e-19 0 0 0 0
Plastic strain_rate_mean 0 0 0 0 0 0 0 0 0
Dissipation 0.00156328
End step 12
Begin step 13
Stress 3.0487e-12 69.9712 6.50473e-13 69.9712 -3.05216e-12 1.83143e-12 6.50473e-13 1.83143e-12 -1.03931e-15
Strain 0 0.000433333 0 0.000433333 0 0 0 0 0
Strain mean -6.91337e-21 0.000433333 3.25236e-18 0.000433333 -5.34446e-33 9.15716e-18 3.25236e-18 9.15716e-18 8.12502e-35
Plastic strain_mean -1.52556e-17 8.34774e-05 0 8.34774e-05 1.52556e-17 0 0 0 0
Plastic strain_rate_mean 0 0 0 0 0 0 0 0 0
Dissipation 0.00189763
End step 13
Begin step 14
Stress 8.92606e-13 70.6658 -1.62525e-13 70.6658 -9.08734e-13 3.88004e-13 -1.62525e-13 3.88004e-13 -4.84283e-15
Strain 0 0.000466667 0 0.000466667 0 0 0 0 0
Strain mean -3.2214e-20 0.000466667 -8.12624e-19 0.000466667 -1.14352e-33 1.94002e-18 -8.12624e-19 1.94002e-18 3.79167e-34
Plastic strain_mean -4.51946e-18 0.000113338 0 0.000113338 4.51946e-18 0 0 0 0
Plastic strain_rate_mean 0 0 0 0 0 0 0 0 0
Dissipation 0.00210884
End step 14
Begin step 15
Stress -1.24227e-12 71.0485 3.64598e-13 71.0485 1.24566e-12 1.02682e-12 3.64598e-13 1.02682e-12 1.01748e-15
Strain 0 0.0005 0 0.0005 0 0 0 0 0
Strain mean 6.76813e-21 0.0005 1.82299e-18 0.0005 -4.65684e-33 5.13408e-18 1.82299e-18 5.13408e-18 -1.22928e-33
Plastic strain_mean 6.2232e-18 0.000144757 0 0.000144757 -6.2232e-18 0 0 0 0
Plastic strain_rate_mean 0 0 0 0 0 0 0 0 0
Dissipation 0.0022307
End step 15
Begin step 16
Stress -1.16507e-13 71.261 -1.73931e-13 71.261 1.22731e-13 2.86468e-12 -1.73931e-13 2.86468e-12 1.86901e-15
Strain 0 0.000533333 0 0.000533333 0 0 0 0 0
Strain mean 1.24324e-20 0.000533333 -8.69654e-19 0.000533333 2.01019e-33 1.43234e-17 -8.69654e-19 1.43234e-17 9.04284e-33
Plastic strain_mean 6.04312e-19 0.000177028 0 0.000177028 -6.04312e-19 0 0 0 0
Plastic strain_rate_mean 0 0 0 0 0 0 0 0 0
Dissipation 0.00229766
End step 16
Begin step 17
Stress 5.97758e-13 71.3828 -5.59899e-13 71.3828 -5.57415e-13 1.0536e-12 -5.59899e-13 1.0536e-12 1.21136e-14
Strain 0 0.000566667 0 0.000566667 0 0 0 0 0
Strain mean 8.05785e-20 0.000566667 -2.79949e-18 0.000566667 7.22224e-34 5.26798e-18 -2.79949e-18 5.26798e-18 3.38994e-33
Plastic strain_mean -2.84764e-18 0.000209752 0 0.000209752 2.84764e-18 0 0 0 0
Plastic strain_rate_mean 0 0 0 0 0 0 0 0 0
Dissipation 0.0023336
End step 17
Begin step 18
Stress 1.98776e-12 71.457 8.01952e-13 71.457 -2.04058e-12 4.25901e-13 8.01952e-13 4.25901e-13 -1.58604e-14
Strain 0 0.0006 0 0.0006 0 0 0 0 0
Strain mean -1.05501e-19 0.0006 4.00976e-18 0.0006 -1.25938e-33 2.12951e-18 4.00976e-18 2.12951e-18 -1.38426e-33
Plastic strain_mean -1.01236e-17 0.000242715 0 0.000242715 1.01236e-17 0 0 0 0
Plastic strain_rate_mean 0 0 0 0 0 0 0 0 0
Dissipation 0.00235275
End step 18
Begin step 19
Stress -9.92532e-13 71.5061 1.21615e-12 71.5061 9.22085e-13 -3.69606e-12 1.21615e-12 -3.69606e-12 -2.1153e-14
Strain 0 0.000633333 0 0.000633333 0 0 0 0 0
Strain mean -1.40707e-19 0.000633333 6.08077e-18 0.000633333 1.14472e-32 -1.84803e-17 6.08077e-18 -1.84803e-17 -7.55326e-34
Plastic strain_mean 4.71619e-18 0.000275803 0 0.000275803 -4.71619e-18 0 0 0 0
Plastic strain_rate_mean 0 0 0 0 0 0 0 0 0
Dissipation 0.00236301
End step 19
Begin step 20
Stress 8.04617e-13 71.5421 -3.17213e-12 71.5421 -8.02755e-13 -2.44273e-14 -3.17213e-12 -2.44273e-14 5.58956e-16
Strain 0 0.000666667 0 0.000666667 0 0 0 0 0
Strain mean 3.71811e-21 0.000666667 -1.58606e-17 0.000666667 -1.75139e-32 -1.22136e-19 -1.58606e-17 -1.22136e-19 -4.31228e-33
Plastic strain_mean -4.01657e-18 0.000308956 0 0.000308956 4.01657e-18 0 0 0 0
Plastic strain_rate_mean 0 0 0 0 0 0 0 0 0
Dissipation 0.0023686
End step 20
Begin step 21
Stress -3.91933e-14 71.5712 1.54844e-12 71.5712 1.83673e-14 4.32963e-13 1.54844e-12 4.32963e-13 -6.25333e-15
Strain 0 0.0007 0 0.0007 0 0 0 0 0
Strain mean -4.15964e-20 0.0007 7.74222e-18 0.0007 1.56963e-32 2.16482e-18 7.74222e-18 2.16482e-18 -5.21205e-33
Plastic strain_mean 1.23103e-19 0.000342144 0 0.000342144 -1.23103e-19 0 0 0 0
Plastic strain_rate_mean 0 0 0 0 0 0 0 0 0
Dissipation 0.00237177
End step 21
Begin step 22
Stress -1.81656e-13 71.5966 5.92518e-13 71.5966 1.41546e-13 1.93736e-13 5.92518e-13 1.93736e-13 -1.20438e-14
Strain 0 0.000733333 0 0.000733333 0 0 0 0 0
Strain mean -8.01137e-20 0.000733333 2.96259e-18 0.000733333 -2.98519e-33 9.6868e-19 2.96259e-18 9.6868e-19 1.88756e-33
Plastic strain_mean 7.67948e-19 0.00037535 0 0.00037535 -7.67948e-19 0 0 0 0
Plastic strain_rate_mean 0 0 0 0 0 0 0 0 0
Dissipation 0.00237368
End step 22
Begin step 23
Stress 3.30131e-14 71.62 9.97011e-13 71.62 -4.08374e-14 5.19397e-13 9.97011e-13 5.19397e-13 -2.34936e-15
Strain 0 0.000766667 0 0.000766667 0 0 0 0 0
Strain mean -1.56277e-20 0.000766667 4.98506e-18 0.000766667 -2.00778e-32 2.59699e-18 4.98506e-18 2.59699e-18 2.56352e-33
Plastic strain_mean -1.9244e-19 0.000408567 0 0.000408567 1.9244e-19 0 0 0 0
Plastic strain_rate_mean 0 0 0 0 0 0 0 0 0
Dissipation 0.00237493
End step 23
Begin step 24
Stress 2.86857e-14 71.6422 2.93403e-13 71.6422 9.67352e-14 4.68925e-13 2.93403e-13 4.68925e-13 3.76597e-14
Strain 0 0.0008 0 0.0008 0 0 0 0 0
Strain mean 2.50508e-19 0.0008 1.46702e-18 0.0008 2.40741e-33 2.34463e-18 1.46702e-18 2.34463e-18 2.07489e-33
Plastic strain_mean 2.95378e-19 0.000441789 0 0.000441789 -2.95378e-19 0 0 0 0
Plastic strain_rate_mean 0 0 0 0 0 0 0 0 0
Dissipation 0.00237584
End step 24
Begin step 25
Stress 5.47123e-14 71.6637 6.72004e-13 71.6637 -5.4596e-14 6.87325e-13 6.72004e-13 6.87325e-13 3.49348e-17
Strain 0 0.000833333 0 0.000833333 0 0 0 0 0
Strain mean 2.32382e-22 0.000833333 3.36002e-18 0.000833333 1.36741e-32 3.43662e-18 3.36002e-18 3.43662e-18 2.09746e-33
Plastic strain_mean -2.73155e-19 0.000475015 0 0.000475015 2.73155e-19 0 0 0 0
Plastic strain_rate_mean 0 0 0 0 0 0 0 0 0
Dissipation 0.00237656
End step 25
Begin step 26
Stress 1.63622e-13 71.6848 5.46714e-13 71.6848 -1.74049e-13 6.26658e-13 5.46714e-13 6.26658e-13 -3.13103e-15
Strain 0 0.000866667 0 0.000866667 0 0 0 0 0
Strain mean -2.08273e-20 0.000866667 2.73357e-18 0.000866667 -2.04389e-32 3.13329e-18 2.73357e-18 3.13329e-18 1.61974e-33
Plastic strain_mean -8.54592e-19 0.000508243 0 0.000508243 8.54592e-19 0 0 0 0
Plastic strain_rate_mean 0 0 0 0 0 0 0 0 0
Dissipation 0.0023772
End step 26
Begin step 27
Stress 1.31973e-12 71.7056 -1.64075e-12 71.7056 -1.33334e-12 -2.97633e-13 -1.64075e-12 -2.97633e-13 -4.08737e-15
Strain 0 0.0009 0 0.0009 0 0 0 0 0
Strain mean -2.71887e-20 0.0009 -8.20377e-18 0.0009 -4.81482e-35 -1.48817e-18 -8.20377e-18 -1.48817e-18 -1.42123e-34
Plastic strain_mean -6.64625e-18 0.000541472 0 0.000541472 6.64625e-18 0 0 0 0
Plastic strain_rate_mean 0 0 0 0 0 0 0 0 0
Dissipation 0.00237778
End step 27
Begin step 28
Stress 1.22034e-12 71.7261 -1.3803e-12 71.7261 -1.27166e-12 -3.06919e-13 -1.3803e-12 -3.06919e-13 -1.54106e-14
Strain 0 0.000933333 0 0.000933333 0 0 0 0 0
Strain mean -1.0251e-19 0.000933333 -6.90151e-18 0.000933333 -1.30241e-32 -1.5346e-18 -6.90151e-18 -1.5346e-18 3.29515e-34
Plastic strain_mean -6.28124e-18 0.000574703 0 0.000574703 6.28124e-18 0 0 0 0
Plastic strain_rate_mean 0 0 0 0 0 0 0 0 0
Dissipation 0.00237833
End step 28
Begin step 29
Stress -7.18211e-13 71.7464 -2.55365e-13 71.7464 6.716e-13 7.98095e-13 -2.55365e-13 7.98095e-13 -1.39957e-14
Strain 0 0.000966667 0 0.000966667 0 0 0 0 0
Strain mean -9.30981e-20 0.000966667 -1.27682e-18 0.000966667 4.16001e-32 3.99048e-18 -1.27682e-18 3.99048e-18 -4.10765e-33
Plastic strain_mean 3.42798e-18 0.000607934 0 0.000607934 -3.42798e-18 0 0 0 0
Plastic strain_rate_mean 0 0 0 0 0 0 0 0 0
Dissipation 0.00237887
End step 29
Begin step 30
Stress -4.57971e-13 71.7666 -2.72581e-13 71.7666 4.70813e-13 6.01736e-13 -2.72581e-13 6.01736e-13 3.85593e-15
Strain 0 0.001 0 0.001 0 0 0 0 0
Strain mean 2.56492e-20 0.001 -1.36291e-18 0.001 -2.70593e-32 3.00868e-18 -1.36291e-18 3.00868e-18 -3.3132e-33
Plastic strain_mean 2.33479e-18 0.000641167 0 0.000641167 -2.33479e-18 0 0 0 0
Plastic strain_rate_mean 0 0 0 0 0 0 0 0 0
Dissipation 0.0023794
End step 30
