Begin step 0
Stress 0 0 0 0 0 0 0 0 0
Strain 0 0 0 0 0 0 0 0 0
Strain mean 0 0 0 0 0 0 0 0 0
Plastic strain_mean 0 0 0 0 0 0 0 0 0
Plastic strain_rate_mean 0 0 0 0 0 0 0 0 0
Dissipation 0
End step 0
Begin step 1
Stress -2.30544e-14 6.60302 2.97818e-12 6.60302 2.12783e-14 -3.81819e-12 2.97818e-12 -3.81819e-12 -5.33301e-16
Strain 0 3.33333e-05 0 3.33333e-05 0 0 0 0 0
Strain mean -3.54746e-21 3.33333e-05 1.48909e-17 3.33333e-05 4.58612e-33 -1.9091e-17 1.48909e-17 -1.9091e-17 -5.10071e-34
Plastic strain_mean 1.09058e-19 3.18232e-07 0 3.18232e-07 -1.09058e-19 0 0 0 0
Plastic strain_rate_mean 0 0 0 0 0 0 0 0 0
Dissipation 2.10126e-06
End step 1
Begin step 2
Stress -6.93843e-14 13.143 1.22682e-12 13.143 7.36091e-14 -3.01268e-12 1.22682e-12 -3.01268e-12 1.26857e-15
Strain 0 6.66667e-05 0 6.66667e-05 0 0 0 0 0
Strain mean 8.43838e-21 6.66667e-05 6.13409e-18 6.66667e-05 -1.83659e-33 -1.50634e-17 6.13409e-18 -1.50634e-17 -2.05834e-33
Plastic strain_mean 3.61703e-19 9.51651e-07 0 9.51651e-07 -3.61703e-19 0 0 0 0
Plastic strain_rate_mean 0 0 0 0 0 0 0 0 0
Dissipation 8.32481e-06
End step 2
Begin step 3
Stress -1.17511e-13 19.6206 1.20656e-12 19.6206 1.22397e-13 -2.97686e-12 1.20656e-12 -2.97686e-12 1.46726e-15
Strain 0 0.0001 0 0.0001 0 0 0 0 0
Strain mean 9.76005e-21 0.0001 6.03282e-18 0.0001 -9.11318e-33 -1.48843e-17 6.03282e-18 -1.48843e-17 -1.60018e-33
Plastic strain_mean 6.04651e-19 1.89724e-06 0 1.89724e-06 -6.04651e-19 0 0 0 0
Plastic strain_rate_mean 0 0 0 0 0 0 0 0 0
Dissipation 1.85523e-05
End step 3
Begin step 4
Stress -1.68357e-13 26.0363 1.20335e-12 26.0363 1.67339e-13 -2.94119e-12 1.20335e-12 -2.94119e-12 -3.05679e-16
Strain 0 0.000133333 0 0.000133333 0 0 0 0 0
Strain mean -2.03334e-21 0.000133333 6.01675e-18 0.000133333 -1.84506e-34 -1.4706e-17 6.01675e-18 -1.4706e-17 -1.86951e-33
Plastic strain_mean 8.38221e-19 3.152e-06 0 3.152e-06 -8.38221e-19 0 0 0 0
Plastic strain_rate_mean 0 0 0 0 0 0 0 0 0
Dissipation 3.2668e-05
End step 4
Begin step 5
Stress -2.09077e-13 32.3907 1.18418e-12 32.3907 2.13906e-13 -2.90611e-12 1.18418e-12 -2.90611e-12 1.44979e-15
Strain 0 0.000166667 0 0.000166667 0 0 0 0 0
Strain mean 9.64386e-21 0.000166667 5.92091e-18 0.000166667 -1.30282e-32 -1.45306e-17 5.92091e-18 -1.45306e-17 -2.1614e-33
Plastic strain_mean 1.06228e-18 4.71298e-06 0 4.71298e-06 -1.06228e-18 0 0 0 0
Plastic strain_rate_mean 0 0 0 0 0 0 0 0 0
Dissipation 5.05586e-05
End step 5
Begin step 6
Stress -2.66042e-13 38.6846 1.17321e-12 38.6846 2.50989e-13 -2.87132e-12 1.17321e-12 -2.87132e-12 -4.51969e-15
Strain 0 0.0002 0 0.0002 0 0 0 0 0
Strain mean -3.00644e-20 0.0002 5.86605e-18 0.0002 1.75327e-33 -1.43566e-17 5.86605e-18 -1.43566e-17 -1.7371e-33
Plastic strain_mean 1.27754e-18 6.57724e-06 0 6.57724e-06 -1.27754e-18 0 0 0 0
Plastic strain_rate_mean 0 0 0 0 0 0 0 0 0
Dissipation 7.21136e-05
End step 6
Begin step 7
Stress -3.35959e-14 44.9181 2.26472e-12 44.9181 3.86351e-14 4.28182e-12 2.26472e-12 4.28182e-12 1.51311e-15
Strain 0 0.000233333 0 0.000233333 0 0 0 0 0
Strain mean 1.00651e-20 0.000233333 1.13236e-17 0.000233333 -2.21482e-33 2.14091e-17 1.13236e-17 2.14091e-17 -3.83982e-33
Plastic strain_mean 1.8561e-19 8.74293e-06 0 8.74293e-06 -1.8561e-19 0 0 0 0
Plastic strain_rate_mean 0 0 0 0 0 0 0 0 0
Dissipation 9.72719e-05
End step 7
Begin step 8
Stress 1.40681e-13 51.0898 1.40141e-12 51.0898 -1.18037e-13 -2.97282e-12 1.40141e-12 -2.97282e-12 6.79918e-15
Strain 0 0.000266667 0 0.000266667 0 0 0 0 0
Strain mean 4.52274e-20 0.000266667 7.00704e-18 0.000266667 2.9409e-31 -1.48641e-17 7.00704e-18 -1.48641e-17 -1.36621e-33
Plastic strain_mean -6.2418e-19 1.12176e-05 0 1.12176e-05 6.2418e-19 0 0 0 0
Plastic strain_rate_mean 0 0 0 0 0 0 0 0 0
Dissipation 0.000126422
End step 8
Begin step 9
Stress 2.19768e-13 57.1888 5.61064e-13 57.1888 -2.20873e-13 -3.71808e-12 5.61064e-13 -3.71808e-12 -3.3188e-16
Strain 0 0.0003 0 0.0003 0 0 0 0 0
Strain mean -2.20763e-21 0.0003 2.80532e-18 0.0003 -4.02279e-32 -1.85904e-17 2.80532e-18 -1.85904e-17 -2.91899e-33
Plastic strain_mean -1.10271e-18 1.40558e-05 0 1.40558e-05 1.10271e-18 0 0 0 0
Plastic strain_rate_mean 0 0 0 0 0 0 0 0 0
Dissipation 0.000162298
End step 9
Begin step 10
Stress 2.33401e-13 63.1952 1.46896e-12 63.1952 -2.33953e-13 1.67425e-12 1.46896e-12 1.67425e-12 -1.6594e-16
Strain 0 0.000333333 0 0.000333333 0 0 0 0 0
Strain mean -1.10382e-21 0.000333333 7.34479e-18 0.000333333 -7.71576e-32 8.37127e-18 7.34479e-18 8.37127e-18 -1.14258e-34
Plastic strain_mean -1.16894e-18 1.73573e-05 0 1.73573e-05 1.16894e-18 0 0 0 0
Plastic strain_rate_mean 0 0 0 0 0 0 0 0 0
Dissipation 0.000208612
End step 10
Begin step 11
Stress 2.9127e-13 69.0805 1.31082e-12 69.0805 -2.69877e-13 -4.05295e-13 1.31082e-12 -4.05295e-13 6.42363e-15
Strain 0 0.000366667 0 0.000366667 0 0 0 0 0
Strain mean 4.27293e-20 0.000366667 6.55408e-18 0.000366667 -5.46964e-32 -2.02647e-18 6.55408e-18 -2.02647e-18 -3.09052e-33
Plastic strain_mean -1.3815e-18 2.1264e-05 0 2.1264e-05 1.3815e-18 0 0 0 0
Plastic strain_rate_mean 0 0 0 0 0 0 0 0 0
Dissipation 0.00026984
End step 11
Begin step 12
Stress 3.63384e-13 74.8006 -7.99825e-13 74.8006 -3.23172e-13 2.27841e-12 -7.99825e-13 2.27841e-12 1.20743e-14
Strain 0 0.0004 0 0.0004 0 0 0 0 0
Strain mean 8.03171e-20 0.0004 -3.99913e-18 0.0004 1.90667e-32 1.1392e-17 -3.99913e-18 1.1392e-17 5.44376e-33
Plastic strain_mean -1.67623e-18 2.59971e-05 0 2.59971e-05 1.67623e-18 0 0 0 0
Plastic strain_rate_mean 0 0 0 0 0 0 0 0 0
Dissipation 0.000353987
End step 12
Begin step 13
Stress 3.28462e-13 80.2863 -4.88664e-13 80.2863 -3.28448e-13 5.22976e-13 -4.88664e-13 5.22976e-13 4.36685e-18
Strain 0 0.000433333 0 0.000433333 0 0 0 0 0
Strain mean 2.90478e-23 0.000433333 -2.44332e-18 0.000433333 -2.09686e-32 2.61488e-18 -2.44332e-18 2.61488e-18 1.06829e-33
Plastic strain_mean -1.64226e-18 3.19021e-05 0 3.19021e-05 1.64226e-18 0 0 0 0
Plastic strain_rate_mean 0 0 0 0 0 0 0 0 0
Dissipation 0.000474003
End step 13
Begin step 14
Stress -3.10822e-13 85.4273 6.66738e-14 85.4273 3.08655e-13 -1.27489e-12 6.66738e-14 -1.27489e-12 -6.5066e-16
Strain 0 0.000466667 0 0.000466667 0 0 0 0 0
Strain mean -4.32812e-21 0.000466667 3.33369e-19 0.000466667 -2.51951e-32 -6.37446e-18 3.33369e-19 -6.37446e-18 4.56205e-33
Plastic strain_mean 1.54653e-18 3.95304e-05 0 3.95304e-05 -1.54653e-18 0 0 0 0
Plastic strain_rate_mean 0 0 0 0 0 0 0 0 0
Dissipation 0.000651523
End step 14
Begin step 15
Stress -2.51252e-14 90.0494 3.90543e-12 90.0494 3.01281e-14 -3.14678e-12 3.90543e-12 -3.14678e-12 1.5022e-15
Strain 0 0.0005 0 0.0005 0 0 0 0 0
Strain mean 9.99243e-21 0.0005 1.95272e-17 0.0005 1.06829e-31 -1.57339e-17 1.95272e-17 -1.57339e-17 -4.81482e-35
Plastic strain_mean 1.43129e-19 4.97531e-05 0 4.97531e-05 -1.43129e-19 0 0 0 0
Plastic strain_rate_mean 0 0 0 0 0 0 0 0 0
Dissipation 0.000920302
End step 15
Begin step 16
Stress 9.0693e-13 93.9069 3.68399e-12 93.9069 -9.16368e-13 9.29121e-13 3.68399e-12 9.29121e-13 -2.83408e-15
Strain 0 0.000533333 0 0.000533333 0 0 0 0 0
Strain mean -1.8852e-20 0.000533333 1.84199e-17 0.000533333 4.42964e-32 4.64561e-18 1.84199e-17 4.64561e-18 -2.35024e-33
Plastic strain_mean -4.56767e-18 6.37988e-05 0 6.37988e-05 4.56767e-18 0 0 0 0
Plastic strain_rate_mean 0 0 0 0 0 0 0 0 0
Dissipation 0.00131853
End step 16
Begin step 17
Stress 8.02309e-13 96.7545 1.09877e-12 96.7545 -8.24197e-13 2.40643e-12 1.09877e-12 2.40643e-12 -6.57211e-15
Strain 0 0.000566667 0 0.000566667 0 0 0 0 0
Strain mean -4.37169e-20 0.000566667 5.49387e-18 0.000566667 -1.08911e-31 1.20322e-17 5.49387e-18 1.20322e-17 3.38542e-33
Plastic strain_mean -4.08812e-18 8.28943e-05 0 8.28943e-05 4.08812e-18 0 0 0 0
Plastic strain_rate_mean 0 0 0 0 0 0 0 0 0
Dissipation 0.00184679
End step 17
Begin step 18
Stress 8.76501e-13 98.5391 2.70909e-12 98.5391 -8.78683e-13 -4.05698e-12 2.70909e-12 -4.05698e-12 -6.55027e-16
Strain 0 0.0006 0 0.0006 0 0 0 0 0
Strain mean -4.35717e-21 0.0006 1.35455e-17 0.0006 7.6315e-33 -2.02849e-17 1.35455e-17 -2.02849e-17 1.34213e-33
Plastic strain_mean -4.39014e-18 0.000107305 0 0.000107305 4.39014e-18 0 0 0 0
Plastic strain_rate_mean 0 0 0 0 0 0 0 0 0
Dissipation 0.00240411
End step 18
Begin step 19
Stress 2.2229e-12 99.4986 4.00248e-14 99.4986 -2.25693e-12 3.72214e-12 4.00248e-14 3.72214e-12 -1.02184e-14
Strain 0 0.000633333 0 0.000633333 0 0 0 0 0
Strain mean -6.79718e-20 0.000633333 2.00124e-19 0.000633333 6.50001e-34 1.86107e-17 2.00124e-19 1.86107e-17 6.87918e-33
Plastic strain_mean -1.12336e-17 0.000135841 0 0.000135841 1.12336e-17 0 0 0 0
Plastic strain_rate_mean 0 0 0 0 0 0 0 0 0
Dissipation 0.00283749
End step 19
Begin step 20
Stress 3.36931e-12 99.9677 -1.59661e-12 99.9677 -3.36273e-12 3.41483e-13 -1.59661e-12 3.41483e-13 1.97382e-15
Strain 0 0.000666667 0 0.000666667 0 0 0 0 0
Strain mean 1.31296e-20 0.000666667 -7.98305e-18 0.000666667 -7.6315e-33 1.70742e-18 -7.98305e-18 1.70742e-18 7.4359e-33
Plastic strain_mean -1.68235e-17 0.000166828 0 0.000166828 1.68235e-17 0 0 0 0
Plastic strain_rate_mean 0 0 0 0 0 0 0 0 0
Dissipation 0.00309547
End step 20
Begin step 21
Stress 1.37164e-12 100.192 -9.21093e-13 100.192 -1.37401e-12 1.94524e-12 -9.21093e-13 1.94524e-12 -7.11796e-16
Strain 0 0.0007 0 0.0007 0 0 0 0 0
Strain mean -4.73479e-21 0.0007 -4.60547e-18 0.0007 2.78113e-33 9.72618e-18 -4.60547e-18 9.72618e-18 -7.05297e-34
Plastic strain_mean -6.8665e-18 0.000199041 0 0.000199041 6.8665e-18 0 0 0 0
Plastic strain_rate_mean 0 0 0 0 0 0 0 0 0
Dissipation 0.00322478
End step 21
Begin step 22
Stress 4.55102e-13 100.304 -1.46953e-12 100.304 -4.42725e-13 1.47215e-12 -1.46953e-12 1.47215e-12 3.71619e-15
Strain 0 0.000733333 0 0.000733333 0 0 0 0 0
Strain mean 2.47197e-20 0.000733333 -7.34767e-18 0.000733333 1.46852e-33 7.36074e-18 -7.34767e-18 7.36074e-18 -1.61861e-33
Plastic strain_mean -2.23221e-18 0.000231814 0 0.000231814 2.23221e-18 0 0 0 0
Plastic strain_rate_mean 0 0 0 0 0 0 0 0 0
Dissipation 0.00328418
End step 22
Begin step 23
Stress 4.52014e-13 100.367 8.17157e-14 100.367 -4.35493e-13 -8.41813e-13 8.17157e-14 -8.41813e-13 4.96074e-15
Strain 0 0.000766667 0 0.000766667 0 0 0 0 0
Strain mean 3.29983e-20 0.000766667 4.08579e-19 0.000766667 -6.8852e-33 -4.20907e-18 4.08579e-19 -4.20907e-18 -7.40279e-34
Plastic strain_mean -2.20227e-18 0.000264833 0 0.000264833 2.20227e-18 0 0 0 0
Plastic strain_rate_mean 0 0 0 0 0 0 0 0 0
Dissipation 0.00331058
End step 23
Begin step 24
Stress -5.01211e-13 100.408 -2.11085e-12 100.408 5.06359e-13 -6.11682e-13 -2.11085e-12 -6.11682e-13 1.54586e-15
Strain 0 0.0008 0 0.0008 0 0 0 0 0
Strain mean 1.02829e-20 0.0008 -1.05542e-17 0.0008 3.61112e-34 -3.05841e-18 -1.05542e-17 -3.05841e-18 -2.0794e-33
Plastic strain_mean 2.52407e-18 0.000297959 0 0.000297959 -2.52407e-18 0 0 0 0
Plastic strain_rate_mean 0 0 0 0 0 0 0 0 0
Dissipation 0.00332235
End step 24
Begin step 25
Stress -1.12696e-12 100.44 -2.1336e-12 100.44 1.0968e-12 3.41991e-12 -2.1336e-12 3.41991e-12 -9.05684e-15
Strain 0 0.000833333 0 0.000833333 0 0 0 0 0
Strain mean -6.02451e-20 0.000833333 -1.0668e-17 0.000833333 -7.70372e-34 1.70995e-17 -1.0668e-17 1.70995e-17 1.64005e-33
Plastic strain_mean 5.52929e-18 0.000331131 0 0.000331131 -5.52929e-18 0 0 0 0
Plastic strain_rate_mean 0 0 0 0 0 0 0 0 0
Dissipation 0.00332781
End step 25
Begin step 26
Stress -4.90402e-13 100.469 -1.7668e-13 100.469 5.02997e-13 -1.55099e-12 -1.7668e-13 -1.55099e-12 3.78169e-15
Strain 0 0.000866667 0 0.000866667 0 0 0 0 0
Strain mean 2.51554e-20 0.000866667 -8.83398e-19 0.000866667 -3.61112e-34 -7.75497e-18 -8.83398e-19 -7.75497e-18 -1.08334e-33
Plastic strain_mean 2.49608e-18 0.000364324 0 0.000364324 -2.49608e-18 0 0 0 0
Plastic strain_rate_mean 0 0 0 0 0 0 0 0 0
Dissipation 0.00333056
End step 26
Begin step 27
Stress 2.39183e-12 100.495 -4.49285e-12 100.495 -2.38712e-12 1.9555e-12 -4.49285e-12 1.9555e-12 1.41486e-15
Strain 0 0.0009 0 0.0009 0 0 0 0 0
Strain mean 9.41148e-21 0.0009 -2.24643e-17 0.0009 3.13927e-32 9.77752e-18 -2.24643e-17 9.77752e-18 -6.56772e-34
Plastic strain_mean -1.19427e-17 0.000397527 0 0.000397527 1.19427e-17 0 0 0 0
Plastic strain_rate_mean 0 0 0 0 0 0 0 0 0
Dissipation 0.00333215
End step 27
Begin step 28
Stress -4.64343e-13 100.52 -1.18041e-12 100.52 4.66263e-13 2.06413e-13 -1.18041e-12 2.06413e-13 5.76424e-16
Strain 0 0.000933333 0 0.000933333 0 0 0 0 0
Strain mean 3.83431e-21 0.000933333 -5.90207e-18 0.000933333 -1.11824e-32 1.03207e-18 -5.90207e-18 1.03207e-18 -1.17512e-33
Plastic strain_mean 2.32843e-18 0.000430735 0 0.000430735 -2.32843e-18 0 0 0 0
Plastic strain_rate_mean 0 0 0 0 0 0 0 0 0
Dissipation 0.00333324
End step 28
Begin step 29
Stress -9.69365e-13 100.544 -1.2135e-12 100.544 9.31203e-13 5.31134e-13 -1.2135e-12 5.31134e-13 -1.14586e-14
Strain 0 0.000966667 0 0.000966667 0 0 0 0 0
Strain mean -7.62213e-20 0.000966667 -6.0675e-18 0.000966667 -3.43056e-33 2.65567e-18 -6.0675e-18 2.65567e-18 -1.11343e-33
Plastic strain_mean 4.71331e-18 0.000463946 0 0.000463946 -4.71331e-18 0 0 0 0
Plastic strain_rate_mean 0 0 0 0 0 0 0 0 0
Dissipation 0.00333411
End step 29
Begin step 30
Stress -1.1566e-12 100.568 -1.23865e-12 100.568 9.99528e-13 7.45047e-13 -1.23865e-12 7.45047e-13 -4.7162e-14
Strain 0 0.001 0 0.001 0 0 0 0 0
Strain mean -3.13716e-19 0.001 -6.19325e-18 0.001 -2.60001e-33 3.72523e-18 -6.19325e-18 3.72523e-18 -1.05023e-33
Plastic strain_mean 5.23345e-18 0.000497159 0 0.000497159 -5.23345e-18 0 0 0 0
Plastic strain_rate_mean 0 0 0 0 0 0 0 0 0
Dissipation 0.00333487
End step 30
