Begin step 0
Stress 0 0 0 0 0 0 0 0 0
Strain 0 0 0 0 0 0 0 0 0
Strain mean 0 0 0 0 0 0 0 0 0
Plastic strain_mean 0 0 0 0 0 0 0 0 0
Plastic strain_rate_mean 0 0 0 0 0 0 0 0 0
Dissipation 0
End step 0
Begin step 1
Stress -1.35525e-16 6.66667 9.08624e-16 6.66667 -5.80823e-17 9.86542e-17 9.08624e-16 9.86542e-17 -5.81337e-17
Strain 0 3.33333e-05 0 3.33333e-05 0 0 0 0 0
Strain mean -3.86698e-22 3.33333e-05 4.54312e-21 3.33333e-05 -1.3048e-36 4.93271e-22 4.54312e-21 4.93271e-22 -1.60969e-36
Plastic strain_mean 2.56884e-25 6.45643e-20 0 6.45643e-20 -2.56884e-25 0 0 0 0
Plastic strain_rate_mean 0 0 0 0 0 0 0 0 0
Dissipation 4.30429e-19
End step 1
Begin step 2
Stress 4.15192e-15 13.3333 9.71079e-16 13.3333 1.78173e-15 -1.29623e-17 9.71079e-16 -1.29623e-17 1.78167e-15
Strain 0 6.66667e-05 0 6.66667e-05 0 0 0 0 0
Strain mean 1.18515e-20 6.66667e-05 4.8554e-21 6.66667e-05 1.42235e-36 -6.48114e-23 4.8554e-21 -6.48114e-23 -2.93874e-36
Plastic strain_mean 2.77149e-25 3.74063e-16 0 3.74063e-16 -2.77149e-25 0 0 0 0
Plastic strain_rate_mean 0 0 0 0 0 0 0 0 0
Dissipation 4.98665e-15
End step 2
Begin step 3
Stress -2.86172e-15 20 -2.60467e-15 20 -1.22493e-15 4.4459e-17 -2.60467e-15 4.4459e-17 -1.22708e-15
Strain 0 0.0001 0 0.0001 0 0 0 0 0
Strain mean -8.16242e-21 0.0001 -1.30234e-20 0.0001 -3.64403e-37 2.22295e-22 -1.30234e-20 2.22295e-22 1.84993e-36
Plastic strain_mean 1.07552e-23 5.98047e-14 0 5.98047e-14 -1.07552e-23 0 0 0 0
Plastic strain_rate_mean 0 0 0 0 0 0 0 0 0
Dissipation 1.18861e-12
End step 3
Begin step 4
Stress -9.77104e-15 26.6667 1.32209e-14 26.6667 -4.17957e-15 9.44619e-17 1.32209e-14 9.44619e-17 -4.1889e-15
Strain 0 0.000133333 0 0.000133333 0 0 0 0 0
Strain mean -2.78641e-20 0.000133333 6.61047e-20 0.000133333 2.58609e-37 4.72309e-22 6.61047e-20 4.72309e-22 -1.84038e-37
Plastic strain_mean 4.66312e-23 2.22623e-12 0 2.22623e-12 -4.66312e-23 0 0 0 0
Plastic strain_rate_mean 0 0 0 0 0 0 0 0 0
Dissipation 5.77715e-11
End step 4
Begin step 5
Stress -2.31844e-15 33.3333 -2.93325e-13 33.3333 -4.52049e-16 2.7771e-13 -2.93325e-13 2.7771e-13 -8.31884e-16
Strain 0 0.000166667 0 0.000166667 0 0 0 0 0
Strain mean -5.5336e-21 0.000166667 -1.46662e-18 0.000166667 4.21297e-35 1.38855e-18 -1.46662e-18 1.38855e-18 -1.50651e-34
Plastic strain_mean 1.89918e-21 3.74728e-11 0 3.74728e-11 -1.89918e-21 0 0 0 0
Plastic strain_rate_mean 0 0 0 0 0 0 0 0 0
Dissipation 1.17489e-09
End step 5
Begin step 6
Stress 5.30704e-15 39.9999 1.2017e-12 39.9999 -3.32916e-15 1.60096e-12 1.2017e-12 1.60096e-12 5.93891e-16
Strain 0 0.0002 0 0.0002 0 0 0 0 0
Strain mean 3.9505e-21 0.0002 6.00852e-18 0.0002 -1.11343e-34 8.00478e-18 6.00852e-18 8.00478e-18 -4.79093e-34
Plastic strain_mean -1.96153e-20 3.81724e-10 0 3.81724e-10 1.96153e-20 0 0 0 0
Plastic strain_rate_mean 0 0 0 0 0 0 0 0 0
Dissipation 1.377e-08
End step 6
Begin step 7
Stress -3.32039e-14 46.6661 5.71127e-12 46.6661 1.85589e-14 2.5601e-12 5.71127e-12 2.5601e-12 -4.39742e-15
Strain 0 0.000233333 0 0.000233333 0 0 0 0 0
Strain mean -2.92511e-20 0.000233333 2.85564e-17 0.000233333 4.5139e-34 1.28005e-17 2.85564e-17 1.28005e-17 -2.00718e-33
Plastic strain_mean 1.14781e-19 2.74577e-09 0 2.74577e-09 -1.14781e-19 0 0 0 0
Plastic strain_rate_mean 0 0 0 0 0 0 0 0 0
Dissipation 1.10321e-07
End step 7
Begin step 8
Stress -1.06744e-13 53.3303 -1.48447e-12 53.3303 8.7772e-14 3.73206e-12 -1.48447e-12 3.73206e-12 -5.69655e-15
Strain 0 0.000266667 0 0.000266667 0 0 0 0 0
Strain mean -3.78928e-20 0.000266667 -7.42237e-18 0.000266667 2.22686e-33 1.86603e-17 -7.42237e-18 1.86603e-17 -2.49449e-33
Plastic strain_mean 4.67343e-19 1.52861e-08 0 1.52861e-08 -4.67343e-19 0 0 0 0
Plastic strain_rate_mean 0 0 0 0 0 0 0 0 0
Dissipation 6.68777e-07
End step 8
Begin step 9
Stress -2.75573e-14 59.986 -1.86924e-12 59.986 9.04859e-14 8.36728e-14 -1.86924e-12 8.36728e-14 1.88953e-14
Strain 0 0.0003 0 0.0003 0 0 0 0 0
Strain mean 1.2569e-19 0.0003 -9.34619e-18 0.0003 -1.08334e-34 4.18364e-19 -9.34619e-18 4.18364e-19 -1.51517e-33
Plastic strain_mean 3.57953e-19 6.98314e-08 0 6.98314e-08 -3.57953e-19 0 0 0 0
Plastic strain_rate_mean 0 0 0 0 0 0 0 0 0
Dissipation 3.27196e-06
End step 9
Begin step 10
Stress -9.17006e-15 66.6123 1.6835e-12 66.6123 1.33852e-15 -3.13426e-12 1.6835e-12 -3.13426e-12 -2.35155e-15
Strain 0 0.000333333 0 0.000333333 0 0 0 0 0
Strain mean -1.56422e-20 0.000333333 8.41749e-18 0.000333333 -1.23356e-31 -1.56713e-17 8.41749e-18 -1.56713e-17 -1.2338e-33
Plastic strain_mean 1.84503e-20 2.71922e-07 0 2.71922e-07 -1.84503e-20 0 0 0 0
Plastic strain_rate_mean 0 0 0 0 0 0 0 0 0
Dissipation 1.34617e-05
End step 10
Begin step 11
Stress -2.56345e-13 73.1487 -3.5881e-12 73.1487 2.65158e-13 -4.27e-12 -3.5881e-12 -4.27e-12 2.64631e-15
Strain 0 0.000366667 0 0.000366667 0 0 0 0 0
Strain mean 1.76029e-20 0.000366667 -1.79405e-17 0.000366667 5.70075e-32 -2.135e-17 -1.79405e-17 -2.135e-17 -4.00383e-33
Plastic strain_mean 1.31256e-18 9.2305e-07 0 9.2305e-07 -1.31256e-18 0 0 0 0
Plastic strain_rate_mean 0 0 0 0 0 0 0 0 0
Dissipation 4.76289e-05
End step 11
Begin step 12
Stress -2.67968e-13 79.4497 6.50644e-13 79.4497 2.34853e-13 -5.66901e-13 6.50644e-13 -5.66901e-13 -9.94331e-15
Strain 0 0.0004 0 0.0004 0 0 0 0 0
Strain mean -6.61418e-20 0.0004 3.25322e-18 0.0004 -6.74075e-34 -2.8345e-18 3.25322e-18 -2.8345e-18 -7.01761e-33
Plastic strain_mean 1.22398e-18 2.75171e-06 0 2.75171e-06 -1.22398e-18 0 0 0 0
Plastic strain_rate_mean 0 0 0 0 0 0 0 0 0
Dissipation 0.000145284
End step 12
Begin step 13
Stress -6.02871e-14 85.2361 -7.46579e-13 85.2361 1.06074e-14 -8.26164e-12 -7.46579e-13 -8.26164e-12 -1.49172e-14
Strain 0 0.000433333 0 0.000433333 0 0 0 0 0
Strain mean -9.92272e-20 0.000433333 -3.73289e-18 0.000433333 4.38149e-32 -4.13082e-17 -3.73289e-18 -4.13082e-17 9.25349e-33
Plastic strain_mean 1.27623e-19 7.1527e-06 0 7.1527e-06 -1.27623e-19 0 0 0 0
Plastic strain_rate_mean 0 0 0 0 0 0 0 0 0
Dissipation 0.00037511
End step 13
Begin step 14
Stress -1.20597e-12 90.1348 -2.30868e-12 90.1348 1.25192e-12 2.81858e-12 -2.30868e-12 2.81858e-12 1.37992e-14
Strain 0 0.000466667 0 0.000466667 0 0 0 0 0
Strain mean 9.1791e-20 0.000466667 -1.15434e-17 0.000466667 2.43775e-31 1.40929e-17 -1.15434e-17 1.40929e-17 -1.50463e-34
Plastic strain_mean 6.19062e-18 1.59929e-05 0 1.59929e-05 -6.19062e-18 0 0 0 0
Plastic strain_rate_mean 0 0 0 0 0 0 0 0 0
Dissipation 0.000796748
End step 14
Begin step 15
Stress -5.51121e-13 93.8694 -2.74942e-14 93.8694 5.29539e-13 -1.41875e-12 -2.74942e-14 -1.41875e-12 -6.4804e-15
Strain 0 0.0005 0 0.0005 0 0 0 0 0
Strain mean -4.31069e-20 0.0005 -1.37471e-19 0.0005 1.56241e-32 -7.09375e-18 -1.37471e-19 -7.09375e-18 -4.21297e-33
Plastic strain_mean 2.6801e-18 3.06529e-05 0 3.06529e-05 -2.6801e-18 0 0 0 0
Plastic strain_rate_mean 0 0 0 0 0 0 0 0 0
Dissipation 0.00137595
End step 15
Begin step 16
Stress -2.82104e-15 96.4371 -6.48359e-13 96.4371 -2.67745e-14 -6.92331e-13 -6.48359e-13 -6.92331e-13 -8.88653e-15
Strain 0 0.000533333 0 0.000533333 0 0 0 0 0
Strain mean -5.91122e-20 0.000533333 -3.24179e-18 0.000533333 7.6315e-33 -3.46166e-18 -3.24179e-18 -3.46166e-18 5.90568e-34
Plastic strain_mean -8.94397e-20 5.11478e-05 0 5.11478e-05 8.94397e-20 0 0 0 0
Plastic strain_rate_mean 0 0 0 0 0 0 0 0 0
Dissipation 0.00197605
End step 16
Begin step 17
Stress -8.03154e-13 98.0648 -7.26636e-13 98.0648 7.82619e-13 -3.47993e-13 -7.26636e-13 -3.47993e-13 -6.16599e-15
Strain 0 0.000566667 0 0.000566667 0 0 0 0 0
Strain mean -4.10154e-20 0.000566667 -3.63318e-18 0.000566667 2.60001e-33 -1.73997e-18 -3.63318e-18 -1.73997e-18 1.04121e-33
Plastic strain_mean 3.94392e-18 7.63425e-05 0 7.63425e-05 -3.94392e-18 0 0 0 0
Plastic strain_rate_mean 0 0 0 0 0 0 0 0 0
Dissipation 0.00246997
End step 17
Begin step 18
Stress -1.78369e-12 99.0439 -3.38986e-13 99.0439 1.83445e-12 -3.36579e-12 -3.38986e-13 -3.36579e-12 1.52403e-14
Strain 0 0.0006 0 0.0006 0 0 0 0 0
Strain mean 1.01377e-19 0.0006 -1.69493e-18 0.0006 -2.31112e-32 -1.6829e-17 -1.69493e-18 -1.6829e-17 -1.35718e-33
Plastic strain_mean 9.09603e-18 0.000104781 0 0.000104781 -9.09603e-18 0 0 0 0
Plastic strain_rate_mean 0 0 0 0 0 0 0 0 0
Dissipation 0.0028155
End step 18
Begin step 19
Stress -1.38692e-12 99.6172 -4.16229e-13 99.6172 1.38568e-12 -2.48555e-12 -4.16229e-13 -2.48555e-12 -3.71182e-16
Strain 0 0.000633333 0 0.000633333 0 0 0 0 0
Strain mean -2.46906e-21 0.000633333 -2.08114e-18 0.000633333 4.74561e-33 -1.24278e-17 -2.08114e-18 -1.24278e-17 2.06737e-33
Plastic strain_mean 6.93028e-18 0.000135247 0 0.000135247 -6.93028e-18 0 0 0 0
Plastic strain_rate_mean 0 0 0 0 0 0 0 0 0
Dissipation 0.00303347
End step 19
Begin step 20
Stress -2.94743e-13 99.9514 3.43431e-13 99.9514 4.12718e-13 -2.39707e-13 3.43431e-13 -2.39707e-13 3.54239e-14
Strain 0 0.000666667 0 0.000666667 0 0 0 0 0
Strain mean 2.35636e-19 0.000666667 1.71716e-18 0.000666667 -9.32872e-35 -1.19853e-18 1.71716e-18 -1.19853e-18 2.4913e-33
Plastic strain_mean 1.88647e-18 0.00016691 0 0.00016691 -1.88647e-18 0 0 0 0
Plastic strain_rate_mean 0 0 0 0 0 0 0 0 0
Dissipation 0.00316283
End step 20
Begin step 21
Stress 2.17238e-12 100.149 2.46576e-12 100.149 -2.20976e-12 2.42118e-12 2.46576e-12 2.42118e-12 -1.12228e-14
Strain 0 0.0007 0 0.0007 0 0 0 0 0
Strain mean -7.46528e-20 0.0007 1.23288e-17 0.0007 -6.37964e-33 1.21059e-17 1.23288e-17 1.21059e-17 6.80094e-34
Plastic strain_mean -1.09927e-17 0.000199255 0 0.000199255 1.09927e-17 0 0 0 0
Plastic strain_rate_mean 0 0 0 0 0 0 0 0 0
Dissipation 0.00323704
End step 21
Begin step 22
Stress 1.60201e-12 100.27 7.14604e-13 100.27 -1.53634e-12 1.27565e-12 7.14604e-13 1.27565e-12 1.97207e-14
Strain 0 0.000733333 0 0.000733333 0 0 0 0 0
Strain mean 1.3118e-19 0.000733333 3.57302e-18 0.000733333 1.92593e-33 6.37826e-18 3.57302e-18 6.37826e-18 -2.64815e-34
Plastic strain_mean -7.78028e-18 0.000231982 0 0.000231982 7.78028e-18 0 0 0 0
Plastic strain_rate_mean 0 0 0 0 0 0 0 0 0
Dissipation 0.00327893
End step 22
Begin step 23
Stress 2.58393e-12 100.349 1.5267e-12 100.349 -2.58834e-12 -3.48051e-13 1.5267e-12 -3.48051e-13 -1.32315e-15
Strain 0 0.000766667 0 0.000766667 0 0 0 0 0
Strain mean -8.80147e-21 0.000766667 7.63349e-18 0.000766667 -2.94908e-33 -1.74026e-18 7.63349e-18 -1.74026e-18 1.15518e-33
Plastic strain_mean -1.29351e-17 0.000264921 0 0.000264921 1.29351e-17 0 0 0 0
Plastic strain_rate_mean 0 0 0 0 0 0 0 0 0
Dissipation 0.00330247
End step 23
Begin step 24
Stress -3.42885e-13 100.405 8.30073e-13 100.405 3.69325e-13 -1.37448e-13 8.30073e-13 -1.37448e-13 7.93893e-15
Strain 0 0.0008 0 0.0008 0 0 0 0 0
Strain mean 5.28088e-20 0.0008 4.15036e-18 0.0008 2.38815e-32 -6.87242e-19 4.15036e-18 -6.87242e-19 1.08334e-33
Plastic strain_mean 1.80693e-18 0.000297977 0 0.000297977 -1.80693e-18 0 0 0 0
Plastic strain_rate_mean 0 0 0 0 0 0 0 0 0
Dissipation 0.00331576
End step 24
Begin step 25
Stress -1.08585e-12 100.447 2.45616e-12 100.447 1.08706e-12 3.39707e-13 2.45616e-12 3.39707e-13 3.62448e-16
Strain 0 0.000833333 0 0.000833333 0 0 0 0 0
Strain mean 2.41096e-21 0.000833333 1.22808e-17 0.000833333 -3.27528e-32 1.69853e-18 1.22808e-17 1.69853e-18 -2.12454e-33
Plastic strain_mean 5.43349e-18 0.000331098 0 0.000331098 -5.43349e-18 0 0 0 0
Plastic strain_rate_mean 0 0 0 0 0 0 0 0 0
Dissipation 0.00332338
End step 25
Begin step 26
Stress -9.36408e-13 100.482 -3.59963e-13 100.482 9.15058e-13 3.51721e-13 -3.59963e-13 3.51721e-13 -6.41053e-15
Strain 0 0.000866667 0 0.000866667 0 0 0 0 0
Strain mean -4.26421e-20 0.000866667 -1.79981e-18 0.000866667 3.30297e-32 1.7586e-18 -1.79981e-18 1.7586e-18 -6.87617e-34
Plastic strain_mean 4.60734e-18 0.000364255 0 0.000364255 -4.60734e-18 0 0 0 0
Plastic strain_rate_mean 0 0 0 0 0 0 0 0 0
Dissipation 0.00332789
End step 26
Begin step 27
Stress -1.27802e-12 100.514 -1.11179e-12 100.514 1.26662e-12 7.43121e-13 -1.11179e-12 7.43121e-13 -3.42361e-15
Strain 0 0.0009 0 0.0009 0 0 0 0 0
Strain mean -2.27735e-20 0.0009 -5.55895e-18 0.0009 -1.71408e-32 3.71561e-18 -5.55895e-18 3.71561e-18 -1.50162e-33
Plastic strain_mean 6.35023e-18 0.000397432 0 0.000397432 -6.35023e-18 0 0 0 0
Plastic strain_rate_mean 0 0 0 0 0 0 0 0 0
Dissipation 0.00333069
End step 27
Begin step 28
Stress -1.32657e-12 100.542 -1.21087e-12 100.542 1.33572e-12 7.51302e-13 -1.21087e-12 7.51302e-13 2.74675e-15
Strain 0 0.000933333 0 0.000933333 0 0 0 0 0
Strain mean 1.8271e-20 0.000933333 -6.05434e-18 0.000933333 -1.06889e-32 3.75651e-18 -6.05434e-18 3.75651e-18 -1.1029e-33
Plastic strain_mean 6.66485e-18 0.000430621 0 0.000430621 -6.66485e-18 0 0 0 0
Plastic strain_rate_mean 0 0 0 0 0 0 0 0 0
Dissipation 0.00333255
End step 28
Begin step 29
Stress -1.22771e-12 100.57 -1.11321e-12 100.57 1.29466e-12 6.69326e-13 -1.11321e-12 6.69326e-13 2.01006e-14
Strain 0 0.000966667 0 0.000966667 0 0 0 0 0
Strain mean 1.33707e-19 0.000966667 -5.56603e-18 0.000966667 4.51631e-32 3.34663e-18 -5.56603e-18 3.34663e-18 -4.43491e-34
Plastic strain_mean 6.37278e-18 0.000463817 0 0.000463817 -6.37278e-18 0 0 0 0
Plastic strain_rate_mean 0 0 0 0 0 0 0 0 0
Dissipation 0.00333389
End step 29
Begin step 30
Stress -1.03002e-12 100.597 -3.37932e-13 100.597 1.13543e-12 -1.4071e-12 -3.37932e-13 -1.4071e-12 3.16509e-14
Strain 0 0.001 0 0.001 0 0 0 0 0
Strain mean 2.10538e-19 0.001 -1.68966e-18 0.001 1.12667e-32 -7.03552e-18 -1.68966e-18 -7.03552e-18 1.74161e-34
Plastic strain_mean 5.51889e-18 0.000497016 0 0.000497016 -5.51889e-18 0 0 0 0
Plastic strain_rate_mean 0 0 0 0 0 0 0 0 0
Dissipation 0.00333495
End step 30
