Begin step 0
Stress 0 0 0 0 0 0 0 0 0
Strain 0 0 0 0 0 0 0 0 0
Strain mean 0 0 0 0 0 0 0 0 0
Plastic strain_mean 0 0 0 0 0 0 0 0 0
Plastic strain_rate_mean 0 0 0 0 0 0 0 0 0
Dissipation 0
End step 0
Begin step 1
Stress -7.4779e-14 5.04519 1.98896e-12 5.04519 7.22557e-14 8.42044e-13 1.98896e-12 8.42044e-13 -7.57648e-16
Strain 0 3.33333e-05 0 3.33333e-05 0 0 0 0 0
Strain mean -5.03979e-21 3.33333e-05 9.94482e-18 3.33333e-05 -6.01251e-33 4.21022e-18 9.94482e-18 4.21022e-18 -1.75478e-33
Plastic strain_mean 3.65067e-19 8.10737e-06 0 8.10737e-06 -3.65067e-19 0 0 0 0
Plastic strain_rate_mean 0 0 0 0 0 0 0 0 0
Dissipation 4.088e-05
End step 1
Begin step 2
Stress 8.3716e-14 8.8602 -3.16581e-13 8.8602 -9.20948e-14 9.63058e-13 -3.16581e-13 9.63058e-13 -2.51585e-15
Strain 0 6.66667e-05 0 6.66667e-05 0 0 0 0 0
Strain mean -1.67351e-20 6.66667e-05 -1.58291e-18 6.66667e-05 3.83681e-33 4.81529e-18 -1.58291e-18 4.81529e-18 -1.08033e-33
Plastic strain_mean -4.47895e-19 2.23657e-05 0 2.23657e-05 4.47895e-19 0 0 0 0
Plastic strain_rate_mean 0 0 0 0 0 0 0 0 0
Dissipation 0.00012622
End step 2
Begin step 3
Stress 1.95637e-13 11.7417 -2.95459e-13 11.7417 -1.94686e-13 9.1239e-13 -2.95459e-13 9.1239e-13 2.85483e-16
Strain 0 0.0001 0 0.0001 0 0 0 0 0
Strain mean 1.899e-21 0.0001 -1.4773e-18 0.0001 6.47594e-33 4.56195e-18 -1.4773e-18 4.56195e-18 -8.57641e-34
Plastic strain_mean -9.74859e-19 4.12915e-05 0 4.12915e-05 9.74859e-19 0 0 0 0
Plastic strain_rate_mean 0 0 0 0 0 0 0 0 0
Dissipation 0.000221949
End step 3
Begin step 4
Stress 2.38415e-13 13.9158 -2.23253e-13 13.9158 -2.49613e-13 7.06398e-13 -2.23253e-13 7.06398e-13 -3.36247e-15
Strain 0 0.000133333 0 0.000133333 0 0 0 0 0
Strain mean -2.23668e-20 0.000133333 -1.11627e-18 0.000133333 2.88137e-34 3.53199e-18 -1.11627e-18 3.53199e-18 -6.40974e-34
Plastic strain_mean -1.23125e-18 6.37542e-05 0 6.37542e-05 1.23125e-18 0 0 0 0
Plastic strain_rate_mean 0 0 0 0 0 0 0 0 0
Dissipation 0.00031209
End step 4
Begin step 5
Stress 2.22074e-13 15.555 1.89686e-12 15.555 -2.09072e-13 9.88345e-13 1.89686e-12 9.88345e-13 3.90396e-15
Strain 0 0.000166667 0 0.000166667 0 0 0 0 0
Strain mean 2.59687e-20 0.000166667 9.48431e-18 0.000166667 5.78983e-33 4.94172e-18 9.48431e-18 4.94172e-18 -2.25695e-33
Plastic strain_mean -1.06488e-18 8.88917e-05 0 8.88917e-05 1.06488e-18 0 0 0 0
Plastic strain_rate_mean 0 0 0 0 0 0 0 0 0
Dissipation 0.000390245
End step 5
Begin step 6
Stress 2.15903e-13 16.7903 1.10809e-12 16.7903 -2.27931e-13 5.97194e-13 1.10809e-12 5.97194e-13 -3.61138e-15
Strain 0 0.0002 0 0.0002 0 0 0 0 0
Strain mean -2.40225e-20 0.0002 5.54044e-18 0.0002 5.20904e-33 2.98597e-18 5.54044e-18 2.98597e-18 -1.34966e-33
Plastic strain_mean -1.1216e-18 0.000116048 0 0.000116048 1.1216e-18 0 0 0 0
Plastic strain_rate_mean 0 0 0 0 0 0 0 0 0
Dissipation 0.000454892
End step 6
Begin step 7
Stress 2.27785e-13 17.7214 6.26585e-13 17.7214 -2.39845e-13 2.69412e-13 6.26585e-13 2.69412e-13 -3.62121e-15
Strain 0 0.000233333 0 0.000233333 0 0 0 0 0
Strain mean -2.40879e-20 0.000233333 3.13293e-18 0.000233333 -2.91297e-33 1.34706e-18 3.13293e-18 1.34706e-18 -1.17662e-33
Plastic strain_mean -1.18112e-18 0.000144726 0 0.000144726 1.18112e-18 0 0 0 0
Plastic strain_rate_mean 0 0 0 0 0 0 0 0 0
Dissipation 0.000506806
End step 7
Begin step 8
Stress -5.2328e-13 18.4236 -2.92241e-12 18.4236 5.19204e-13 4.24265e-12 -2.92241e-12 4.24265e-12 -1.22381e-15
Strain 0 0.000266667 0 0.000266667 0 0 0 0 0
Strain mean -8.14064e-21 0.000266667 -1.46121e-17 0.000266667 1.57926e-32 2.12133e-17 -1.46121e-17 2.12133e-17 -7.97455e-35
Plastic strain_mean 2.60214e-18 0.000174548 0 0.000174548 -2.60214e-18 0 0 0 0
Plastic strain_rate_mean 0 0 0 0 0 0 0 0 0
Dissipation 0.000547686
End step 8
Begin step 9
Stress 1.40113e-13 18.9538 1.54927e-12 18.9538 -1.68211e-13 -2.87977e-12 1.54927e-12 -2.87977e-12 -8.43675e-15
Strain 0 0.0003 0 0.0003 0 0 0 0 0
Strain mean -5.61203e-20 0.0003 7.74637e-18 0.0003 6.47112e-32 -1.43989e-17 7.74637e-18 -1.43989e-17 2.12153e-33
Plastic strain_mean -7.98871e-19 0.000205231 0 0.000205231 7.98871e-19 0 0 0 0
Plastic strain_rate_mean 0 0 0 0 0 0 0 0 0
Dissipation 0.000579449
End step 9
Begin step 10
Stress 3.79119e-13 19.3549 -3.23956e-12 19.3549 -3.59282e-13 6.44044e-12 -3.23956e-12 6.44044e-12 5.95638e-15
Strain 0 0.000333333 0 0.000333333 0 0 0 0 0
Strain mean 3.96212e-20 0.000333333 -1.61978e-17 0.000333333 -3.48593e-32 3.22022e-17 -1.61978e-17 3.22022e-17 -4.61922e-33
Plastic strain_mean -1.82619e-18 0.000236559 0 0.000236559 1.82619e-18 0 0 0 0
Plastic strain_rate_mean 0 0 0 0 0 0 0 0 0
Dissipation 0.000603901
End step 10
Begin step 11
Stress -9.09914e-13 19.659 1.72279e-12 19.659 9.15222e-13 -6.09299e-12 1.72279e-12 -6.09299e-12 1.5939e-15
Strain 0 0.000366667 0 0.000366667 0 0 0 0 0
Strain mean 1.06024e-20 0.000366667 8.61395e-18 0.000366667 -1.79111e-32 -3.0465e-17 8.61395e-18 -3.0465e-17 -1.54676e-33
Plastic strain_mean 4.56814e-18 0.000268372 0 0.000268372 -4.56814e-18 0 0 0 0
Plastic strain_rate_mean 0 0 0 0 0 0 0 0 0
Dissipation 0.000622604
End step 11
Begin step 12
Stress -2.78306e-12 19.8905 -1.57634e-12 19.8905 2.8098e-12 -6.96653e-12 -1.57634e-12 -6.96653e-12 8.02954e-15
Strain 0 0.0004 0 0.0004 0 0 0 0 0
Strain mean 5.34116e-20 0.0004 -7.8817e-18 0.0004 1.19793e-31 -3.48327e-17 -7.8817e-18 -3.48327e-17 -2.25093e-33
Plastic strain_mean 1.40089e-17 0.000300547 0 0.000300547 -1.40089e-17 0 0 0 0
Plastic strain_rate_mean 0 0 0 0 0 0 0 0 0
Dissipation 0.00063685
End step 12
Begin step 13
Stress -1.0712e-12 20.0675 1.28367e-12 20.0675 1.10118e-12 4.31159e-12 1.28367e-12 4.31159e-12 9.00226e-15
Strain 0 0.000433333 0 0.000433333 0 0 0 0 0
Strain mean 5.9882e-20 0.000433333 6.41833e-18 0.000433333 -6.74075e-33 2.15579e-17 6.41833e-18 2.15579e-17 -1.33912e-33
Plastic strain_mean 5.4609e-18 0.000332996 0 0.000332996 -5.4609e-18 0 0 0 0
Plastic strain_rate_mean 0 0 0 0 0 0 0 0 0
Dissipation 0.000647673
End step 13
Begin step 14
Stress -5.96218e-14 20.2038 -5.00063e-13 20.2038 2.97209e-14 -1.00669e-12 -5.00063e-13 -1.00669e-12 -8.97824e-15
Strain 0 0.000466667 0 0.000466667 0 0 0 0 0
Strain mean -5.97222e-20 0.000466667 -2.50032e-18 0.000466667 -2.0126e-32 -5.03343e-18 -2.50032e-18 -5.03343e-18 -9.83466e-34
Plastic strain_mean 1.93496e-19 0.000365648 0 0.000365648 -1.93496e-19 0 0 0 0
Plastic strain_rate_mean 0 0 0 0 0 0 0 0 0
Dissipation 0.000655885
End step 14
Begin step 15
Stress 2.18569e-13 20.3094 -2.98803e-13 20.3094 -2.17536e-13 -4.08696e-13 -2.98803e-13 -4.08696e-13 3.10046e-16
Strain 0 0.0005 0 0.0005 0 0 0 0 0
Strain mean 2.06239e-21 0.0005 -1.49402e-18 0.0005 -1.00148e-32 -2.04348e-18 -1.49402e-18 -2.04348e-18 -1.06829e-34
Plastic strain_mean -1.08923e-18 0.000398453 0 0.000398453 1.08923e-18 0 0 0 0
Plastic strain_rate_mean 0 0 0 0 0 0 0 0 0
Dissipation 0.000662115
End step 15
Begin step 16
Stress -2.70916e-13 20.3921 3.33829e-13 20.3921 2.54308e-13 -1.6043e-12 3.33829e-13 -1.6043e-12 -4.98694e-15
Strain 0 0.000533333 0 0.000533333 0 0 0 0 0
Strain mean -3.31726e-20 0.000533333 1.66915e-18 0.000533333 -2.92079e-32 -8.02148e-18 1.66915e-18 -8.02148e-18 3.14468e-34
Plastic strain_mean 1.29647e-18 0.000431373 0 0.000431373 -1.29647e-18 0 0 0 0
Plastic strain_rate_mean 0 0 0 0 0 0 0 0 0
Dissipation 0.000666847
End step 16
Begin step 17
Stress -3.50547e-13 20.4576 3.23093e-13 20.4576 3.93129e-13 -1.03633e-12 3.23093e-13 -1.03633e-12 1.27861e-14
Strain 0 0.000566667 0 0.000566667 0 0 0 0 0
Strain mean 8.50519e-20 0.000566667 1.61546e-18 0.000566667 -1.70264e-32 -5.18164e-18 1.61546e-18 -5.18164e-18 -1.11884e-33
Plastic strain_mean 1.90172e-18 0.000464379 0 0.000464379 -1.90172e-18 0 0 0 0
Plastic strain_rate_mean 0 0 0 0 0 0 0 0 0
Dissipation 0.000670449
End step 17
Begin step 18
Stress -3.81583e-13 20.5102 3.50614e-13 20.5102 4.25409e-13 -6.32287e-13 3.50614e-13 -6.32287e-13 1.31595e-14
Strain 0 0.0006 0 0.0006 0 0 0 0 0
Strain mean 8.75355e-20 0.0006 1.75307e-18 0.0006 6.00649e-33 -3.16144e-18 1.75307e-18 -3.16144e-18 -1.26497e-33
Plastic strain_mean 2.06125e-18 0.000497449 0 0.000497449 -2.06125e-18 0 0 0 0
Plastic strain_rate_mean 0 0 0 0 0 0 0 0 0
Dissipation 0.000673203
End step 18
Begin step 19
Stress -4.26867e-13 20.5531 9.36965e-14 20.5531 4.45141e-13 -4.28471e-13 9.36965e-14 -4.28471e-13 5.48694e-15
Strain 0 0.000633333 0 0.000633333 0 0 0 0 0
Strain mean 3.64985e-20 0.000633333 4.68483e-19 0.000633333 -8.78706e-34 -2.14235e-18 4.68483e-19 -2.14235e-18 -1.36631e-33
Plastic strain_mean 2.19827e-18 0.000530568 0 0.000530568 -2.19827e-18 0 0 0 0
Plastic strain_rate_mean 0 0 0 0 0 0 0 0 0
Dissipation 0.000675317
End step 19
Begin step 20
Stress -4.5414e-13 20.5888 -2.8448e-13 20.5888 5.85088e-13 -3.27302e-13 -2.8448e-13 -3.27302e-13 3.93191e-14
Strain 0 0.000666667 0 0.000666667 0 0 0 0 0
Strain mean 2.61546e-19 0.000666667 -1.4224e-18 0.000666667 1.52871e-33 -1.63651e-18 -1.4224e-18 -1.63651e-18 -1.21963e-33
Plastic strain_mean 2.72884e-18 0.000563723 0 0.000563723 -2.72884e-18 0 0 0 0
Plastic strain_rate_mean 0 0 0 0 0 0 0 0 0
Dissipation 0.000676953
End step 20
Begin step 21
Stress -7.60286e-13 20.6191 -4.92083e-13 20.6191 7.01452e-13 -2.72068e-13 -4.92083e-13 -2.72068e-13 -1.76661e-14
Strain 0 0.0007 0 0.0007 0 0 0 0 0
Strain mean -1.17513e-19 0.0007 -2.46042e-18 0.0007 -3.49075e-34 -1.36034e-18 -2.46042e-18 -1.36034e-18 -1.43542e-33
Plastic strain_mean 3.59559e-18 0.000596905 0 0.000596905 -3.59559e-18 0 0 0 0
Plastic strain_rate_mean 0 0 0 0 0 0 0 0 0
Dissipation 0.000678229
End step 21
Begin step 22
Stress -8.76576e-13 20.6452 -5.43605e-13 20.6452 9.06826e-13 -2.28038e-13 -5.43605e-13 -2.28038e-13 9.08304e-15
Strain 0 0.000733333 0 0.000733333 0 0 0 0 0
Strain mean 6.04194e-20 0.000733333 -2.71802e-18 0.000733333 -1.99815e-33 -1.14019e-18 -2.71802e-18 -1.14019e-18 -1.69459e-33
Plastic strain_mean 4.48872e-18 0.000630107 0 0.000630107 -4.48872e-18 0 0 0 0
Plastic strain_rate_mean 0 0 0 0 0 0 0 0 0
Dissipation 0.000679237
End step 22
Begin step 23
Stress 4.04647e-12 20.6683 3.92308e-12 20.6683 -4.05017e-12 -3.17581e-13 3.92308e-12 -3.17581e-13 -1.10918e-15
Strain 0 0.000766667 0 0.000766667 0 0 0 0 0
Strain mean -7.37813e-21 0.000766667 1.96154e-17 0.000766667 -1.20371e-34 -1.58791e-18 1.96154e-17 -1.58791e-18 1.58889e-33
Plastic strain_mean -2.02453e-17 0.000663325 0 0.000663325 2.02453e-17 0 0 0 0
Plastic strain_rate_mean 0 0 0 0 0 0 0 0 0
Dissipation 0.000680044
End step 23
Begin step 24
Stress 6.37656e-12 20.689 3.39213e-12 20.689 -6.39382e-12 -1.23412e-13 3.39213e-12 -1.23412e-13 -5.18345e-15
Strain 0 0.0008 0 0.0008 0 0 0 0 0
Strain mean -3.44797e-20 0.0008 1.69607e-17 0.0008 -1.70926e-33 -6.17059e-19 1.69607e-17 -6.17059e-19 1.96054e-33
Plastic strain_mean -3.19432e-17 0.000696555 0 0.000696555 3.19432e-17 0 0 0 0
Plastic strain_rate_mean 0 0 0 0 0 0 0 0 0
Dissipation 0.000680701
End step 24
Begin step 25
Stress 7.41422e-12 20.708 2.85812e-12 20.708 -7.41726e-12 3.13421e-14 2.85812e-12 3.13421e-14 -9.12671e-16
Strain 0 0.000833333 0 0.000833333 0 0 0 0 0
Strain mean -6.07098e-21 0.000833333 1.42906e-17 0.000833333 1.83686e-32 1.56711e-19 1.42906e-17 1.56711e-19 2.29757e-33
Plastic strain_mean -3.70817e-17 0.000729793 0 0.000729793 3.70817e-17 0 0 0 0
Plastic strain_rate_mean 0 0 0 0 0 0 0 0 0
Dissipation 0.000681246
End step 25
Begin step 26
Stress 7.74231e-12 20.7256 2.46079e-12 20.7256 -7.75722e-12 1.58928e-13 2.46079e-12 1.58928e-13 -4.47602e-15
Strain 0 0.000866667 0 0.000866667 0 0 0 0 0
Strain mean -2.9774e-20 0.000866667 1.2304e-17 0.000866667 -1.13148e-32 7.94642e-19 1.2304e-17 7.94642e-19 2.46308e-33
Plastic strain_mean -3.87637e-17 0.000763039 0 0.000763039 3.87637e-17 0 0 0 0
Plastic strain_rate_mean 0 0 0 0 0 0 0 0 0
Dissipation 0.000681706
End step 26
Begin step 27
Stress 7.81691e-12 20.7423 2.131e-12 20.7423 -7.78567e-12 2.58459e-13 2.131e-12 2.58459e-13 9.37999e-15
Strain 0 0.0009 0 0.0009 0 0 0 0 0
Strain mean 6.23946e-20 0.0009 1.0655e-17 0.0009 -2.98519e-33 1.2923e-18 1.0655e-17 1.2923e-18 2.51725e-33
Plastic strain_mean -3.89752e-17 0.000796289 0 0.000796289 3.89752e-17 0 0 0 0
Plastic strain_rate_mean 0 0 0 0 0 0 0 0 0
Dissipation 0.000682104
End step 27
Begin step 28
Stress 7.66647e-12 20.7581 1.88188e-12 20.7581 -7.6554e-12 3.37285e-13 1.88188e-12 3.37285e-13 3.32317e-15
Strain 0 0.000933333 0 0.000933333 0 0 0 0 0
Strain mean 2.21054e-20 0.000933333 9.40941e-18 0.000933333 5.4889e-33 1.68642e-18 9.40941e-18 1.68642e-18 3.27107e-33
Plastic strain_mean -3.82936e-17 0.000829543 0 0.000829543 3.82936e-17 0 0 0 0
Plastic strain_rate_mean 0 0 0 0 0 0 0 0 0
Dissipation 0.000682456
End step 28
Begin step 29
Stress 7.50718e-12 20.7734 1.74689e-12 20.7734 -7.45168e-12 4.00091e-13 1.74689e-12 4.00091e-13 1.66661e-14
Strain 0 0.000966667 0 0.000966667 0 0 0 0 0
Strain mean 1.10861e-19 0.000966667 8.73446e-18 0.000966667 -2.40741e-33 2.00046e-18 8.73446e-18 2.00046e-18 3.63519e-33
Plastic strain_mean -3.73417e-17 0.0008628 0 0.0008628 3.73417e-17 0 0 0 0
Plastic strain_rate_mean 0 0 0 0 0 0 0 0 0
Dissipation 0.000682774
End step 29
Begin step 30
Stress 7.32708e-12 20.7882 1.62279e-12 20.7882 -7.2375e-12 4.51551e-13 1.62279e-12 4.51551e-13 2.68998e-14
Strain 0 0.001 0 0.001 0 0 0 0 0
Strain mean 1.78934e-19 0.001 8.11396e-18 0.001 4.98334e-33 2.25776e-18 8.11396e-18 2.25776e-18 4.34538e-33
Plastic strain_mean -3.6322e-17 0.000896059 0 0.000896059 3.6322e-17 0 0 0 0
Plastic strain_rate_mean 0 0 0 0 0 0 0 0 0
Dissipation 0.000683065
End step 30
