Begin step 0
Stress 0 0 0 0 0 0 0 0 0
Strain 0 0 0 0 0 0 0 0 0
Strain mean 0 0 0 0 0 0 0 0 0
Plastic strain_mean 0 0 0 0 0 0 0 0 0
Plastic strain_rate_mean 0 0 0 0 0 0 0 0 0
Dissipation 0
End step 0
Begin step 1
Stress 3.31084e-15 6.65596 2.79658e-12 6.65596 -5.11511e-15 -1.28411e-12 2.79658e-12 -1.28411e-12 -5.41762e-16
Strain 0 3.33333e-05 0 3.33333e-05 0 0 0 0 0
Strain mean -3.60374e-21 3.33333e-05 1.39829e-17 3.33333e-05 6.22542e-33 -6.42055e-18 1.39829e-17 -6.42055e-18 3.5231e-33
Plastic strain_mean -2.28667e-20 5.35465e-08 0 5.35465e-08 2.28667e-20 0 0 0 0
Plastic strain_rate_mean 0 0 0 0 0 0 0 0 0
Dissipation 3.56402e-07
End step 1
Begin step 2
Stress 4.71984e-14 13.3011 4.02891e-12 13.3011 -4.14356e-14 -3.82049e-12 4.02891e-12 -3.82049e-12 1.73036e-15
Strain 0 6.66667e-05 0 6.66667e-05 0 0 0 0 0
Strain mean 1.15102e-20 6.66667e-05 2.01446e-17 6.66667e-05 7.17409e-33 -1.91025e-17 2.01446e-17 -1.91025e-17 2.74445e-33
Plastic strain_mean -2.1583e-19 1.61047e-07 0 1.61047e-07 2.1583e-19 0 0 0 0
Plastic strain_rate_mean 0 0 0 0 0 0 0 0 0
Dissipation 1.42987e-06
End step 2
Begin step 3
Stress 1.10992e-13 19.9353 7.21899e-12 19.9353 -1.16213e-13 -6.90597e-12 7.21899e-12 -6.90597e-12 -1.5677e-15
Strain 0 0.0001 0 0.0001 0 0 0 0 0
Strain mean -1.04281e-20 0.0001 3.6095e-17 0.0001 -8.85928e-33 -3.45298e-17 3.6095e-17 -3.45298e-17 2.99723e-33
Plastic strain_mean -5.73224e-19 3.23425e-07 0 3.23425e-07 5.73224e-19 0 0 0 0
Plastic strain_rate_mean 0 0 0 0 0 0 0 0 0
Dissipation 3.23704e-06
End step 3
Begin step 4
Stress 1.39009e-13 26.5582 -4.01955e-12 26.5582 -1.3493e-13 -4.92308e-13 -4.01955e-12 -4.92308e-13 1.2249e-15
Strain 0 0.000133333 0 0.000133333 0 0 0 0 0
Strain mean 8.1479e-21 0.000133333 -2.00977e-17 0.000133333 2.47061e-33 -2.46154e-18 -2.00977e-17 -2.46154e-18 -4.73959e-34
Plastic strain_mean -6.80773e-19 5.42174e-07 0 5.42174e-07 6.80773e-19 0 0 0 0
Plastic strain_rate_mean 0 0 0 0 0 0 0 0 0
Dissipation 5.80953e-06
End step 4
Begin step 5
Stress 1.30082e-13 33.1694 5.06576e-13 33.1694 -1.2361e-13 -2.60666e-12 5.06576e-13 -2.60666e-12 1.94325e-15
Strain 0 0.000166667 0 0.000166667 0 0 0 0 0
Strain mean 1.29263e-20 0.000166667 2.53288e-18 0.000166667 2.43149e-33 -1.30333e-17 2.53288e-18 -1.30333e-17 3.64347e-33
Plastic strain_mean -6.27765e-19 8.19444e-07 0 8.19444e-07 6.27765e-19 0 0 0 0
Plastic strain_rate_mean 0 0 0 0 0 0 0 0 0
Dissipation 9.19683e-06
End step 5
Begin step 6
Stress 1.05056e-13 39.7684 1.43857e-12 39.7684 -9.76094e-14 -5.7353e-12 1.43857e-12 -5.7353e-12 2.23583e-15
Strain 0 0.0002 0 0.0002 0 0 0 0 0
Strain mean 1.48725e-20 0.0002 7.19283e-18 0.0002 -7.00557e-33 -2.86765e-17 7.19283e-18 -2.86765e-17 8.64412e-33
Plastic strain_mean -4.99226e-19 1.15819e-06 0 1.15819e-06 4.99226e-19 0 0 0 0
Plastic strain_rate_mean 0 0 0 0 0 0 0 0 0
Dissipation 1.34713e-05
End step 6
Begin step 7
Stress 9.01727e-14 46.3542 5.98012e-12 46.3542 -7.8909e-14 -3.31605e-12 5.98012e-12 -3.31605e-12 3.38212e-15
Strain 0 0.000233333 0 0.000233333 0 0 0 0 0
Strain mean 2.24975e-20 0.000233333 2.99006e-17 0.000233333 -4.69927e-32 -1.65803e-17 2.99006e-17 -1.65803e-17 2.26899e-33
Plastic strain_mean -4.11456e-19 1.5624e-06 0 1.5624e-06 4.11456e-19 0 0 0 0
Plastic strain_rate_mean 0 0 0 0 0 0 0 0 0
Dissipation 1.87367e-05
End step 7
Begin step 8
Stress 1.5177e-13 52.9258 1.34036e-12 52.9258 -8.46309e-14 2.41065e-13 1.34036e-12 2.41065e-13 2.01596e-14
Strain 0 0.000266667 0 0.000266667 0 0 0 0 0
Strain mean 1.34099e-19 0.000266667 6.70178e-18 0.000266667 1.20514e-32 1.20533e-18 6.70178e-18 1.20533e-18 -2.14109e-33
Plastic strain_mean -5.23952e-19 2.03745e-06 0 2.03745e-06 5.23952e-19 0 0 0 0
Plastic strain_rate_mean 0 0 0 0 0 0 0 0 0
Dissipation 2.51416e-05
End step 8
Begin step 9
Stress 9.15767e-14 59.4819 -3.12084e-12 59.4819 -1.01684e-13 1.49523e-12 -3.12084e-12 1.49523e-12 -3.03496e-15
Strain 0 0.0003 0 0.0003 0 0 0 0 0
Strain mean -2.01882e-20 0.0003 -1.56042e-17 0.0003 2.06676e-32 7.47613e-18 -1.56042e-17 7.47613e-18 -4.66436e-34
Plastic strain_mean -4.93247e-19 2.59065e-06 0 2.59065e-06 4.93247e-19 0 0 0 0
Plastic strain_rate_mean 0 0 0 0 0 0 0 0 0
Dissipation 3.2905e-05
End step 9
Begin step 10
Stress 8.38886e-14 66.0202 -1.31054e-12 66.0202 -7.45009e-14 6.45715e-13 -1.31054e-12 6.45715e-13 2.8188e-15
Strain 0 0.000333333 0 0.000333333 0 0 0 0 0
Strain mean 1.87503e-20 0.000333333 -6.55269e-18 0.000333333 -3.84223e-32 3.22858e-18 -6.55269e-18 3.22858e-18 -1.23907e-33
Plastic strain_mean -3.86598e-19 3.23231e-06 0 3.23231e-06 3.86598e-19 0 0 0 0
Plastic strain_rate_mean 0 0 0 0 0 0 0 0 0
Dissipation 4.23617e-05
End step 10
Begin step 11
Stress 8.36159e-14 72.5378 6.21906e-12 72.5378 -1.05365e-13 -2.80537e-12 6.21906e-12 -2.80537e-12 -6.53062e-15
Strain 0 0.000366667 0 0.000366667 0 0 0 0 0
Strain mean -4.34409e-20 0.000366667 3.10953e-17 0.000366667 -1.35658e-32 -1.40269e-17 3.10953e-17 -1.40269e-17 6.21112e-33
Plastic strain_mean -4.94173e-19 3.97757e-06 0 3.97757e-06 4.94173e-19 0 0 0 0
Plastic strain_rate_mean 0 0 0 0 0 0 0 0 0
Dissipation 5.40585e-05
End step 11
Begin step 12
Stress 1.42846e-13 79.0299 2.07593e-12 79.0299 -9.8344e-14 -2.89424e-12 2.07593e-12 -2.89424e-12 1.33626e-14
Strain 0 0.0004 0 0.0004 0 0 0 0 0
Strain mean 8.88862e-20 0.0004 1.03797e-17 0.0004 -6.09436e-32 -1.44712e-17 1.03797e-17 -1.44712e-17 -2.53982e-33
Plastic strain_mean -5.58533e-19 4.85041e-06 0 4.85041e-06 5.58533e-19 0 0 0 0
Plastic strain_rate_mean 0 0 0 0 0 0 0 0 0
Dissipation 6.89789e-05
End step 12
Begin step 13
Stress 1.53745e-13 85.4879 4.4388e-12 85.4879 -1.85333e-13 -4.81713e-12 4.4388e-12 -4.81713e-12 -9.48479e-15
Strain 0 0.000433333 0 0.000433333 0 0 0 0 0
Strain mean -6.30918e-20 0.000433333 2.2194e-17 0.000433333 -3.39204e-32 -2.40856e-17 2.2194e-17 -2.40856e-17 7.56943e-33
Plastic strain_mean -8.79239e-19 5.8938e-06 0 5.8938e-06 8.79239e-19 0 0 0 0
Plastic strain_rate_mean 0 0 0 0 0 0 0 0 0
Dissipation 8.91946e-05
End step 13
Begin step 14
Stress 1.30699e-13 91.8922 4.52584e-12 91.8922 -1.52892e-13 -2.68958e-12 4.52584e-12 -2.68958e-12 -6.66381e-15
Strain 0 0.000466667 0 0.000466667 0 0 0 0 0
Strain mean -4.43269e-20 0.000466667 2.26292e-17 0.000466667 -3.71464e-32 -1.34479e-17 2.26292e-17 -1.34479e-17 2.66922e-33
Plastic strain_mean -7.31141e-19 7.20585e-06 0 7.20585e-06 7.31141e-19 0 0 0 0
Plastic strain_rate_mean 0 0 0 0 0 0 0 0 0
Dissipation 0.000120562
End step 14
Begin step 15
Stress 1.07655e-13 98.1423 2.47273e-12 98.1423 -1.5303e-13 -2.97383e-12 2.47273e-12 -2.97383e-12 -1.36246e-14
Strain 0 0.0005 0 0.0005 0 0 0 0 0
Strain mean -9.0629e-20 0.0005 1.23637e-17 0.0005 -3.77964e-33 -1.48692e-17 1.23637e-17 -1.48692e-17 -9.50928e-34
Plastic strain_mean -6.97026e-19 9.28837e-06 0 9.28837e-06 6.97026e-19 0 0 0 0
Plastic strain_rate_mean 0 0 0 0 0 0 0 0 0
Dissipation 0.000204369
End step 15
Begin step 16
Stress -1.53431e-12 100.018 1.51037e-15 100.018 1.54922e-12 2.93282e-12 1.51037e-15 2.93282e-12 4.47602e-15
Strain 0 0.000533333 0 0.000533333 0 0 0 0 0
Strain mean 2.9774e-20 0.000533333 7.55184e-21 0.000533333 -5.9433e-33 1.46641e-17 7.55184e-21 1.46641e-17 2.07037e-33
Plastic strain_mean 7.72371e-18 3.32453e-05 0 3.32453e-05 -7.72371e-18 0 0 0 0
Plastic strain_rate_mean 0 0 0 0 0 0 0 0 0
Dissipation 0.002396
End step 16
Begin step 17
Stress 1.97003e-12 100.038 -2.46287e-13 100.038 -1.9395e-12 -4.71522e-13 -2.46287e-13 -4.71522e-13 9.16601e-15
Strain 0 0.000566667 0 0.000566667 0 0 0 0 0
Strain mean 6.09713e-20 0.000566667 -1.23144e-18 0.000566667 5.05557e-33 -2.35761e-18 -1.23144e-18 -2.35761e-18 8.17016e-34
Plastic strain_mean -9.74334e-18 6.64754e-05 0 6.64754e-05 9.74334e-18 0 0 0 0
Plastic strain_rate_mean 0 0 0 0 0 0 0 0 0
Dissipation 0.00332406
End step 17
Begin step 18
Stress 1.39419e-12 100.059 5.33969e-12 100.059 -1.44179e-12 -1.26593e-12 5.33969e-12 -1.26593e-12 -1.42927e-14
Strain 0 0.0006 0 0.0006 0 0 0 0 0
Strain mean -9.50733e-20 0.0006 2.66984e-17 0.0006 -1.22778e-33 -6.32965e-18 2.66984e-17 -6.32965e-18 9.89296e-34
Plastic strain_mean -7.13748e-18 9.97055e-05 0 9.97055e-05 7.13748e-18 0 0 0 0
Plastic strain_rate_mean 0 0 0 0 0 0 0 0 0
Dissipation 0.00332465
End step 18
Begin step 19
Stress -4.93391e-12 100.08 -5.61493e-12 100.08 4.92838e-12 1.47735e-12 -5.61493e-12 1.47735e-12 -1.6594e-15
Strain 0 0.000633333 0 0.000633333 0 0 0 0 0
Strain mean -1.10382e-20 0.000633333 -2.80747e-17 0.000633333 -1.32408e-33 7.38677e-18 -2.80747e-17 7.38677e-18 1.4294e-35
Plastic strain_mean 2.46502e-17 0.000132936 0 0.000132936 -2.46502e-17 0 0 0 0
Plastic strain_rate_mean 0 0 0 0 0 0 0 0 0
Dissipation 0.00332524
End step 19
Begin step 20
Stress -1.52729e-12 100.1 -3.2478e-12 100.1 1.5519e-12 1.52184e-12 -3.2478e-12 1.52184e-12 7.38871e-15
Strain 0 0.000666667 0 0.000666667 0 0 0 0 0
Strain mean 4.91488e-20 0.000666667 -1.6239e-17 0.000666667 -8.76298e-33 7.6092e-18 -1.6239e-17 7.6092e-18 1.82286e-33
Plastic strain_mean 7.72257e-18 0.000166166 0 0.000166166 -7.72257e-18 0 0 0 0
Plastic strain_rate_mean 0 0 0 0 0 0 0 0 0
Dissipation 0.00332583
End step 20
Begin step 21
Stress -2.8233e-12 100.121 -3.39033e-12 100.121 2.85009e-12 7.06067e-13 -3.39033e-12 7.06067e-13 8.04373e-15
Strain 0 0.0007 0 0.0007 0 0 0 0 0
Strain mean 5.3506e-20 0.0007 -1.69517e-17 0.0007 -2.88889e-33 3.53033e-18 -1.69517e-17 3.53033e-18 8.38833e-35
Plastic strain_mean 1.42102e-17 0.000199396 0 0.000199396 -1.42102e-17 0 0 0 0
Plastic strain_rate_mean 0 0 0 0 0 0 0 0 0
Dissipation 0.00332642
End step 21
Begin step 22
Stress 1.26658e-12 100.141 1.34887e-13 100.141 -1.23796e-12 -7.46902e-13 1.34887e-13 -7.46902e-13 8.59396e-15
Strain 0 0.000733333 0 0.000733333 0 0 0 0 0
Strain mean 5.7166e-20 0.000733333 6.74436e-19 0.000733333 1.43482e-32 -3.73451e-18 6.74436e-19 -3.73451e-18 -6.72571e-34
Plastic strain_mean -6.23278e-18 0.000232626 0 0.000232626 6.23278e-18 0 0 0 0
Plastic strain_rate_mean 0 0 0 0 0 0 0 0 0
Dissipation 0.00332701
End step 22
Begin step 23
Stress 5.54796e-13 100.162 -6.62449e-13 100.162 -5.76102e-13 -2.1992e-13 -6.62449e-13 -2.1992e-13 -6.39743e-15
Strain 0 0.000766667 0 0.000766667 0 0 0 0 0
Strain mean -4.2555e-20 0.000766667 -3.31225e-18 0.000766667 -8.47409e-33 -1.0996e-18 -3.31225e-18 -1.0996e-18 -1.04422e-33
Plastic strain_mean -2.84852e-18 0.000265856 0 0.000265856 2.84852e-18 0 0 0 0
Plastic strain_rate_mean 0 0 0 0 0 0 0 0 0
Dissipation 0.0033276
End step 23
Begin step 24
Stress -1.04835e-12 100.183 -1.03733e-11 100.183 1.0398e-12 4.92017e-12 -1.03733e-11 4.92017e-12 -2.56771e-15
Strain 0 0.0008 0 0.0008 0 0 0 0 0
Strain mean -1.70801e-20 0.0008 -5.18663e-17 0.0008 9.75002e-34 2.46009e-17 -5.18663e-17 2.46009e-17 3.6036e-34
Plastic strain_mean 5.21182e-18 0.000299086 0 0.000299086 -5.21182e-18 0 0 0 0
Plastic strain_rate_mean 0 0 0 0 0 0 0 0 0
Dissipation 0.00332819
End step 24
Begin step 25
Stress -1.54514e-12 100.203 4.05876e-12 100.203 1.53545e-12 -7.52075e-13 4.05876e-12 -7.52075e-13 -2.90832e-15
Strain 0 0.000833333 0 0.000833333 0 0 0 0 0
Strain mean -1.93458e-20 0.000833333 2.02938e-17 0.000833333 1.02556e-32 -3.76038e-18 2.02938e-17 -3.76038e-18 -3.51783e-33
Plastic strain_mean 7.6918e-18 0.000332317 0 0.000332317 -7.6918e-18 0 0 0 0
Plastic strain_rate_mean 0 0 0 0 0 0 0 0 0
Dissipation 0.00332878
End step 25
Begin step 26
Stress -1.50658e-12 100.224 3.24391e-12 100.224 1.40141e-12 -7.41683e-13 3.24391e-12 -7.41683e-13 -3.1581e-14
Strain 0 0.000866667 0 0.000866667 0 0 0 0 0
Strain mean -2.10073e-19 0.000866667 1.62196e-17 0.000866667 -1.27111e-32 -3.70842e-18 1.62196e-17 -3.70842e-18 -3.84584e-33
Plastic strain_mean 7.16494e-18 0.000365547 0 0.000365547 -7.16494e-18 0 0 0 0
Plastic strain_rate_mean 0 0 0 0 0 0 0 0 0
Dissipation 0.00332937
End step 26
Begin step 27
Stress -1.4516e-12 100.245 3.45492e-12 100.245 1.46726e-12 -1.06923e-12 3.45492e-12 -1.06923e-12 4.70309e-15
Strain 0 0.0009 0 0.0009 0 0 0 0 0
Strain mean 3.12844e-20 0.0009 1.72746e-17 0.0009 7.22224e-34 -5.34614e-18 1.72746e-17 -5.34614e-18 -4.1558e-33
Plastic strain_mean 7.31279e-18 0.000398777 0 0.000398777 -7.31279e-18 0 0 0 0
Plastic strain_rate_mean 0 0 0 0 0 0 0 0 0
Dissipation 0.00332996
End step 27
Begin step 28
Stress -1.47708e-12 100.265 3.61389e-12 100.265 1.4981e-12 -1.39677e-12 3.61389e-12 -1.39677e-12 6.31446e-15
Strain 0 0.000933333 0 0.000933333 0 0 0 0 0
Strain mean 4.20031e-20 0.000933333 1.80695e-17 0.000933333 1.04482e-32 -6.98387e-18 1.80695e-17 -6.98387e-18 -4.39353e-33
Plastic strain_mean 7.45895e-18 0.000432007 0 0.000432007 -7.45895e-18 0 0 0 0
Plastic strain_rate_mean 0 0 0 0 0 0 0 0 0
Dissipation 0.00333054
End step 28
Begin step 29
Stress -6.12794e-13 100.286 -7.96903e-12 100.286 6.59391e-13 3.70035e-12 -7.96903e-12 3.70035e-12 1.39914e-14
Strain 0 0.000966667 0 0.000966667 0 0 0 0 0
Strain mean 9.30691e-20 0.000966667 -3.98451e-17 0.000966667 -1.73033e-33 1.85018e-17 -3.98451e-17 1.85018e-17 -3.31772e-34
Plastic strain_mean 3.227e-18 0.000465238 0 0.000465238 -3.227e-18 0 0 0 0
Plastic strain_rate_mean 0 0 0 0 0 0 0 0 0
Dissipation 0.00333113
End step 29
Begin step 30
Stress 1.76535e-13 100.306 -1.97056e-11 100.306 -2.1602e-13 8.79748e-12 -1.97056e-11 8.79748e-12 -1.1856e-14
Strain 0 0.001 0 0.001 0 0 0 0 0
Strain mean -7.88647e-20 0.001 -9.85282e-17 0.001 -1.55519e-32 4.39874e-17 -9.85282e-17 4.39874e-17 3.49376e-33
Plastic strain_mean -1.02082e-18 0.000498468 0 0.000498468 1.02082e-18 0 0 0 0
Plastic strain_rate_mean 0 0 0 0 0 0 0 0 0
Dissipation 0.00333172
End step 30
