Begin step 0
Stress 0 0 0 0 0 0 0 0 0
Strain 0 0 0 0 0 0 0 0 0
Strain mean 0 0 0 0 0 0 0 0 0
Plastic strain_mean 0 0 0 0 0 0 0 0 0
Plastic strain_rate_mean 0 0 0 0 0 0 0 0 0
Dissipation 0
End step 0
Begin step 1
Stress -1.24354e-16 6.66453 -6.69622e-14 6.66453 4.91571e-16 1.72495e-12 -6.69622e-14 1.72495e-12 1.10263e-16
Strain 0 3.33333e-05 0 3.33333e-05 0 0 0 0 0
Strain mean 7.33456e-22 3.33333e-05 -3.34811e-19 3.33333e-05 6.01853e-34 8.62473e-18 -3.34811e-19 8.62473e-18 1.6393e-33
Plastic strain_mean 1.90654e-21 1.07067e-08 0 1.07067e-08 -1.90654e-21 0 0 0 0
Plastic strain_rate_mean 0 0 0 0 0 0 0 0 0
Dissipation 7.13552e-08
End step 1
Begin step 2
Stress 2.00825e-14 13.3269 2.55e-12 13.3269 -1.58068e-14 1.77899e-12 2.55e-12 1.77899e-12 1.28385e-15
Strain 0 6.66667e-05 0 6.66667e-05 0 0 0 0 0
Strain mean 8.54004e-21 6.66667e-05 1.275e-17 6.66667e-05 -1.28484e-31 8.89494e-18 1.275e-17 8.89494e-18 4.46575e-33
Plastic strain_mean -8.54531e-20 3.21167e-08 0 3.21167e-08 8.54531e-20 0 0 0 0
Plastic strain_rate_mean 0 0 0 0 0 0 0 0 0
Dissipation 2.85329e-07
End step 2
Begin step 3
Stress -2.09192e-14 19.9872 -5.5945e-14 19.9872 2.48895e-14 7.63239e-12 -5.5945e-14 7.63239e-12 1.19215e-15
Strain 0 0.0001 0 0.0001 0 0 0 0 0
Strain mean 7.93004e-21 0.0001 -2.79725e-19 0.0001 4.19853e-32 3.8162e-17 -2.79725e-19 3.8162e-17 -1.625e-34
Plastic strain_mean 1.18487e-19 6.42266e-08 0 6.42266e-08 -1.18487e-19 0 0 0 0
Plastic strain_rate_mean 0 0 0 0 0 0 0 0 0
Dissipation 6.41784e-07
End step 3
Begin step 4
Stress -4.10262e-14 26.6453 -5.68481e-14 26.6453 7.44975e-14 7.64153e-12 -5.68481e-14 7.64153e-12 1.00503e-14
Strain 0 0.000133333 0 0.000133333 0 0 0 0 0
Strain mean 6.68534e-20 0.000133333 -2.8424e-19 0.000133333 -2.00778e-32 3.82077e-17 -2.8424e-19 3.82077e-17 -5.77779e-34
Plastic strain_mean 3.22236e-19 1.07033e-07 0 1.07033e-07 -3.22236e-19 0 0 0 0
Plastic strain_rate_mean 0 0 0 0 0 0 0 0 0
Dissipation 1.14058e-06
End step 4
Begin step 5
Stress -9.80673e-14 33.3012 -6.44911e-14 33.3012 1.08498e-13 7.67653e-12 -6.44911e-14 7.67653e-12 3.13212e-15
Strain 0 0.000166667 0 0.000166667 0 0 0 0 0
Strain mean 2.08345e-20 0.000166667 -3.22456e-19 0.000166667 -6.94298e-32 3.83827e-17 -3.22456e-19 3.83827e-17 -1.92593e-34
Plastic strain_mean 5.26832e-19 1.60532e-07 0 1.60532e-07 -5.26832e-19 0 0 0 0
Plastic strain_rate_mean 0 0 0 0 0 0 0 0 0
Dissipation 1.78158e-06
End step 5
Begin step 6
Stress -1.42951e-13 39.9551 -6.52471e-14 39.9551 1.47634e-13 7.67202e-12 -6.52471e-14 7.67202e-12 1.40612e-15
Strain 0 0.0002 0 0.0002 0 0 0 0 0
Strain mean 9.35338e-21 0.0002 -3.26236e-19 0.0002 1.44397e-31 3.83601e-17 -3.26236e-19 3.83601e-17 -5.77779e-34
Plastic strain_mean 7.31137e-19 2.24721e-07 0 2.24721e-07 -7.31137e-19 0 0 0 0
Plastic strain_rate_mean 0 0 0 0 0 0 0 0 0
Dissipation 2.56466e-06
End step 6
Begin step 7
Stress -1.63591e-13 46.6067 2.03401e-12 46.6067 1.4371e-13 1.64935e-12 2.03401e-12 1.64935e-12 -5.96948e-15
Strain 0 0.000233333 0 0.000233333 0 0 0 0 0
Strain mean -3.97083e-20 0.000233333 1.01701e-17 0.000233333 5.77779e-34 8.24676e-18 1.01701e-17 8.24676e-18 -5.95835e-33
Plastic strain_mean 7.48399e-19 2.99682e-07 0 2.99682e-07 -7.48399e-19 0 0 0 0
Plastic strain_rate_mean 0 0 0 0 0 0 0 0 0
Dissipation 3.49369e-06
End step 7
Begin step 8
Stress -1.85442e-13 53.2561 -1.9651e-12 53.2561 1.51556e-13 1.62844e-12 -1.9651e-12 1.62844e-12 -1.01748e-14
Strain 0 0.000266667 0 0.000266667 0 0 0 0 0
Strain mean -6.76813e-20 0.000266667 -9.82551e-18 0.000266667 -2.40741e-35 8.14219e-18 -9.82551e-18 8.14219e-18 4.85996e-34
Plastic strain_mean 8.08656e-19 3.86212e-07 0 3.86212e-07 -8.08656e-19 0 0 0 0
Plastic strain_rate_mean 0 0 0 0 0 0 0 0 0
Dissipation 4.60823e-06
End step 8
Begin step 9
Stress -2.10541e-13 59.9025 -3.37923e-12 59.9025 2.07138e-13 3.50981e-12 -3.37923e-12 3.50981e-12 -1.02184e-15
Strain 0 0.0003 0 0.0003 0 0 0 0 0
Strain mean -6.79718e-21 0.0003 -1.68962e-17 0.0003 -8.72687e-34 1.75491e-17 -1.68962e-17 1.75491e-17 -4.36945e-33
Plastic strain_mean 1.0408e-18 4.8763e-07 0 4.8763e-07 -1.0408e-18 0 0 0 0
Plastic strain_rate_mean 0 0 0 0 0 0 0 0 0
Dissipation 6.07519e-06
End step 9
Begin step 10
Stress -3.09257e-13 66.5448 -4.11323e-12 66.5448 3.24847e-13 5.95171e-12 -4.11323e-12 5.95171e-12 4.68126e-15
Strain 0 0.000333333 0 0.000333333 0 0 0 0 0
Strain mean 3.11392e-20 0.000333333 -2.05661e-17 0.000333333 -6.50001e-34 2.97585e-17 -2.05661e-17 2.97585e-17 -6.51205e-33
Plastic strain_mean 1.60083e-18 6.09534e-07 0 6.09534e-07 -1.60083e-18 0 0 0 0
Plastic strain_rate_mean 0 0 0 0 0 0 0 0 0
Dissipation 8.11201e-06
End step 10
Begin step 11
Stress -2.76024e-13 73.181 -3.59245e-12 73.181 2.45723e-13 -1.09269e-12 -3.59245e-12 -1.09269e-12 -9.09833e-15
Strain 0 0.000366667 0 0.000366667 0 0 0 0 0
Strain mean -6.0521e-20 0.000366667 -1.79623e-17 0.000366667 5.05557e-34 -5.46343e-18 -1.79623e-17 -5.46343e-18 6.22918e-34
Plastic strain_mean 1.27411e-18 7.61879e-07 0 7.61879e-07 -1.27411e-18 0 0 0 0
Plastic strain_rate_mean 0 0 0 0 0 0 0 0 0
Dissipation 1.11487e-05
End step 11
Begin step 12
Stress -3.12859e-13 79.8071 5.24431e-12 79.8071 3.11332e-13 -1.17345e-12 5.24431e-12 -1.17345e-12 -4.58519e-16
Strain 0 0.0004 0 0.0004 0 0 0 0 0
Strain mean -3.05002e-21 0.0004 2.62215e-17 0.0004 5.07964e-33 -5.86724e-18 2.62215e-17 -5.86724e-18 -2.2088e-33
Plastic strain_mean 1.55895e-18 9.64556e-07 0 9.64556e-07 -1.55895e-18 0 0 0 0
Plastic strain_rate_mean 0 0 0 0 0 0 0 0 0
Dissipation 1.61749e-05
End step 12
Begin step 13
Stress -3.75077e-13 86.4135 1.06004e-12 86.4135 3.64577e-13 -1.14179e-13 1.06004e-12 -1.14179e-13 -3.15286e-15
Strain 0 0.000433333 0 0.000433333 0 0 0 0 0
Strain mean -2.09725e-20 0.000433333 5.30018e-18 0.000433333 -2.81667e-33 -5.70895e-19 5.30018e-18 -5.70895e-19 9.60332e-34
Plastic strain_mean 1.83865e-18 1.26559e-06 0 1.26559e-06 -1.83865e-18 0 0 0 0
Plastic strain_rate_mean 0 0 0 0 0 0 0 0 0
Dissipation 2.60136e-05
End step 13
Begin step 14
Stress -3.66319e-13 92.9665 1.69383e-12 92.9665 3.77459e-13 1.37856e-12 1.69383e-12 1.37856e-12 3.34501e-15
Strain 0 0.000466667 0 0.000466667 0 0 0 0 0
Strain mean 2.22506e-20 0.000466667 8.46913e-18 0.000466667 -2.31112e-32 6.8928e-18 8.46913e-18 6.8928e-18 -4.15504e-33
Plastic strain_mean 1.87057e-18 1.83435e-06 0 1.83435e-06 -1.87057e-18 0 0 0 0
Plastic strain_rate_mean 0 0 0 0 0 0 0 0 0
Dissipation 5.28748e-05
End step 14
Begin step 15
Stress 1.30665e-12 99.04 -3.82982e-12 99.04 -1.25217e-12 1.85973e-12 -3.82982e-12 1.85973e-12 1.63582e-14
Strain 0 0.0005 0 0.0005 0 0 0 0 0
Strain mean 1.08813e-19 0.0005 -1.91491e-17 0.0005 1.31926e-31 9.29864e-18 -1.91491e-17 9.29864e-18 -5.1639e-33
Plastic strain_mean -6.34263e-18 4.80012e-06 0 4.80012e-06 6.34263e-18 0 0 0 0
Plastic strain_rate_mean 0 0 0 0 0 0 0 0 0
Dissipation 0.000293721
End step 15
Begin step 16
Stress 4.77038e-13 100.362 -3.71374e-13 100.362 -4.44199e-13 5.35094e-13 -3.71374e-13 5.35094e-13 9.86034e-15
Strain 0 0.000533333 0 0.000533333 0 0 0 0 0
Strain mean 6.55899e-20 0.000533333 -1.85687e-18 0.000533333 -3.08149e-33 2.67547e-18 -1.85687e-18 2.67547e-18 2.48264e-34
Plastic strain_mean -2.2703e-18 3.15222e-05 0 3.15222e-05 2.2703e-18 0 0 0 0
Plastic strain_rate_mean 0 0 0 0 0 0 0 0 0
Dissipation 0.00268167
End step 16
Begin step 17
Stress -3.80658e-13 100.414 1.47015e-12 100.414 3.99041e-13 -3.76754e-13 1.47015e-12 -3.76754e-13 5.5197e-15
Strain 0 0.000566667 0 0.000566667 0 0 0 0 0
Strain mean 3.67164e-20 0.000566667 7.35077e-18 0.000566667 2.58797e-34 -1.88377e-18 7.35077e-18 -1.88377e-18 5.77779e-34
Plastic strain_mean 1.96761e-18 6.45947e-05 0 6.45947e-05 -1.96761e-18 0 0 0 0
Plastic strain_rate_mean 0 0 0 0 0 0 0 0 0
Dissipation 0.00332057
End step 17
Begin step 18
Stress 9.01235e-14 100.436 3.57607e-12 100.436 -6.42947e-14 5.24257e-12 3.57607e-12 5.24257e-12 7.75552e-15
Strain 0 0.0006 0 0.0006 0 0 0 0 0
Strain mean 5.15888e-20 0.0006 1.78804e-17 0.0006 -1.52389e-32 2.62129e-17 1.78804e-17 2.62129e-17 2.86896e-33
Plastic strain_mean -3.60251e-19 9.7822e-05 0 9.7822e-05 3.60251e-19 0 0 0 0
Plastic strain_rate_mean 0 0 0 0 0 0 0 0 0
Dissipation 0.00333669
End step 18
Begin step 19
Stress 4.06986e-12 100.456 -4.43114e-12 100.456 -4.11159e-12 -5.08762e-12 -4.43114e-12 -5.08762e-12 -1.25285e-14
Strain 0 0.000633333 0 0.000633333 0 0 0 0 0
Strain mean -8.3338e-20 0.000633333 -2.21557e-17 0.000633333 -1.33852e-32 -2.54381e-17 -2.21557e-17 -2.54381e-17 3.91205e-35
Plastic strain_mean -2.04953e-17 0.000131053 0 0.000131053 2.04953e-17 0 0 0 0
Plastic strain_rate_mean 0 0 0 0 0 0 0 0 0
Dissipation 0.00333765
End step 19
Begin step 20
Stress -2.15798e-12 100.476 2.44254e-12 100.476 2.17697e-12 3.5894e-12 2.44254e-12 3.5894e-12 5.7031e-15
Strain 0 0.000666667 0 0.000666667 0 0 0 0 0
Strain mean 3.79364e-20 0.000666667 1.22127e-17 0.000666667 3.56779e-32 1.7947e-17 1.22127e-17 1.7947e-17 2.16065e-33
Plastic strain_mean 1.08563e-17 0.000164285 0 0.000164285 -1.08563e-17 0 0 0 0
Plastic strain_rate_mean 0 0 0 0 0 0 0 0 0
Dissipation 0.00333827
End step 20
Begin step 21
Stress -8.18906e-13 100.497 2.63488e-12 100.497 8.36634e-13 -1.6026e-12 2.63488e-12 -1.6026e-12 5.32319e-15
Strain 0 0.0007 0 0.0007 0 0 0 0 0
Strain mean 3.54092e-20 0.0007 1.31744e-17 0.0007 1.68519e-34 -8.013e-18 1.31744e-17 -8.013e-18 -6.1389e-34
Plastic strain_mean 4.15656e-18 0.000197516 0 0.000197516 -4.15656e-18 0 0 0 0
Plastic strain_rate_mean 0 0 0 0 0 0 0 0 0
Dissipation 0.00333886
End step 21
Begin step 22
Stress -5.16924e-13 100.517 1.34787e-12 100.517 4.35089e-13 -1.00208e-12 1.34787e-12 -1.00208e-12 -2.45723e-14
Strain 0 0.000733333 0 0.000733333 0 0 0 0 0
Strain mean -1.63452e-19 0.000733333 6.73935e-18 0.000733333 1.18264e-33 -5.01041e-18 6.73935e-18 -5.01041e-18 -1.50463e-34
Plastic strain_mean 2.29831e-18 0.000230748 0 0.000230748 -2.29831e-18 0 0 0 0
Plastic strain_rate_mean 0 0 0 0 0 0 0 0 0
Dissipation 0.00333943
End step 22
Begin step 23
Stress -2.27883e-13 100.537 8.12903e-13 100.537 2.76574e-13 -6.4237e-13 8.12903e-13 -6.4237e-13 1.46202e-14
Strain 0 0.000766667 0 0.000766667 0 0 0 0 0
Strain mean 9.72519e-20 0.000766667 4.06452e-18 0.000766667 -3.7014e-34 -3.21185e-18 4.06452e-18 -3.21185e-18 4.66436e-35
Plastic strain_mean 1.30977e-18 0.000263979 0 0.000263979 -1.30977e-18 0 0 0 0
Plastic strain_rate_mean 0 0 0 0 0 0 0 0 0
Dissipation 0.00334
End step 23
Begin step 24
Stress -1.81399e-12 100.558 -4.10715e-12 100.558 1.9479e-12 -1.30569e-12 -4.10715e-12 -1.30569e-12 4.02099e-14
Strain 0 0.0008 0 0.0008 0 0 0 0 0
Strain mean 2.67472e-19 0.0008 -2.05357e-17 0.0008 -4.08056e-33 -6.52844e-18 -2.05357e-17 -6.52844e-18 -1.01262e-33
Plastic strain_mean 9.53847e-18 0.000297211 0 0.000297211 -9.53847e-18 0 0 0 0
Plastic strain_rate_mean 0 0 0 0 0 0 0 0 0
Dissipation 0.00334057
End step 24
Begin step 25
Stress -1.37564e-12 100.578 -2.82718e-12 100.578 1.35876e-12 -8.94265e-13 -2.82718e-12 -8.94265e-13 -5.06554e-15
Strain 0 0.000833333 0 0.000833333 0 0 0 0 0
Strain mean -3.36954e-20 0.000833333 -1.41359e-17 0.000833333 7.28242e-34 -4.47133e-18 -1.41359e-17 -4.47133e-18 -1.57686e-33
Plastic strain_mean 6.81915e-18 0.000330442 0 0.000330442 -6.81915e-18 0 0 0 0
Plastic strain_rate_mean 0 0 0 0 0 0 0 0 0
Dissipation 0.00334114
End step 25
Begin step 26
Stress -7.65922e-13 100.599 -1.88084e-12 100.599 8.25739e-13 -6.13916e-13 -1.88084e-12 -6.13916e-13 1.79608e-14
Strain 0 0.000866667 0 0.000866667 0 0 0 0 0
Strain mean 1.19473e-19 0.000866667 -9.4042e-18 0.000866667 -1.3301e-33 -3.06958e-18 -9.4042e-18 -3.06958e-18 -5.15337e-34
Plastic strain_mean 4.03889e-18 0.000363673 0 0.000363673 -4.03889e-18 0 0 0 0
Plastic strain_rate_mean 0 0 0 0 0 0 0 0 0
Dissipation 0.00334172
End step 26
Begin step 27
Stress -3.44214e-12 100.619 -2.06845e-12 100.619 3.49627e-12 5.1668e-13 -2.06845e-12 5.1668e-13 1.62534e-14
Strain 0 0.0009 0 0.0009 0 0 0 0 0
Strain mean 1.08116e-19 0.0009 -1.03422e-17 0.0009 2.02223e-32 2.5834e-18 -1.03422e-17 2.5834e-18 -3.25151e-33
Plastic strain_mean 1.74001e-17 0.000396904 0 0.000396904 -1.74001e-17 0 0 0 0
Plastic strain_rate_mean 0 0 0 0 0 0 0 0 0
Dissipation 0.00334229
End step 27
Begin step 28
Stress 4.79958e-12 100.64 3.03133e-12 100.64 -4.76008e-12 -1.70171e-12 3.03133e-12 -1.70171e-12 1.18604e-14
Strain 0 0.000933333 0 0.000933333 0 0 0 0 0
Strain mean 7.88937e-20 0.000933333 1.51566e-17 0.000933333 2.15463e-33 -8.50855e-18 1.51566e-17 -8.50855e-18 5.05721e-33
Plastic strain_mean -2.38597e-17 0.000430135 0 0.000430135 2.38597e-17 0 0 0 0
Plastic strain_rate_mean 0 0 0 0 0 0 0 0 0
Dissipation 0.00334287
End step 28
Begin step 29
Stress -1.43286e-12 100.66 -9.57019e-13 100.66 1.50135e-12 -9.45783e-15 -9.57019e-13 -9.45783e-15 2.05635e-14
Strain 0 0.000966667 0 0.000966667 0 0 0 0 0
Strain mean 1.36786e-19 0.000966667 -4.7851e-18 0.000966667 6.67816e-32 -4.72891e-20 -4.7851e-18 -4.72891e-20 -2.53775e-33
Plastic strain_mean 7.40391e-18 0.000463365 0 0.000463365 -7.40391e-18 0 0 0 0
Plastic strain_rate_mean 0 0 0 0 0 0 0 0 0
Dissipation 0.00334345
End step 29
Begin step 30
Stress 3.12172e-12 100.681 1.32159e-12 100.681 -3.18292e-12 -1.15334e-12 1.32159e-12 -1.15334e-12 -1.83757e-14
Strain 0 0.001 0 0.001 0 0 0 0 0
Strain mean -1.22233e-19 0.001 6.60793e-18 0.001 2.67825e-33 -5.76669e-18 6.60793e-18 -5.76669e-18 3.8308e-33
Plastic strain_mean -1.58227e-17 0.000496596 0 0.000496596 1.58227e-17 0 0 0 0
Plastic strain_rate_mean 0 0 0 0 0 0 0 0 0
Dissipation 0.00334402
End step 30
Begin step 0
Stress 0 0 0 0 0 0 0 0 0
Strain 0 0 0 0 0 0 0 0 0
Strain mean 0 0 0 0 0 0 0 0 0
Plastic strain_mean 0 0 0 0 0 0 0 0 0
Plastic strain_rate_mean 0 0 0 0 0 0 0 0 0
Dissipation 0
End step 0
Begin step 1
Stress -1.24354e-16 6.66453 -6.69622e-14 6.66453 4.91571e-16 1.72495e-12 -6.69622e-14 1.72495e-12 1.10263e-16
Strain 0 3.33333e-05 0 3.33333e-05 0 0 0 0 0
Strain mean 7.33456e-22 3.33333e-05 -3.34811e-19 3.33333e-05 6.01853e-34 8.62473e-18 -3.34811e-19 8.62473e-18 1.6393e-33
Plastic strain_mean 1.90654e-21 1.07067e-08 0 1.07067e-08 -1.90654e-21 0 0 0 0
Plastic strain_rate_mean 0 0 0 0 0 0 0 0 0
Dissipation 7.13552e-08
End step 1
Begin step 2
Stress 2.00825e-14 13.3269 2.55e-12 13.3269 -1.58068e-14 1.77899e-12 2.55e-12 1.77899e-12 1.28385e-15
Strain 0 6.66667e-05 0 6.66667e-05 0 0 0 0 0
Strain mean 8.54004e-21 6.66667e-05 1.275e-17 6.66667e-05 -1.28484e-31 8.89494e-18 1.275e-17 8.89494e-18 4.46575e-33
Plastic strain_mean -8.54531e-20 3.21167e-08 0 3.21167e-08 8.54531e-20 0 0 0 0
Plastic strain_rate_mean 0 0 0 0 0 0 0 0 0
Dissipation 2.85329e-07
End step 2
Begin step 3
Stress -2.09192e-14 19.9872 -5.5945e-14 19.9872 2.48895e-14 7.63239e-12 -5.5945e-14 7.63239e-12 1.19215e-15
Strain 0 0.0001 0 0.0001 0 0 0 0 0
Strain mean 7.93004e-21 0.0001 -2.79725e-19 0.0001 4.19853e-32 3.8162e-17 -2.79725e-19 3.8162e-17 -1.625e-34
Plastic strain_mean 1.18487e-19 6.42266e-08 0 6.42266e-08 -1.18487e-19 0 0 0 0
Plastic strain_rate_mean 0 0 0 0 0 0 0 0 0
Dissipation 6.41784e-07
End step 3
Begin step 4
Stress -4.10262e-14 26.6453 -5.68481e-14 26.6453 7.44975e-14 7.64153e-12 -5.68481e-14 7.64153e-12 1.00503e-14
Strain 0 0.000133333 0 0.000133333 0 0 0 0 0
Strain mean 6.68534e-20 0.000133333 -2.8424e-19 0.000133333 -2.00778e-32 3.82077e-17 -2.8424e-19 3.82077e-17 -5.77779e-34
Plastic strain_mean 3.22236e-19 1.07033e-07 0 1.07033e-07 -3.22236e-19 0 0 0 0
Plastic strain_rate_mean 0 0 0 0 0 0 0 0 0
Dissipation 1.14058e-06
End step 4
Begin step 5
Stress -9.80673e-14 33.3012 -6.44911e-14 33.3012 1.08498e-13 7.67653e-12 -6.44911e-14 7.67653e-12 3.13212e-15
Strain 0 0.000166667 0 0.000166667 0 0 0 0 0
Strain mean 2.08345e-20 0.000166667 -3.22456e-19 0.000166667 -6.94298e-32 3.83827e-17 -3.22456e-19 3.83827e-17 -1.92593e-34
Plastic strain_mean 5.26832e-19 1.60532e-07 0 1.60532e-07 -5.26832e-19 0 0 0 0
Plastic strain_rate_mean 0 0 0 0 0 0 0 0 0
Dissipation 1.78158e-06
End step 5
Begin step 6
Stress -1.42951e-13 39.9551 -6.52471e-14 39.9551 1.47634e-13 7.67202e-12 -6.52471e-14 7.67202e-12 1.40612e-15
Strain 0 0.0002 0 0.0002 0 0 0 0 0
Strain mean 9.35338e-21 0.0002 -3.26236e-19 0.0002 1.44397e-31 3.83601e-17 -3.26236e-19 3.83601e-17 -5.77779e-34
Plastic strain_mean 7.31137e-19 2.24721e-07 0 2.24721e-07 -7.31137e-19 0 0 0 0
Plastic strain_rate_mean 0 0 0 0 0 0 0 0 0
Dissipation 2.56466e-06
End step 6
Begin step 7
Stress -1.63591e-13 46.6067 2.03401e-12 46.6067 1.4371e-13 1.64935e-12 2.03401e-12 1.64935e-12 -5.96948e-15
Strain 0 0.000233333 0 0.000233333 0 0 0 0 0
Strain mean -3.97083e-20 0.000233333 1.01701e-17 0.000233333 5.77779e-34 8.24676e-18 1.01701e-17 8.24676e-18 -5.95835e-33
Plastic strain_mean 7.48399e-19 2.99682e-07 0 2.99682e-07 -7.48399e-19 0 0 0 0
Plastic strain_rate_mean 0 0 0 0 0 0 0 0 0
Dissipation 3.49369e-06
End step 7
Begin step 8
Stress -1.85442e-13 53.2561 -1.9651e-12 53.2561 1.51556e-13 1.62844e-12 -1.9651e-12 1.62844e-12 -1.01748e-14
Strain 0 0.000266667 0 0.000266667 0 0 0 0 0
Strain mean -6.76813e-20 0.000266667 -9.82551e-18 0.000266667 -2.40741e-35 8.14219e-18 -9.82551e-18 8.14219e-18 4.85996e-34
Plastic strain_mean 8.08656e-19 3.86212e-07 0 3.86212e-07 -8.08656e-19 0 0 0 0
Plastic strain_rate_mean 0 0 0 0 0 0 0 0 0
Dissipation 4.60823e-06
End step 8
Begin step 9
Stress -2.10541e-13 59.9025 -3.37923e-12 59.9025 2.07138e-13 3.50981e-12 -3.37923e-12 3.50981e-12 -1.02184e-15
Strain 0 0.0003 0 0.0003 0 0 0 0 0
Strain mean -6.79718e-21 0.0003 -1.68962e-17 0.0003 -8.72687e-34 1.75491e-17 -1.68962e-17 1.75491e-17 -4.36945e-33
Plastic strain_mean 1.0408e-18 4.8763e-07 0 4.8763e-07 -1.0408e-18 0 0 0 0
Plastic strain_rate_mean 0 0 0 0 0 0 0 0 0
Dissipation 6.07519e-06
End step 9
Begin step 10
Stress -3.09257e-13 66.5448 -4.11323e-12 66.5448 3.24847e-13 5.95171e-12 -4.11323e-12 5.95171e-12 4.68126e-15
Strain 0 0.000333333 0 0.000333333 0 0 0 0 0
Strain mean 3.11392e-20 0.000333333 -2.05661e-17 0.000333333 -6.50001e-34 2.97585e-17 -2.05661e-17 2.97585e-17 -6.51205e-33
Plastic strain_mean 1.60083e-18 6.09534e-07 0 6.09534e-07 -1.60083e-18 0 0 0 0
Plastic strain_rate_mean 0 0 0 0 0 0 0 0 0
Dissipation 8.11201e-06
End step 10
Begin step 11
Stress -2.76024e-13 73.181 -3.59245e-12 73.181 2.45723e-13 -1.09269e-12 -3.59245e-12 -1.09269e-12 -9.09833e-15
Strain 0 0.000366667 0 0.000366667 0 0 0 0 0
Strain mean -6.0521e-20 0.000366667 -1.79623e-17 0.000366667 5.05557e-34 -5.46343e-18 -1.79623e-17 -5.46343e-18 6.22918e-34
Plastic strain_mean 1.27411e-18 7.61879e-07 0 7.61879e-07 -1.27411e-18 0 0 0 0
Plastic strain_rate_mean 0 0 0 0 0 0 0 0 0
Dissipation 1.11487e-05
End step 11
Begin step 12
Stress -3.12859e-13 79.8071 5.24431e-12 79.8071 3.11332e-13 -1.17345e-12 5.24431e-12 -1.17345e-12 -4.58519e-16
Strain 0 0.0004 0 0.0004 0 0 0 0 0
Strain mean -3.05002e-21 0.0004 2.62215e-17 0.0004 5.07964e-33 -5.86724e-18 2.62215e-17 -5.86724e-18 -2.2088e-33
Plastic strain_mean 1.55895e-18 9.64556e-07 0 9.64556e-07 -1.55895e-18 0 0 0 0
Plastic strain_rate_mean 0 0 0 0 0 0 0 0 0
Dissipation 1.61749e-05
End step 12
Begin step 13
Stress -3.75077e-13 86.4135 1.06004e-12 86.4135 3.64577e-13 -1.14179e-13 1.06004e-12 -1.14179e-13 -3.15286e-15
Strain 0 0.000433333 0 0.000433333 0 0 0 0 0
Strain mean -2.09725e-20 0.000433333 5.30018e-18 0.000433333 -2.81667e-33 -5.70895e-19 5.30018e-18 -5.70895e-19 9.60332e-34
Plastic strain_mean 1.83865e-18 1.26559e-06 0 1.26559e-06 -1.83865e-18 0 0 0 0
Plastic strain_rate_mean 0 0 0 0 0 0 0 0 0
Dissipation 2.60136e-05
End step 13
Begin step 14
Stress -3.66319e-13 92.9665 1.69383e-12 92.9665 3.77459e-13 1.37856e-12 1.69383e-12 1.37856e-12 3.34501e-15
Strain 0 0.000466667 0 0.000466667 0 0 0 0 0
Strain mean 2.22506e-20 0.000466667 8.46913e-18 0.000466667 -2.31112e-32 6.8928e-18 8.46913e-18 6.8928e-18 -4.15504e-33
Plastic strain_mean 1.87057e-18 1.83435e-06 0 1.83435e-06 -1.87057e-18 0 0 0 0
Plastic strain_rate_mean 0 0 0 0 0 0 0 0 0
Dissipation 5.28748e-05
End step 14
Begin step 15
Stress 1.30665e-12 99.04 -3.82982e-12 99.04 -1.25217e-12 1.85973e-12 -3.82982e-12 1.85973e-12 1.63582e-14
Strain 0 0.0005 0 0.0005 0 0 0 0 0
Strain mean 1.08813e-19 0.0005 -1.91491e-17 0.0005 1.31926e-31 9.29864e-18 -1.91491e-17 9.29864e-18 -5.1639e-33
Plastic strain_mean -6.34263e-18 4.80012e-06 0 4.80012e-06 6.34263e-18 0 0 0 0
Plastic strain_rate_mean 0 0 0 0 0 0 0 0 0
Dissipation 0.000293721
End step 15
Begin step 16
Stress 4.77038e-13 100.362 -3.71374e-13 100.362 -4.44199e-13 5.35094e-13 -3.71374e-13 5.35094e-13 9.86034e-15
Strain 0 0.000533333 0 0.000533333 0 0 0 0 0
Strain mean 6.55899e-20 0.000533333 -1.85687e-18 0.000533333 -3.08149e-33 2.67547e-18 -1.85687e-18 2.67547e-18 2.48264e-34
Plastic strain_mean -2.2703e-18 3.15222e-05 0 3.15222e-05 2.2703e-18 0 0 0 0
Plastic strain_rate_mean 0 0 0 0 0 0 0 0 0
Dissipation 0.00268167
End step 16
Begin step 17
Stress -3.80658e-13 100.414 1.47015e-12 100.414 3.99041e-13 -3.76754e-13 1.47015e-12 -3.76754e-13 5.5197e-15
Strain 0 0.000566667 0 0.000566667 0 0 0 0 0
Strain mean 3.67164e-20 0.000566667 7.35077e-18 0.000566667 2.58797e-34 -1.88377e-18 7.35077e-18 -1.88377e-18 5.77779e-34
Plastic strain_mean 1.96761e-18 6.45947e-05 0 6.45947e-05 -1.96761e-18 0 0 0 0
Plastic strain_rate_mean 0 0 0 0 0 0 0 0 0
Dissipation 0.00332057
End step 17
Begin step 18
Stress 9.01235e-14 100.436 3.57607e-12 100.436 -6.42947e-14 5.24257e-12 3.57607e-12 5.24257e-12 7.75552e-15
Strain 0 0.0006 0 0.0006 0 0 0 0 0
Strain mean 5.15888e-20 0.0006 1.78804e-17 0.0006 -1.52389e-32 2.62129e-17 1.78804e-17 2.62129e-17 2.86896e-33
Plastic strain_mean -3.60251e-19 9.7822e-05 0 9.7822e-05 3.60251e-19 0 0 0 0
Plastic strain_rate_mean 0 0 0 0 0 0 0 0 0
Dissipation 0.00333669
End step 18
Begin step 19
Stress 4.06986e-12 100.456 -4.43114e-12 100.456 -4.11159e-12 -5.08762e-12 -4.43114e-12 -5.08762e-12 -1.25285e-14
Strain 0 0.000633333 0 0.000633333 0 0 0 0 0
Strain mean -8.3338e-20 0.000633333 -2.21557e-17 0.000633333 -1.33852e-32 -2.54381e-17 -2.21557e-17 -2.54381e-17 3.91205e-35
Plastic strain_mean -2.04953e-17 0.000131053 0 0.000131053 2.04953e-17 0 0 0 0
Plastic strain_rate_mean 0 0 0 0 0 0 0 0 0
Dissipation 0.00333765
End step 19
Begin step 20
Stress -2.15798e-12 100.476 2.44254e-12 100.476 2.17697e-12 3.5894e-12 2.44254e-12 3.5894e-12 5.7031e-15
Strain 0 0.000666667 0 0.000666667 0 0 0 0 0
Strain mean 3.79364e-20 0.000666667 1.22127e-17 0.000666667 3.56779e-32 1.7947e-17 1.22127e-17 1.7947e-17 2.16065e-33
Plastic strain_mean 1.08563e-17 0.000164285 0 0.000164285 -1.08563e-17 0 0 0 0
Plastic strain_rate_mean 0 0 0 0 0 0 0 0 0
Dissipation 0.00333827
End step 20
Begin step 21
Stress -8.18906e-13 100.497 2.63488e-12 100.497 8.36634e-13 -1.6026e-12 2.63488e-12 -1.6026e-12 5.32319e-15
Strain 0 0.0007 0 0.0007 0 0 0 0 0
Strain mean 3.54092e-20 0.0007 1.31744e-17 0.0007 1.68519e-34 -8.013e-18 1.31744e-17 -8.013e-18 -6.1389e-34
Plastic strain_mean 4.15656e-18 0.000197516 0 0.000197516 -4.15656e-18 0 0 0 0
Plastic strain_rate_mean 0 0 0 0 0 0 0 0 0
Dissipation 0.00333886
End step 21
Begin step 22
Stress -5.16924e-13 100.517 1.34787e-12 100.517 4.35089e-13 -1.00208e-12 1.34787e-12 -1.00208e-12 -2.45723e-14
Strain 0 0.000733333 0 0.000733333 0 0 0 0 0
Strain mean -1.63452e-19 0.000733333 6.73935e-18 0.000733333 1.18264e-33 -5.01041e-18 6.73935e-18 -5.01041e-18 -1.50463e-34
Plastic strain_mean 2.29831e-18 0.000230748 0 0.000230748 -2.29831e-18 0 0 0 0
Plastic strain_rate_mean 0 0 0 0 0 0 0 0 0
Dissipation 0.00333943
End step 22
Begin step 23
Stress -2.27883e-13 100.537 8.12903e-13 100.537 2.76574e-13 -6.4237e-13 8.12903e-13 -6.4237e-13 1.46202e-14
Strain 0 0.000766667 0 0.000766667 0 0 0 0 0
Strain mean 9.72519e-20 0.000766667 4.06452e-18 0.000766667 -3.7014e-34 -3.21185e-18 4.06452e-18 -3.21185e-18 4.66436e-35
Plastic strain_mean 1.30977e-18 0.000263979 0 0.000263979 -1.30977e-18 0 0 0 0
Plastic strain_rate_mean 0 0 0 0 0 0 0 0 0
Dissipation 0.00334
End step 23
Begin step 24
Stress -1.81399e-12 100.558 -4.10715e-12 100.558 1.9479e-12 -1.30569e-12 -4.10715e-12 -1.30569e-12 4.02099e-14
Strain 0 0.0008 0 0.0008 0 0 0 0 0
Strain mean 2.67472e-19 0.0008 -2.05357e-17 0.0008 -4.08056e-33 -6.52844e-18 -2.05357e-17 -6.52844e-18 -1.01262e-33
Plastic strain_mean 9.53847e-18 0.000297211 0 0.000297211 -9.53847e-18 0 0 0 0
Plastic strain_rate_mean 0 0 0 0 0 0 0 0 0
Dissipation 0.00334057
End step 24
Begin step 25
Stress -1.37564e-12 100.578 -2.82718e-12 100.578 1.35876e-12 -8.94265e-13 -2.82718e-12 -8.94265e-13 -5.06554e-15
Strain 0 0.000833333 0 0.000833333 0 0 0 0 0
Strain mean -3.36954e-20 0.000833333 -1.41359e-17 0.000833333 7.28242e-34 -4.47133e-18 -1.41359e-17 -4.47133e-18 -1.57686e-33
Plastic strain_mean 6.81915e-18 0.000330442 0 0.000330442 -6.81915e-18 0 0 0 0
Plastic strain_rate_mean 0 0 0 0 0 0 0 0 0
Dissipation 0.00334114
End step 25
Begin step 26
Stress -7.65922e-13 100.599 -1.88084e-12 100.599 8.25739e-13 -6.13916e-13 -1.88084e-12 -6.13916e-13 1.79608e-14
Strain 0 0.000866667 0 0.000866667 0 0 0 0 0
Strain mean 1.19473e-19 0.000866667 -9.4042e-18 0.000866667 -1.3301e-33 -3.06958e-18 -9.4042e-18 -3.06958e-18 -5.15337e-34
Plastic strain_mean 4.03889e-18 0.000363673 0 0.000363673 -4.03889e-18 0 0 0 0
Plastic strain_rate_mean 0 0 0 0 0 0 0 0 0
Dissipation 0.00334172
End step 26
Begin step 27
Stress -3.44214e-12 100.619 -2.06845e-12 100.619 3.49627e-12 5.1668e-13 -2.06845e-12 5.1668e-13 1.62534e-14
Strain 0 0.0009 0 0.0009 0 0 0 0 0
Strain mean 1.08116e-19 0.0009 -1.03422e-17 0.0009 2.02223e-32 2.5834e-18 -1.03422e-17 2.5834e-18 -3.25151e-33
Plastic strain_mean 1.74001e-17 0.000396904 0 0.000396904 -1.74001e-17 0 0 0 0
Plastic strain_rate_mean 0 0 0 0 0 0 0 0 0
Dissipation 0.00334229
End step 27
Begin step 28
Stress 4.79958e-12 100.64 3.03133e-12 100.64 -4.76008e-12 -1.70171e-12 3.03133e-12 -1.70171e-12 1.18604e-14
Strain 0 0.000933333 0 0.000933333 0 0 0 0 0
Strain mean 7.88937e-20 0.000933333 1.51566e-17 0.000933333 2.15463e-33 -8.50855e-18 1.51566e-17 -8.50855e-18 5.05721e-33
Plastic strain_mean -2.38597e-17 0.000430135 0 0.000430135 2.38597e-17 0 0 0 0
Plastic strain_rate_mean 0 0 0 0 0 0 0 0 0
Dissipation 0.00334287
End step 28
Begin step 29
Stress -1.43286e-12 100.66 -9.57019e-13 100.66 1.50135e-12 -9.45783e-15 -9.57019e-13 -9.45783e-15 2.05635e-14
Strain 0 0.000966667 0 0.000966667 0 0 0 0 0
Strain mean 1.36786e-19 0.000966667 -4.7851e-18 0.000966667 6.67816e-32 -4.72891e-20 -4.7851e-18 -4.72891e-20 -2.53775e-33
Plastic strain_mean 7.40391e-18 0.000463365 0 0.000463365 -7.40391e-18 0 0 0 0
Plastic strain_rate_mean 0 0 0 0 0 0 0 0 0
Dissipation 0.00334345
End step 29
Begin step 30
Stress 3.12172e-12 100.681 1.32159e-12 100.681 -3.18292e-12 -1.15334e-12 1.32159e-12 -1.15334e-12 -1.83757e-14
Strain 0 0.001 0 0.001 0 0 0 0 0
Strain mean -1.22233e-19 0.001 6.60793e-18 0.001 2.67825e-33 -5.76669e-18 6.60793e-18 -5.76669e-18 3.8308e-33
Plastic strain_mean -1.58227e-17 0.000496596 0 0.000496596 1.58227e-17 0 0 0 0
Plastic strain_rate_mean 0 0 0 0 0 0 0 0 0
Dissipation 0.00334402
End step 30
