Begin step 0
Stress 0 0 0 0 0 0 0 0 0
Strain 0 0 0 0 0 0 0 0 0
Strain mean 0 0 0 0 0 0 0 0 0
Plastic strain_mean 0 0 0 0 0 0 0 0 0
Plastic strain_rate_mean 0 0 0 0 0 0 0 0 0
Dissipation 0
End step 0
Begin step 1
Stress -7.27746e-15 22.5715 -2.51051e-12 22.5715 -8.93463e-15 -2.215e-12 -2.51051e-12 -2.215e-12 -4.86794e-15
Strain 0 0.000333333 0 0.000333333 0 0 0 0 0
Strain mean -3.2381e-20 0.000333333 -1.25525e-17 0.000333333 -3.2801e-34 -1.1075e-17 -1.25525e-17 -1.1075e-17 1.80556e-35
Plastic strain_mean -2.03334e-20 0.000220476 0 0.000220476 2.03334e-20 0 0 0 0
Plastic strain_rate_mean 0 0 0 0 0 0 0 0 0
Dissipation 0.0049603
End step 1
Begin step 2
Stress 2.69373e-13 30.0151 -1.50756e-12 30.0151 -3.80956e-13 -1.73602e-12 -1.50756e-12 -1.73602e-12 -3.35046e-14
Strain 0 0.000666667 0 0.000666667 0 0 0 0 0
Strain mean -2.22869e-19 0.000666667 -7.53782e-18 0.000666667 4.21297e-34 -8.6801e-18 -7.53782e-18 -8.6801e-18 1.71829e-33
Plastic strain_mean -1.73726e-18 0.000516591 0 0.000516591 1.73726e-18 0 0 0 0
Plastic strain_rate_mean 0 0 0 0 0 0 0 0 0
Dissipation 0.00883922
End step 2
Begin step 3
Stress 2.50953e-12 32.4975 1.89556e-12 32.4975 -2.49469e-12 -1.85347e-12 1.89556e-12 -1.85347e-12 4.45418e-15
Strain 0 0.001 0 0.001 0 0 0 0 0
Strain mean 2.96287e-20 0.001 9.47782e-18 0.001 3.09352e-33 -9.26736e-18 9.47782e-18 -9.26736e-18 3.22443e-33
Plastic strain_mean -1.24957e-17 0.000837512 0 0.000837512 1.24957e-17 0 0 0 0
Plastic strain_rate_mean 0 0 0 0 0 0 0 0 0
Dissipation 0.0103476
End step 3
Begin step 4
Stress -5.70653e-13 33.3921 5.39002e-13 33.3921 6.00147e-13 -1.75291e-12 5.39002e-13 -1.75291e-12 8.85597e-15
Strain 0 0.00133333 0 0.00133333 0 0 0 0 0
Strain mean 5.89089e-20 0.00133333 2.69501e-18 0.00133333 -5.24816e-33 -8.76457e-18 2.69501e-18 -8.76457e-18 5.65742e-34
Plastic strain_mean 2.95646e-18 0.00116637 0 0.00116637 -2.95646e-18 0 0 0 0
Plastic strain_rate_mean 0 0 0 0 0 0 0 0 0
Dissipation 0.0108705
End step 4
Begin step 5
Stress 8.35249e-13 33.781 -1.48401e-12 33.781 -8.486e-13 2.26235e-12 -1.48401e-12 2.26235e-12 -4.00877e-15
Strain 0 0.00166667 0 0.00166667 0 0 0 0 0
Strain mean -2.66659e-20 0.00166667 -7.42007e-18 0.00166667 -2.16667e-33 1.13118e-17 -7.42007e-18 1.13118e-17 -7.28477e-34
Plastic strain_mean -4.22295e-18 0.00149776 0 0.00149776 4.22295e-18 0 0 0 0
Plastic strain_rate_mean 0 0 0 0 0 0 0 0 0
Dissipation 0.0110577
End step 5
Begin step 6
Stress 6.64611e-13 34.0075 -1.02049e-12 34.0075 -4.84711e-13 2.66117e-12 -1.02049e-12 2.66117e-12 5.40179e-14
Strain 0 0.002 0 0.002 0 0 0 0 0
Strain mean 3.59321e-19 0.002 -5.10246e-18 0.002 -2.62408e-33 1.33059e-17 -5.10246e-18 1.33059e-17 -2.13658e-34
Plastic strain_mean -2.69364e-18 0.00182996 0 0.00182996 2.69364e-18 0 0 0 0
Plastic strain_rate_mean 0 0 0 0 0 0 0 0 0
Dissipation 0.0111368
End step 6
Begin step 7
Stress 1.58136e-13 34.1803 1.9746e-13 34.1803 -3.30677e-13 2.84751e-12 1.9746e-13 2.84751e-12 -5.18083e-14
Strain 0 0.00233333 0 0.00233333 0 0 0 0 0
Strain mean -3.44623e-19 0.00233333 9.87299e-19 0.00233333 -2.51575e-33 1.42376e-17 9.87299e-19 1.42376e-17 2.10649e-34
Plastic strain_mean -1.39434e-18 0.00216243 0 0.00216243 1.39434e-18 0 0 0 0
Plastic strain_rate_mean 0 0 0 0 0 0 0 0 0
Dissipation 0.0111817
End step 7
Begin step 8
Stress 2.47771e-13 34.334 3.62214e-13 34.334 -2.46608e-13 2.73939e-12 3.62214e-13 2.73939e-12 3.49348e-16
Strain 0 0.00266667 0 0.00266667 0 0 0 0 0
Strain mean 2.32382e-21 0.00266667 1.81107e-18 0.00266667 9.0278e-35 1.36969e-17 1.81107e-18 1.36969e-17 1.59491e-34
Plastic strain_mean -1.23479e-18 0.002495 0 0.002495 1.23479e-18 0 0 0 0
Plastic strain_rate_mean 0 0 0 0 0 0 0 0 0
Dissipation 0.0112158
End step 8
Begin step 9
Stress 6.67431e-13 34.4797 5.38666e-13 34.4797 -4.7656e-14 2.36652e-12 5.38666e-13 2.36652e-12 1.86098e-13
Strain 0 0.003 0 0.003 0 0 0 0 0
Strain mean 1.2379e-18 0.003 2.69333e-18 0.003 5.02547e-34 1.18326e-17 2.69333e-18 1.18326e-17 2.33218e-34
Plastic strain_mean -1.16877e-18 0.0028276 0 0.0028276 1.16877e-18 0 0 0 0
Plastic strain_rate_mean 0 0 0 0 0 0 0 0 0
Dissipation 0.0112466
End step 9
Begin step 10
Stress 1.25887e-12 34.6212 3.86244e-12 34.6212 -8.84087e-13 8.1312e-12 3.86244e-12 8.1312e-12 1.12534e-13
Strain 0 0.00333333 0 0.00333333 0 0 0 0 0
Strain mean 7.48561e-19 0.00333333 1.93122e-17 0.00333333 -5.41668e-34 4.0656e-17 1.93122e-17 4.0656e-17 1.17963e-33
Plastic strain_mean -4.9831e-18 0.00316023 0 0.00316023 4.9831e-18 0 0 0 0
Plastic strain_rate_mean 0 0 0 0 0 0 0 0 0
Dissipation 0.0112764
End step 10
Begin step 11
Stress 4.81338e-13 34.7598 -2.39215e-12 34.7598 -3.46435e-13 -5.24295e-12 -2.39215e-12 -5.24295e-12 4.05069e-14
Strain 0 0.00366667 0 0.00366667 0 0 0 0 0
Strain mean 2.69447e-19 0.00366667 -1.19607e-17 0.00366667 6.43261e-32 -2.62147e-17 -1.19607e-17 -2.62147e-17 1.68519e-34
Plastic strain_mean -1.93471e-18 0.00349287 0 0.00349287 1.93471e-18 0 0 0 0
Plastic strain_rate_mean 0 0 0 0 0 0 0 0 0
Dissipation 0.0113058
End step 11
Begin step 12
Stress 4.4344e-13 34.896 2.92046e-12 34.896 -9.0353e-13 6.0435e-12 2.92046e-12 6.0435e-12 -1.3815e-13
Strain 0 0.004 0 0.004 0 0 0 0 0
Strain mean -9.18955e-19 0.004 1.46023e-17 0.004 1.18565e-33 3.02175e-17 1.46023e-17 3.02175e-17 1.75741e-33
Plastic strain_mean -3.8269e-18 0.00382552 0 0.00382552 3.8269e-18 0 0 0 0
Plastic strain_rate_mean 0 0 0 0 0 0 0 0 0
Dissipation 0.011335
End step 12
Begin step 13
Stress 9.4378e-13 35.0302 2.72935e-12 35.0302 -8.53262e-13 5.38365e-12 2.72935e-12 5.38365e-12 2.71793e-14
Strain 0 0.00433333 0 0.00433333 0 0 0 0 0
Strain mean 1.80793e-19 0.00433333 1.36467e-17 0.00433333 -7.49307e-34 2.69182e-17 1.36467e-17 2.69182e-17 1.38426e-33
Plastic strain_mean -4.40221e-18 0.00415818 0 0.00415818 4.40221e-18 0 0 0 0
Plastic strain_rate_mean 0 0 0 0 0 0 0 0 0
Dissipation 0.0113642
End step 13
Begin step 14
Stress 9.36811e-13 35.1625 2.16178e-12 35.1625 -7.04294e-13 4.75674e-12 2.16178e-12 4.75674e-12 6.98172e-14
Strain 0 0.00466667 0 0.00466667 0 0 0 0 0
Strain mean 4.64416e-19 0.00466667 1.08089e-17 0.00466667 -1.43993e-33 2.37837e-17 1.08089e-17 2.37837e-17 9.96067e-34
Plastic strain_mean -3.87055e-18 0.00449085 0 0.00449085 3.87055e-18 0 0 0 0
Plastic strain_rate_mean 0 0 0 0 0 0 0 0 0
Dissipation 0.0113932
End step 14
Begin step 15
Stress 1.86912e-13 35.2931 2.14189e-12 35.2931 -8.53225e-13 4.18062e-12 2.14189e-12 4.18062e-12 -2.00071e-13
Strain 0 0.005 0 0.005 0 0 0 0 0
Strain mean -1.33085e-18 0.005 1.07095e-17 0.005 -2.25996e-33 2.09031e-17 1.07095e-17 2.09031e-17 3.76158e-34
Plastic strain_mean -3.26577e-18 0.00482353 0 0.00482353 3.26577e-18 0 0 0 0
Plastic strain_rate_mean 0 0 0 0 0 0 0 0 0
Dissipation 0.0114221
End step 15
Begin step 16
Stress 1.50586e-12 35.4222 -7.27799e-13 35.4222 -1.26351e-12 -1.66394e-12 -7.27799e-13 -1.66394e-12 7.27691e-14
Strain 0 0.00533333 0 0.00533333 0 0 0 0 0
Strain mean 4.84052e-19 0.00533333 -3.639e-18 0.00533333 1.04e-32 -8.3197e-18 -3.639e-18 -8.3197e-18 -6.19909e-34
Plastic strain_mean -6.68138e-18 0.00515622 0 0.00515622 6.68138e-18 0 0 0 0
Plastic strain_rate_mean 0 0 0 0 0 0 0 0 0
Dissipation 0.0114509
End step 16
Begin step 17
Stress 5.63722e-13 35.5498 1.31067e-12 35.5498 -6.32948e-13 3.45615e-12 1.31067e-12 3.45615e-12 -2.07862e-14
Strain 0 0.00566667 0 0.00566667 0 0 0 0 0
Strain mean -1.38267e-19 0.00566667 6.55333e-18 0.00566667 -3.61112e-35 1.72807e-17 6.55333e-18 1.72807e-17 1.03368e-33
Plastic strain_mean -3.06081e-18 0.00548892 0 0.00548892 3.06081e-18 0 0 0 0
Plastic strain_rate_mean 0 0 0 0 0 0 0 0 0
Dissipation 0.0114796
End step 17
Begin step 18
Stress 6.97719e-13 35.676 1.41855e-12 35.676 -6.04642e-13 3.14339e-12 1.41855e-12 3.14339e-12 2.79478e-14
Strain 0 0.006 0 0.006 0 0 0 0 0
Strain mean 1.85906e-19 0.006 7.09276e-18 0.006 4.75464e-34 1.5717e-17 7.09276e-18 1.5717e-17 7.95951e-34
Plastic strain_mean -3.16295e-18 0.00582162 0 0.00582162 3.16295e-18 0 0 0 0
Plastic strain_rate_mean 0 0 0 0 0 0 0 0 0
Dissipation 0.0115082
End step 18
Begin step 19
Stress 2.00416e-14 35.801 1.60128e-12 35.801 -6.37141e-13 2.86084e-12 1.60128e-12 2.86084e-12 -1.85294e-13
Strain 0 0.00633333 0 0.00633333 0 0 0 0 0
Strain mean -1.23255e-18 0.00633333 8.00642e-18 0.00633333 -1.45648e-33 1.43042e-17 8.00642e-18 1.43042e-17 3.81801e-34
Plastic strain_mean -2.25923e-18 0.00615433 0 0.00615433 2.25923e-18 0 0 0 0
Plastic strain_rate_mean 0 0 0 0 0 0 0 0 0
Dissipation 0.0115366
End step 19
Begin step 20
Stress 1.24634e-12 35.9249 2.45112e-12 35.9249 -1.83412e-12 7.2498e-12 2.45112e-12 7.2498e-12 -1.76491e-13
Strain 0 0.00666667 0 0.00666667 0 0 0 0 0
Strain mean -1.17399e-18 0.00666667 1.22556e-17 0.00666667 -5.47084e-33 3.6249e-17 1.22556e-17 3.6249e-17 -1.60093e-33
Plastic strain_mean -8.28812e-18 0.00648704 0 0.00648704 8.28812e-18 0 0 0 0
Plastic strain_rate_mean 0 0 0 0 0 0 0 0 0
Dissipation 0.0115649
End step 20
Begin step 21
Stress 1.66412e-12 36.0476 2.41689e-12 36.0476 -1.57384e-12 6.27194e-12 2.41689e-12 6.27194e-12 2.71094e-14
Strain 0 0.007 0 0.007 0 0 0 0 0
Strain mean 1.80329e-19 0.007 1.20844e-17 0.007 3.39445e-33 3.13597e-17 1.20844e-17 3.13597e-17 -1.70625e-33
Plastic strain_mean -8.00472e-18 0.00681976 0 0.00681976 8.00472e-18 0 0 0 0
Plastic strain_rate_mean 0 0 0 0 0 0 0 0 0
Dissipation 0.011593
End step 21
Begin step 22
Stress 1.43476e-12 36.1694 2.02385e-12 36.1694 -1.31707e-12 5.18629e-12 2.02385e-12 5.18629e-12 3.53365e-14
Strain 0 0.00733333 0 0.00733333 0 0 0 0 0
Strain mean 2.35055e-19 0.00733333 1.01192e-17 0.00733333 -5.59723e-34 2.59314e-17 1.01192e-17 2.59314e-17 -1.59491e-33
Plastic strain_mean -6.76204e-18 0.00715249 0 0.00715249 6.76204e-18 0 0 0 0
Plastic strain_rate_mean 0 0 0 0 0 0 0 0 0
Dissipation 0.011621
End step 22
Begin step 23
Stress 5.70928e-13 36.2901 1.67806e-12 36.2901 -1.24021e-12 3.97084e-12 1.67806e-12 3.97084e-12 -2.00962e-13
Strain 0 0.00766667 0 0.00766667 0 0 0 0 0
Strain mean -1.33678e-18 0.00766667 8.39028e-18 0.00766667 -8.20025e-34 1.98542e-17 8.39028e-18 1.98542e-17 -1.81158e-33
Plastic strain_mean -5.19623e-18 0.00748522 0 0.00748522 5.19623e-18 0 0 0 0
Plastic strain_rate_mean 0 0 0 0 0 0 0 0 0
Dissipation 0.011649
End step 23
Begin step 24
Stress 5.10578e-13 36.41 1.15843e-12 36.41 -7.21863e-13 2.51511e-12 1.15843e-12 2.51511e-12 -6.34416e-14
Strain 0 0.008 0 0.008 0 0 0 0 0
Strain mean -4.22006e-19 0.008 5.79216e-18 0.008 2.76702e-33 1.25756e-17 5.79216e-18 1.25756e-17 -1.31354e-33
Plastic strain_mean -3.29211e-18 0.00781795 0 0.00781795 3.29211e-18 0 0 0 0
Plastic strain_rate_mean 0 0 0 0 0 0 0 0 0
Dissipation 0.0116767
End step 24
Begin step 25
Stress 1.06562e-13 36.529 6.38518e-13 36.529 -6.14761e-13 8.16584e-13 6.38518e-13 8.16584e-13 -1.52595e-13
Strain 0 0.00833333 0 0.00833333 0 0 0 0 0
Strain mean -1.01505e-18 0.00833333 3.19259e-18 0.00833333 1.41454e-33 4.08292e-18 3.19259e-18 4.08292e-18 -1.11343e-33
Plastic strain_mean -2.31083e-18 0.00815069 0 0.00815069 2.31083e-18 0 0 0 0
Plastic strain_rate_mean 0 0 0 0 0 0 0 0 0
Dissipation 0.0117044
End step 25
Begin step 26
Stress 6.95151e-13 36.6472 3.24708e-13 36.6472 5.87708e-14 -9.46163e-13 3.24708e-13 -9.46163e-13 2.26377e-13
Strain 0 0.00866667 0 0.00866667 0 0 0 0 0
Strain mean 1.50584e-18 0.00866667 1.62354e-18 0.00866667 3.97223e-34 -4.73082e-18 1.62354e-18 -4.73082e-18 -1.88831e-34
Plastic strain_mean -8.38033e-19 0.00848343 0 0.00848343 8.38033e-19 0 0 0 0
Plastic strain_rate_mean 0 0 0 0 0 0 0 0 0
Dissipation 0.011732
End step 26
Begin step 27
Stress -1.17477e-12 36.7647 -4.29684e-13 36.7647 1.17309e-12 -9.13689e-12 -4.29684e-13 -9.13689e-12 -5.06554e-16
Strain 0 0.009 0 0.009 0 0 0 0 0
Strain mean -3.36954e-21 0.009 -2.14842e-18 0.009 -6.94538e-33 -4.56845e-17 -2.14842e-18 -4.56845e-17 3.21991e-34
Plastic strain_mean 5.86797e-18 0.00881618 0 0.00881618 -5.86797e-18 0 0 0 0
Plastic strain_rate_mean 0 0 0 0 0 0 0 0 0
Dissipation 0.0117594
End step 27
Begin step 28
Stress -3.61558e-13 36.8814 -6.61784e-13 36.8814 1.35748e-12 -7.23626e-12 -6.61784e-13 -7.23626e-12 2.99042e-13
Strain 0 0.00933333 0 0.00933333 0 0 0 0 0
Strain mean 1.98919e-18 0.00933333 -3.30892e-18 0.00933333 1.76584e-32 -3.61813e-17 -3.30892e-18 -3.61813e-17 9.23845e-34
Plastic strain_mean 5.29219e-18 0.00914893 0 0.00914893 -5.29219e-18 0 0 0 0
Plastic strain_rate_mean 0 0 0 0 0 0 0 0 0
Dissipation 0.0117867
End step 28
Begin step 29
Stress -3.28402e-12 36.9975 4.3187e-12 36.9975 1.94651e-12 7.46311e-12 4.3187e-12 7.46311e-12 -4.0161e-13
Strain 0 0.00966667 0 0.00966667 0 0 0 0 0
Strain mean -2.67147e-18 0.00966667 2.15935e-17 0.00966667 2.08386e-31 3.73156e-17 2.15935e-17 3.73156e-17 -2.39538e-33
Plastic strain_mean 1.17406e-17 0.00948168 0 0.00948168 -1.17406e-17 0 0 0 0
Plastic strain_rate_mean 0 0 0 0 0 0 0 0 0
Dissipation 0.011814
End step 29
Begin step 30
Stress -5.10693e-13 37.1129 3.90191e-12 37.1129 6.98359e-13 6.61189e-12 3.90191e-12 6.61189e-12 5.63498e-14
Strain 0 0.01 0 0.01 0 0 0 0 0
Strain mean 3.74832e-19 0.01 1.95095e-17 0.01 1.51366e-33 3.30595e-17 1.95095e-17 3.30595e-17 -5.20603e-34
Plastic strain_mean 3.21005e-18 0.00981444 0 0.00981444 -3.21005e-18 0 0 0 0
Plastic strain_rate_mean 0 0 0 0 0 0 0 0 0
Dissipation 0.0118411
End step 30
