Begin step 0
Stress 0 0 0 0 0 0 0 0 0
Strain 0 0 0 0 0 0 0 0 0
Strain mean 0 0 0 0 0 0 0 0 0
Plastic strain_mean 0 0 0 0 0 0 0 0 0
Plastic strain_rate_mean 0 0 0 0 0 0 0 0 0
Dissipation 0
End step 0
Begin step 1
Stress 7.72773e-16 6.66667 -6.18112e-18 6.66667 3.31605e-16 -3.18972e-17 -6.18112e-18 -3.18972e-17 3.31607e-16
Strain 0 3.33333e-05 0 3.33333e-05 0 0 0 0 0
Strain mean 2.20581e-21 3.33333e-05 -3.09056e-23 3.33333e-05 6.67093e-37 -1.59486e-22 -3.09056e-23 -1.59486e-22 2.07181e-37
Plastic strain_mean -1.25849e-26 8.43698e-17 0 8.43698e-17 1.25849e-26 0 0 0 0
Plastic strain_rate_mean 0 0 0 0 0 0 0 0 0
Dissipation 5.62465e-16
End step 1
Begin step 2
Stress -1.79271e-15 13.3333 6.48723e-15 13.3333 -7.7417e-16 9.20553e-18 6.48723e-15 9.20553e-18 -7.70749e-16
Strain 0 6.66667e-05 0 6.66667e-05 0 0 0 0 0
Strain mean -5.12693e-21 6.66667e-05 3.24361e-20 6.66667e-05 4.46688e-37 4.60277e-23 3.24361e-20 4.60277e-23 -2.50968e-36
Plastic strain_mean -1.71058e-23 8.64791e-14 0 8.64791e-14 1.71058e-23 0 0 0 0
Plastic strain_rate_mean 0 0 0 0 0 0 0 0 0
Dissipation 1.15193e-12
End step 2
Begin step 3
Stress 6.79082e-16 20 2.25669e-14 20 1.93513e-16 -7.89693e-15 2.25669e-14 -7.89693e-15 2.62011e-16
Strain 0 0.0001 0 0.0001 0 0 0 0 0
Strain mean 1.74287e-21 0.0001 1.12835e-19 0.0001 -2.58609e-36 -3.94847e-20 1.12835e-19 -3.94847e-20 -4.29643e-36
Plastic strain_mean -3.42489e-22 5.06844e-12 0 5.06844e-12 3.42489e-22 0 0 0 0
Plastic strain_rate_mean 0 0 0 0 0 0 0 0 0
Dissipation 9.96392e-11
End step 3
Begin step 4
Stress -7.16566e-15 26.6666 -2.05549e-12 26.6666 -1.633e-15 3.01538e-13 -2.05549e-12 3.01538e-13 -2.64194e-15
Strain 0 0.000133333 0 0.000133333 0 0 0 0 0
Strain mean -1.75739e-20 0.000133333 -1.02774e-17 0.000133333 -3.91205e-35 1.50769e-18 -1.02774e-17 1.50769e-18 -2.36227e-34
Plastic strain_mean 5.04471e-21 9.35358e-11 0 9.35358e-11 -5.04471e-21 0 0 0 0
Plastic strain_rate_mean 0 0 0 0 0 0 0 0 0
Dissipation 2.35913e-09
End step 4
Begin step 5
Stress 1.76217e-14 33.3331 -9.0714e-13 33.3331 -3.16574e-15 2.13315e-12 -9.0714e-13 2.13315e-12 4.34065e-15
Strain 0 0.000166667 0 0.000166667 0 0 0 0 0
Strain mean 2.88735e-20 0.000166667 -4.5357e-18 0.000166667 2.70834e-35 1.06658e-17 -4.5357e-18 1.06658e-17 -1.11216e-33
Plastic strain_mean -3.75319e-20 9.17416e-10 0 9.17416e-10 3.75319e-20 0 0 0 0
Plastic strain_rate_mean 0 0 0 0 0 0 0 0 0
Dissipation 2.74625e-08
End step 5
Begin step 6
Stress -1.85381e-14 39.9988 2.256e-12 39.9988 3.58227e-14 2.76639e-12 2.256e-12 2.76639e-12 5.19e-15
Strain 0 0.0002 0 0.0002 0 0 0 0 0
Strain mean 3.45233e-20 0.0002 1.128e-17 0.0002 6.1389e-34 1.3832e-17 1.128e-17 1.3832e-17 -1.85973e-33
Plastic strain_mean 1.53164e-19 6.0174e-09 0 6.0174e-09 -1.53164e-19 0 0 0 0
Plastic strain_rate_mean 0 0 0 0 0 0 0 0 0
Dissipation 2.03993e-07
End step 6
Begin step 7
Stress -6.08232e-14 46.6607 -9.39002e-12 46.6607 1.12801e-13 -5.29612e-13 -9.39002e-12 -5.29612e-13 1.56071e-14
Strain 0 0.000233333 0 0.000233333 0 0 0 0 0
Strain mean 1.03817e-19 0.000233333 -4.69501e-17 0.000233333 1.38426e-34 -2.64806e-18 -4.69501e-17 -2.64806e-18 4.12871e-33
Plastic strain_mean 4.85968e-19 2.98193e-08 0 2.98193e-08 -4.85968e-19 0 0 0 0
Plastic strain_rate_mean 0 0 0 0 0 0 0 0 0
Dissipation 1.11061e-06
End step 7
Begin step 8
Stress -1.06129e-13 53.3093 6.24762e-12 53.3093 1.30293e-13 -3.51873e-12 6.24762e-12 -3.51873e-12 7.25552e-15
Strain 0 0.000266667 0 0.000266667 0 0 0 0 0
Strain mean 4.82629e-20 0.000266667 3.12381e-17 0.000266667 6.93335e-33 -1.75936e-17 3.12381e-17 -1.75936e-17 9.95465e-33
Plastic strain_mean 6.15187e-19 1.20002e-07 0 1.20002e-07 -6.15187e-19 0 0 0 0
Plastic strain_rate_mean 0 0 0 0 0 0 0 0 0
Dissipation 4.8076e-06
End step 8
Begin step 9
Stress -1.1183e-13 59.918 8.97699e-13 59.918 8.57102e-14 -1.93055e-12 8.97699e-13 -1.93055e-12 -7.84286e-15
Strain 0 0.0003 0 0.0003 0 0 0 0 0
Strain mean -5.21698e-20 0.0003 4.48849e-18 0.0003 -3.84343e-32 -9.65276e-18 4.48849e-18 -9.65276e-18 -1.36019e-33
Plastic strain_mean 4.67765e-19 4.1017e-07 0 4.1017e-07 -4.67765e-19 0 0 0 0
Plastic strain_rate_mean 0 0 0 0 0 0 0 0 0
Dissipation 1.73862e-05
End step 9
Begin step 10
Stress -8.62912e-14 66.422 1.26203e-12 66.422 8.12011e-14 1.53068e-12 1.26203e-12 1.53068e-12 -1.5284e-15
Strain 0 0.000333333 0 0.000333333 0 0 0 0 0
Strain mean -1.01667e-20 0.000333333 6.31014e-18 0.000333333 -1.48874e-31 7.65338e-18 6.31014e-18 7.65338e-18 -1.63478e-33
Plastic strain_mean 4.13647e-19 1.2233e-06 0 1.2233e-06 -4.13647e-19 0 0 0 0
Plastic strain_rate_mean 0 0 0 0 0 0 0 0 0
Dissipation 5.40094e-05
End step 10
Begin step 11
Stress -5.24317e-13 72.6882 -1.3254e-12 72.6882 5.08029e-13 -6.63994e-14 -1.3254e-12 -6.63994e-14 -4.89087e-15
Strain 0 0.000366667 0 0.000366667 0 0 0 0 0
Strain mean -3.25335e-20 0.000366667 -6.627e-18 0.000366667 -1.15363e-31 -3.31997e-19 -6.627e-18 -3.31997e-19 -3.80033e-33
Plastic strain_mean 2.5646e-18 3.22587e-06 0 3.22587e-06 -2.5646e-18 0 0 0 0
Plastic strain_rate_mean 0 0 0 0 0 0 0 0 0
Dissipation 0.00014556
End step 11
Begin step 12
Stress -7.30972e-13 78.4918 1.43725e-12 78.4918 7.3452e-13 1.95423e-12 1.43725e-12 1.95423e-12 1.06551e-15
Strain 0 0.0004 0 0.0004 0 0 0 0 0
Strain mean 7.08766e-21 0.0004 7.18625e-18 0.0004 2.38815e-32 9.77113e-18 7.18625e-18 9.77113e-18 -8.42594e-34
Plastic strain_mean 3.66727e-18 7.54112e-06 0 7.54112e-06 -3.66727e-18 0 0 0 0
Plastic strain_rate_mean 0 0 0 0 0 0 0 0 0
Dissipation 0.000338699
End step 12
Begin step 13
Stress -2.11398e-12 83.5484 -4.62015e-12 83.5484 2.15543e-12 -1.2763e-11 -4.62015e-12 -1.2763e-11 1.24455e-14
Strain 0 0.000433333 0 0.000433333 0 0 0 0 0
Strain mean 8.27861e-20 0.000433333 -2.31008e-17 0.000433333 5.34446e-32 -6.38148e-17 -2.31008e-17 -6.38148e-17 -3.38241e-33
Plastic strain_mean 1.07149e-17 1.55914e-05 0 1.55914e-05 -1.07149e-17 0 0 0 0
Plastic strain_rate_mean 0 0 0 0 0 0 0 0 0
Dissipation 0.000672536
End step 13
Begin step 14
Stress -1.24741e-12 87.6254 -1.14565e-12 87.6254 1.32219e-12 1.27356e-12 -1.14565e-12 1.27356e-12 2.24543e-14
Strain 0 0.000466667 0 0.000466667 0 0 0 0 0
Strain mean 1.49364e-19 0.000466667 -5.72823e-18 0.000466667 1.09297e-32 6.36781e-18 -5.72823e-18 6.36781e-18 -1.31505e-33
Plastic strain_mean 6.49868e-18 2.85395e-05 0 2.85395e-05 -6.49868e-18 0 0 0 0
Plastic strain_rate_mean 0 0 0 0 0 0 0 0 0
Dissipation 0.00113444
End step 14
Begin step 15
Stress 1.64275e-12 90.6587 1.16412e-13 90.6587 -1.60732e-12 9.05176e-13 1.16412e-13 9.05176e-13 1.06376e-14
Strain 0 0.0005 0 0.0005 0 0 0 0 0
Strain mean 7.07604e-20 0.0005 5.82061e-19 0.0005 -8.42594e-35 4.52588e-18 5.82061e-19 4.52588e-18 -1.43843e-33
Plastic strain_mean -8.08979e-18 4.67064e-05 0 4.67064e-05 8.08979e-18 0 0 0 0
Plastic strain_rate_mean 0 0 0 0 0 0 0 0 0
Dissipation 0.00164665
End step 15
Begin step 16
Stress 3.39471e-12 92.7638 1.51148e-13 92.7638 -3.40043e-12 4.0619e-12 1.51148e-13 4.0619e-12 -1.71617e-15
Strain 0 0.000533333 0 0.000533333 0 0 0 0 0
Strain mean -1.14158e-20 0.000533333 7.55739e-19 0.000533333 1.93315e-32 2.03095e-17 7.55739e-19 2.03095e-17 -2.52778e-33
Plastic strain_mean -1.69936e-17 6.95141e-05 0 6.95141e-05 1.69936e-17 0 0 0 0
Plastic strain_rate_mean 0 0 0 0 0 0 0 0 0
Dissipation 0.00211511
End step 16
Begin step 17
Stress -2.13982e-12 94.1513 9.63796e-13 94.1513 2.08374e-12 3.50534e-12 9.63796e-13 3.50534e-12 -1.68386e-14
Strain 0 0.000566667 0 0.000566667 0 0 0 0 0
Strain mean -1.12008e-19 0.000566667 4.81898e-18 0.000566667 3.46186e-32 1.75267e-17 4.81898e-18 1.75267e-17 -4.96529e-33
Plastic strain_mean 1.05029e-17 9.59103e-05 0 9.59103e-05 -1.05029e-17 0 0 0 0
Plastic strain_rate_mean 0 0 0 0 0 0 0 0 0
Dissipation 0.00248426
End step 17
Begin step 18
Stress 1.74917e-12 95.0359 3.30569e-12 95.0359 -1.8024e-12 5.2253e-14 3.30569e-12 5.2253e-14 -1.59827e-14
Strain 0 0.0006 0 0.0006 0 0 0 0 0
Strain mean -1.06315e-19 0.0006 1.65285e-17 0.0006 3.18838e-31 2.61265e-19 1.65285e-17 2.61265e-19 -3.03936e-33
Plastic strain_mean -8.93207e-18 0.000124821 0 0.000124821 8.93207e-18 0 0 0 0
Plastic strain_rate_mean 0 0 0 0 0 0 0 0 0
Dissipation 0.00274615
End step 18
Begin step 19
Stress -1.09452e-12 95.5904 -1.75701e-13 95.5904 1.03406e-12 -1.19328e-13 -1.75701e-13 -1.19328e-13 -1.8153e-14
Strain 0 0.000633333 0 0.000633333 0 0 0 0 0
Strain mean -1.20752e-19 0.000633333 -8.78506e-19 0.000633333 -2.80945e-32 -5.96639e-19 -8.78506e-19 -5.96639e-19 1.05625e-33
Plastic strain_mean 5.26108e-18 0.000155381 0 0.000155381 -5.26108e-18 0 0 0 0
Plastic strain_rate_mean 0 0 0 0 0 0 0 0 0
Dissipation 0.00291956
End step 19
Begin step 20
Stress -2.73739e-13 95.9369 1.59603e-12 95.9369 3.21208e-13 2.90027e-13 1.59603e-12 2.90027e-13 1.42534e-14
Strain 0 0.000666667 0 0.000666667 0 0 0 0 0
Strain mean 9.48119e-20 0.000666667 7.98017e-18 0.000666667 -3.51482e-33 1.45013e-18 7.98017e-18 1.45013e-18 5.33844e-33
Plastic strain_mean 1.53478e-18 0.000186982 0 0.000186982 -1.53478e-18 0 0 0 0
Plastic strain_rate_mean 0 0 0 0 0 0 0 0 0
Dissipation 0.00302954
End step 20
Begin step 21
Stress -1.28719e-12 96.1556 -2.13439e-13 96.1556 1.37681e-12 2.03531e-12 -2.13439e-13 2.03531e-12 2.69085e-14
Strain 0 0.0007 0 0.0007 0 0 0 0 0
Strain mean 1.78992e-19 0.0007 -1.06719e-18 0.0007 1.96806e-33 1.01766e-17 -1.06719e-18 1.01766e-17 3.19584e-33
Plastic strain_mean 6.74951e-18 0.000219222 0 0.000219222 -6.74951e-18 0 0 0 0
Plastic strain_rate_mean 0 0 0 0 0 0 0 0 0
Dissipation 0.00309753
End step 21
Begin step 22
Stress -1.33971e-12 96.297 -1.03394e-12 96.297 1.28064e-12 7.9598e-13 -1.03394e-12 7.9598e-13 -1.77381e-14
Strain 0 0.000733333 0 0.000733333 0 0 0 0 0
Strain mean -1.17992e-19 0.000733333 -5.16971e-18 0.000733333 -2.50973e-33 3.9799e-18 -5.16971e-18 3.9799e-18 2.75724e-34
Plastic strain_mean 6.49187e-18 0.000251848 0 0.000251848 -6.49187e-18 0 0 0 0
Plastic strain_rate_mean 0 0 0 0 0 0 0 0 0
Dissipation 0.00313899
End step 22
Begin step 23
Stress -8.42414e-13 96.3919 -1.82308e-12 96.3919 8.70832e-13 9.41834e-13 -1.82308e-12 9.41834e-13 8.53282e-15
Strain 0 0.000766667 0 0.000766667 0 0 0 0 0
Strain mean 5.67593e-20 0.000766667 -9.11541e-18 0.000766667 5.53705e-33 4.70917e-18 -9.11541e-18 4.70917e-18 3.66077e-33
Plastic strain_mean 4.31149e-18 0.000284707 0 0.000284707 -4.31149e-18 0 0 0 0
Plastic strain_rate_mean 0 0 0 0 0 0 0 0 0
Dissipation 0.00316414
End step 23
Begin step 24
Stress -5.59912e-13 96.459 -1.14126e-12 96.459 5.44467e-13 3.31048e-13 -1.14126e-12 3.31048e-13 -4.63759e-15
Strain 0 0.0008 0 0.0008 0 0 0 0 0
Strain mean -3.08487e-20 0.0008 -5.7063e-18 0.0008 5.77779e-34 1.65524e-18 -5.7063e-18 1.65524e-18 2.05382e-33
Plastic strain_mean 2.74552e-18 0.000317705 0 0.000317705 -2.74552e-18 0 0 0 0
Plastic strain_rate_mean 0 0 0 0 0 0 0 0 0
Dissipation 0.00317942
End step 24
Begin step 25
Stress -2.03201e-12 96.5095 -2.40879e-12 96.5095 2.07517e-12 1.13461e-12 -2.40879e-12 1.13461e-12 1.29608e-14
Strain 0 0.000833333 0 0.000833333 0 0 0 0 0
Strain mean 8.62138e-20 0.000833333 -1.2044e-17 0.000833333 -7.83661e-31 5.67303e-18 -1.2044e-17 5.67303e-18 2.37431e-33
Plastic strain_mean 1.03111e-17 0.000350786 0 0.000350786 -1.03111e-17 0 0 0 0
Plastic strain_rate_mean 0 0 0 0 0 0 0 0 0
Dissipation 0.00318879
End step 25
Begin step 26
Stress -4.92466e-13 96.5501 -9.90487e-13 96.5501 5.73661e-13 -1.03065e-12 -9.90487e-13 -1.03065e-12 2.43801e-14
Strain 0 0.000866667 0 0.000866667 0 0 0 0 0
Strain mean 1.62174e-19 0.000866667 -4.95244e-18 0.000866667 3.39566e-32 -5.15325e-18 -4.95244e-18 -5.15325e-18 2.64364e-33
Plastic strain_mean 2.74641e-18 0.000383916 0 0.000383916 -2.74641e-18 0 0 0 0
Plastic strain_rate_mean 0 0 0 0 0 0 0 0 0
Dissipation 0.00319463
End step 26
Begin step 27
Stress -7.3928e-14 96.5847 5.09335e-13 96.5847 9.45504e-14 -1.40273e-12 5.09335e-13 -1.40273e-12 6.19219e-15
Strain 0 0.0009 0 0.0009 0 0 0 0 0
Strain mean 4.11897e-20 0.0009 2.54667e-18 0.0009 -1.02315e-32 -7.01365e-18 2.54667e-18 -7.01365e-18 3.98652e-33
Plastic strain_mean 4.41791e-19 0.000417076 0 0.000417076 -4.41791e-19 0 0 0 0
Plastic strain_rate_mean 0 0 0 0 0 0 0 0 0
Dissipation 0.00319837
End step 27
Begin step 28
Stress 8.43634e-14 96.6158 1.41422e-12 96.6158 3.26661e-14 -1.61831e-12 1.41422e-12 -1.61831e-12 3.514e-14
Strain 0 0.000933333 0 0.000933333 0 0 0 0 0
Strain mean 2.33747e-19 0.000933333 7.07108e-18 0.000933333 1.44445e-33 -8.09153e-18 7.07108e-18 -8.09153e-18 4.65044e-33
Plastic strain_mean -1.23697e-20 0.000450254 0 0.000450254 1.23697e-20 0 0 0 0
Plastic strain_rate_mean 0 0 0 0 0 0 0 0 0
Dissipation 0.00320087
End step 28
Begin step 29
Stress -1.89726e-14 96.6446 1.59963e-12 96.6446 2.82803e-14 -1.5912e-12 1.59963e-12 -1.5912e-12 2.79478e-15
Strain 0 0.000966667 0 0.000966667 0 0 0 0 0
Strain mean 1.85906e-20 0.000966667 7.99815e-18 0.000966667 2.02584e-32 -7.95599e-18 7.99815e-18 -7.95599e-18 3.78378e-33
Plastic strain_mean 1.27427e-19 0.000483444 0 0.000483444 -1.27427e-19 0 0 0 0
Plastic strain_rate_mean 0 0 0 0 0 0 0 0 0
Dissipation 0.00320262
End step 29
Begin step 30
Stress -9.02883e-14 96.6721 1.62052e-12 96.6721 3.8747e-14 -1.51917e-12 1.62052e-12 -1.51917e-12 -1.54761e-14
Strain 0 0.001 0 0.001 0 0 0 0 0
Strain mean -1.02945e-19 0.001 8.10262e-18 0.001 1.36019e-33 -7.59585e-18 8.10262e-18 -7.59585e-18 3.2485e-33
Plastic strain_mean 2.71116e-19 0.00051664 0 0.00051664 -2.71116e-19 0 0 0 0
Plastic strain_rate_mean 0 0 0 0 0 0 0 0 0
Dissipation 0.00320394
End step 30
