Begin step 0
Stress 0 0 0 0 0 0 0 0 0
Strain 0 0 0 0 0 0 0 0 0
Strain mean 0 0 0 0 0 0 0 0 0
Plastic strain_mean 0 0 0 0 0 0 0 0 0
Plastic strain_rate_mean 0 0 0 0 0 0 0 0 0
Dissipation 0
End step 0
Begin step 1
Stress -4.70307e-13 63.9718 1.84795e-12 63.9718 4.32698e-13 -2.90373e-12 1.84795e-12 -2.90373e-12 -1.12927e-14
Strain 0 0.000333333 0 0.000333333 0 0 0 0 0
Strain mean -7.51175e-20 0.000333333 9.23973e-18 0.000333333 8.04076e-33 -1.45186e-17 9.23973e-18 -1.45186e-17 5.45429e-33
Plastic strain_mean 2.21995e-18 1.34741e-05 0 1.34741e-05 -2.21995e-18 0 0 0 0
Plastic strain_rate_mean 0 0 0 0 0 0 0 0 0
Dissipation 0.000861893
End step 1
Begin step 2
Stress 4.69313e-13 100.074 5.37979e-13 100.074 -4.76657e-13 -1.25466e-12 5.37979e-13 -1.25466e-12 -2.20526e-15
Strain 0 0.000666667 0 0.000666667 0 0 0 0 0
Strain mean -1.46691e-20 0.000666667 2.6899e-18 0.000666667 6.2352e-33 -6.2733e-18 2.6899e-18 -6.2733e-18 -9.18954e-34
Plastic strain_mean -2.37226e-18 0.000166299 0 0.000166299 2.37226e-18 0 0 0 0
Plastic strain_rate_mean 0 0 0 0 0 0 0 0 0
Dissipation 0.0152839
End step 2
Begin step 3
Stress 6.63515e-13 100.276 -4.95579e-13 100.276 -7.8085e-13 -4.31842e-12 -4.95579e-13 -4.31842e-12 -3.52317e-14
Strain 0 0.001 0 0.001 0 0 0 0 0
Strain mean -2.34357e-19 0.001 -2.47789e-18 0.001 -3.15371e-33 -2.15921e-17 -2.47789e-18 -2.15921e-17 4.7915e-33
Plastic strain_mean -3.72809e-18 0.00049862 0 0.00049862 3.72809e-18 0 0 0 0
Plastic strain_rate_mean 0 0 0 0 0 0 0 0 0
Dissipation 0.0333052
End step 3
Begin step 4
Stress 6.81891e-13 100.48 3.4155e-12 100.48 -6.14411e-13 -3.84795e-12 3.4155e-12 -3.84795e-12 2.02622e-14
Strain 0 0.00133333 0 0.00133333 0 0 0 0 0
Strain mean 1.34782e-19 0.00133333 1.70775e-17 0.00133333 -5.18365e-33 -1.92397e-17 1.70775e-17 -1.92397e-17 2.32466e-33
Plastic strain_mean -3.17336e-18 0.000830934 0 0.000830934 3.17336e-18 0 0 0 0
Plastic strain_rate_mean 0 0 0 0 0 0 0 0 0
Dissipation 0.0333626
End step 4
Begin step 5
Stress -2.17574e-12 100.684 4.2136e-13 100.684 2.01881e-12 -2.31373e-12 4.2136e-13 -2.31373e-12 -4.71183e-14
Strain 0 0.00166667 0 0.00166667 0 0 0 0 0
Strain mean -3.13425e-19 0.00166667 2.1068e-18 0.00166667 5.30834e-33 -1.15687e-17 2.1068e-18 -1.15687e-17 1.91389e-33
Plastic strain_mean 1.03297e-17 0.00116324 0 0.00116324 -1.03297e-17 0 0 0 0
Plastic strain_rate_mean 0 0 0 0 0 0 0 0 0
Dissipation 0.0334205
End step 5
Begin step 6
Stress 7.49806e-13 100.89 -3.52517e-12 100.89 -7.01595e-13 -1.10591e-13 -3.52517e-12 -1.10591e-13 1.44761e-14
Strain 0 0.002 0 0.002 0 0 0 0 0
Strain mean 9.62934e-20 0.002 -1.76258e-17 0.002 -1.30602e-33 -5.52956e-19 -1.76258e-17 -5.52956e-19 9.14817e-34
Plastic strain_mean -3.58036e-18 0.00149555 0 0.00149555 3.58036e-18 0 0 0 0
Plastic strain_rate_mean 0 0 0 0 0 0 0 0 0
Dissipation 0.0334788
End step 6
Begin step 7
Stress 1.29913e-12 101.095 6.22112e-12 101.095 -1.23479e-12 1.48135e-12 6.22112e-12 1.48135e-12 1.93189e-14
Strain 0 0.00233333 0 0.00233333 0 0 0 0 0
Strain mean 1.28507e-19 0.00233333 3.11056e-17 0.00233333 1.65811e-33 7.40677e-18 3.11056e-17 7.40677e-18 1.68519e-33
Plastic strain_mean -6.27052e-18 0.00182786 0 0.00182786 6.27052e-18 0 0 0 0
Plastic strain_rate_mean 0 0 0 0 0 0 0 0 0
Dissipation 0.0335372
End step 7
Begin step 8
Stress -3.77924e-12 101.301 -2.41309e-12 101.301 4.27109e-12 3.80205e-12 -2.41309e-12 3.80205e-12 1.47687e-13
Strain 0 0.00266667 0 0.00266667 0 0 0 0 0
Strain mean 9.82396e-19 0.00266667 -1.20654e-17 0.00266667 5.50094e-33 1.90102e-17 -1.20654e-17 1.90102e-17 3.94214e-34
Plastic strain_mean 2.0617e-17 0.00216016 0 0.00216016 -2.0617e-17 0 0 0 0
Plastic strain_rate_mean 0 0 0 0 0 0 0 0 0
Dissipation 0.0335958
End step 8
Begin step 9
Stress -2.98747e-12 101.507 -1.99499e-12 101.507 2.97324e-12 2.55793e-12 -1.99499e-12 2.55793e-12 -4.27078e-15
Strain 0 0.003 0 0.003 0 0 0 0 0
Strain mean -2.84087e-20 0.003 -9.97495e-18 0.003 3.37038e-34 1.27897e-17 -9.97495e-18 1.27897e-17 2.67825e-34
Plastic strain_mean 1.48876e-17 0.00249247 0 0.00249247 -1.48876e-17 0 0 0 0
Plastic strain_rate_mean 0 0 0 0 0 0 0 0 0
Dissipation 0.0336544
End step 9
Begin step 10
Stress -5.06348e-13 101.713 -1.01332e-12 101.713 9.04019e-13 1.57731e-12 -1.01332e-12 1.57731e-12 1.19407e-13
Strain 0 0.00333333 0 0.00333333 0 0 0 0 0
Strain mean 7.94282e-19 0.00333333 -5.06659e-18 0.00333333 -3.49075e-33 7.88654e-18 -5.06659e-18 7.88654e-18 1.20371e-35
Plastic strain_mean 3.92306e-18 0.00282477 0 0.00282477 -3.92306e-18 0 0 0 0
Plastic strain_rate_mean 0 0 0 0 0 0 0 0 0
Dissipation 0.0337131
End step 10
Begin step 11
Stress -1.96061e-12 101.919 -6.40806e-12 101.919 2.18338e-12 7.62249e-12 -6.40806e-12 7.62249e-12 6.68914e-14
Strain 0 0.00366667 0 0.00366667 0 0 0 0 0
Strain mean 4.44954e-19 0.00366667 -3.20403e-17 0.00366667 -8.61854e-33 3.81125e-17 -3.20403e-17 3.81125e-17 -4.64179e-33
Plastic strain_mean 1.05824e-17 0.00315707 0 0.00315707 -1.05824e-17 0 0 0 0
Plastic strain_rate_mean 0 0 0 0 0 0 0 0 0
Dissipation 0.0337719
End step 11
Begin step 12
Stress -6.14237e-13 102.125 -3.91748e-12 102.125 9.61093e-13 4.6403e-12 -3.91748e-12 4.6403e-12 1.04149e-13
Strain 0 0.004 0 0.004 0 0 0 0 0
Strain mean 6.92789e-19 0.004 -1.95874e-17 0.004 -4.16482e-33 2.32015e-17 -1.95874e-17 2.32015e-17 -3.61413e-33
Plastic strain_mean 4.28472e-18 0.00348938 0 0.00348938 -4.28472e-18 0 0 0 0
Plastic strain_rate_mean 0 0 0 0 0 0 0 0 0
Dissipation 0.0338306
End step 12
Begin step 13
Stress -1.10867e-12 102.331 -3.49569e-12 102.331 1.13942e-12 4.09287e-12 -3.49569e-12 4.09287e-12 9.23152e-15
Strain 0 0.00433333 0 0.00433333 0 0 0 0 0
Strain mean 6.1407e-20 0.00433333 -1.74785e-17 0.00433333 3.58704e-33 2.04644e-17 -1.74785e-17 2.04644e-17 -3.31772e-33
Plastic strain_mean 5.65093e-18 0.00382168 0 0.00382168 -5.65093e-18 0 0 0 0
Plastic strain_rate_mean 0 0 0 0 0 0 0 0 0
Dissipation 0.0338893
End step 13
Begin step 14
Stress -4.5106e-12 102.537 -6.23341e-12 102.537 4.81217e-12 -4.39733e-13 -6.23341e-12 -4.39733e-13 9.0551e-14
Strain 0 0.00466667 0 0.00466667 0 0 0 0 0
Strain mean 6.02335e-19 0.00466667 -3.1167e-17 0.00466667 -8.66668e-34 -2.19867e-18 -3.1167e-17 -2.19867e-18 3.11158e-33
Plastic strain_mean 2.36081e-17 0.00415398 0 0.00415398 -2.36081e-17 0 0 0 0
Plastic strain_rate_mean 0 0 0 0 0 0 0 0 0
Dissipation 0.0339481
End step 14
Begin step 15
Stress 3.2797e-12 102.743 5.56906e-12 102.743 -3.46507e-12 -4.27571e-12 5.56906e-12 -4.27571e-12 -5.56598e-14
Strain 0 0.005 0 0.005 0 0 0 0 0
Strain mean -3.70243e-19 0.005 2.78453e-17 0.005 -7.60742e-33 -2.13786e-17 2.78453e-17 -2.13786e-17 5.80788e-34
Plastic strain_mean -1.7047e-17 0.00448628 0 0.00448628 1.7047e-17 0 0 0 0
Plastic strain_rate_mean 0 0 0 0 0 0 0 0 0
Dissipation 0.0340069
End step 15
Begin step 16
Stress -1.20829e-12 102.949 -3.49464e-12 102.949 5.10328e-13 5.50919e-12 -3.49464e-12 5.50919e-12 -2.09574e-13
Strain 0 0.00533333 0 0.00533333 0 0 0 0 0
Strain mean -1.39406e-18 0.00533333 -1.74732e-17 0.00533333 4.55001e-33 2.7546e-17 -1.74732e-17 2.7546e-17 -3.04839e-33
Plastic strain_mean 3.59951e-18 0.00481859 0 0.00481859 -3.59951e-18 0 0 0 0
Plastic strain_rate_mean 0 0 0 0 0 0 0 0 0
Dissipation 0.0340656
End step 16
Begin step 17
Stress 2.55868e-12 103.156 3.07084e-12 103.156 -2.33128e-12 -7.75104e-13 3.07084e-12 -7.75104e-13 6.828e-14
Strain 0 0.00566667 0 0.00566667 0 0 0 0 0
Strain mean 4.54191e-19 0.00566667 1.53542e-17 0.00566667 5.77779e-34 -3.87552e-18 1.53542e-17 -3.87552e-18 -1.06829e-34
Plastic strain_mean -1.19978e-17 0.00515089 0 0.00515089 1.19978e-17 0 0 0 0
Plastic strain_rate_mean 0 0 0 0 0 0 0 0 0
Dissipation 0.0341244
End step 17
Begin step 18
Stress -5.79594e-13 103.362 2.6678e-12 103.362 9.09725e-13 -1.1724e-13 2.6678e-12 -1.1724e-13 9.91274e-14
Strain 0 0.006 0 0.006 0 0 0 0 0
Strain mean 6.59384e-19 0.006 1.3339e-17 0.006 1.43843e-33 -5.86201e-19 1.3339e-17 -5.86201e-19 -8.81715e-34
Plastic strain_mean 4.05299e-18 0.00548319 0 0.00548319 -4.05299e-18 0 0 0 0
Plastic strain_rate_mean 0 0 0 0 0 0 0 0 0
Dissipation 0.0341832
End step 18
Begin step 19
Stress 4.05498e-12 103.568 5.7583e-12 103.568 -4.26568e-12 2.73462e-12 5.7583e-12 2.73462e-12 -6.32669e-14
Strain 0 0.00633333 0 0.00633333 0 0 0 0 0
Strain mean -4.20844e-19 0.00633333 2.87915e-17 0.00633333 1.92593e-34 1.36731e-17 2.87915e-17 1.36731e-17 -1.80594e-33
Plastic strain_mean -2.10121e-17 0.00581549 0 0.00581549 2.10121e-17 0 0 0 0
Plastic strain_rate_mean 0 0 0 0 0 0 0 0 0
Dissipation 0.0342419
End step 19
Begin step 20
Stress -1.44258e-12 103.774 -7.6364e-12 103.774 1.47469e-12 -1.7562e-12 -7.6364e-12 -1.7562e-12 9.642e-15
Strain 0 0.00666667 0 0.00666667 0 0 0 0 0
Strain mean 6.41375e-20 0.00666667 -3.8182e-17 0.00666667 -1.20371e-33 -8.78099e-18 -3.8182e-17 -8.78099e-18 -3.28612e-33
Plastic strain_mean 7.32526e-18 0.0061478 0 0.0061478 -7.32526e-18 0 0 0 0
Plastic strain_rate_mean 0 0 0 0 0 0 0 0 0
Dissipation 0.0343007
End step 20
Begin step 21
Stress -1.48618e-12 103.98 -4.92002e-12 103.98 7.73188e-13 -1.1895e-12 -4.92002e-12 -1.1895e-12 -2.14089e-13
Strain 0 0.007 0 0.007 0 0 0 0 0
Strain mean -1.4241e-18 0.007 -2.46001e-17 0.007 -1.98912e-33 -5.94752e-18 -2.46001e-17 -5.94752e-18 -2.71436e-33
Plastic strain_mean 4.93638e-18 0.0064801 0 0.0064801 -4.93638e-18 0 0 0 0
Plastic strain_rate_mean 0 0 0 0 0 0 0 0 0
Dissipation 0.0343595
End step 21
Begin step 22
Stress -4.87652e-13 104.187 -2.58167e-12 104.187 5.70723e-13 -6.22811e-13 -2.58167e-12 -6.22811e-13 2.49434e-14
Strain 0 0.00733333 0 0.00733333 0 0 0 0 0
Strain mean 1.65921e-19 0.00733333 -1.29084e-17 0.00733333 9.0278e-35 -3.11405e-18 -1.29084e-17 -3.11405e-18 -9.78011e-34
Plastic strain_mean 2.7289e-18 0.0068124 0 0.0068124 -2.7289e-18 0 0 0 0
Plastic strain_rate_mean 0 0 0 0 0 0 0 0 0
Dissipation 0.0344182
End step 22
Begin step 23
Stress 4.9657e-13 104.393 5.17624e-12 104.393 -1.79469e-13 9.53483e-13 5.17624e-12 9.53483e-13 9.52147e-14
Strain 0 0.00766667 0 0.00766667 0 0 0 0 0
Strain mean 6.33358e-19 0.00766667 2.58812e-17 0.00766667 -5.15186e-33 4.76742e-18 2.58812e-17 4.76742e-18 1.53172e-33
Plastic strain_mean -1.37342e-18 0.0071447 0 0.0071447 1.37342e-18 0 0 0 0
Plastic strain_rate_mean 0 0 0 0 0 0 0 0 0
Dissipation 0.034477
End step 23
Begin step 24
Stress 1.49088e-12 104.599 1.26204e-11 104.599 -8.96813e-13 2.52978e-12 1.26204e-11 2.52978e-12 1.78377e-13
Strain 0 0.008 0 0.008 0 0 0 0 0
Strain mean 1.18654e-18 0.008 6.31019e-17 0.008 2.18352e-32 1.26489e-17 6.31019e-17 1.26489e-17 2.82871e-33
Plastic strain_mean -5.37595e-18 0.00747701 0 0.00747701 5.37595e-18 0 0 0 0
Plastic strain_rate_mean 0 0 0 0 0 0 0 0 0
Dissipation 0.0345358
End step 24
Begin step 25
Stress 1.95614e-12 104.805 2.07539e-11 104.805 -1.91426e-12 4.10607e-12 2.07539e-11 4.10607e-12 1.25765e-14
Strain 0 0.00833333 0 0.00833333 0 0 0 0 0
Strain mean 8.36576e-20 0.00833333 1.0377e-16 0.00833333 -2.64093e-32 2.05304e-17 1.0377e-16 2.05304e-17 5.82594e-33
Plastic strain_mean -9.63417e-18 0.00780931 0 0.00780931 9.63417e-18 0 0 0 0
Plastic strain_rate_mean 0 0 0 0 0 0 0 0 0
Dissipation 0.0345945
End step 25
Begin step 26
Stress 2.84432e-12 105.011 2.81503e-11 105.011 -2.61727e-12 5.68237e-12 2.81503e-11 5.68237e-12 6.81752e-14
Strain 0 0.00866667 0 0.00866667 0 0 0 0 0
Strain mean 4.53494e-19 0.00866667 1.40752e-16 0.00866667 -2.96112e-32 2.84118e-17 1.40752e-16 2.84118e-17 6.16298e-33
Plastic strain_mean -1.34272e-17 0.00814161 0 0.00814161 1.34272e-17 0 0 0 0
Plastic strain_rate_mean 0 0 0 0 0 0 0 0 0
Dissipation 0.0346533
End step 26
Begin step 27
Stress 2.24197e-12 105.217 3.20042e-12 105.217 -1.56449e-12 1.23461e-12 3.20042e-12 1.23461e-12 2.03425e-13
Strain 0 0.009 0 0.009 0 0 0 0 0
Strain mean 1.35316e-18 0.009 1.60021e-17 0.009 1.66111e-33 6.17306e-18 1.60021e-17 6.17306e-18 -9.31744e-34
Plastic strain_mean -8.83956e-18 0.00847391 0 0.00847391 8.83956e-18 0 0 0 0
Plastic strain_rate_mean 0 0 0 0 0 0 0 0 0
Dissipation 0.034712
End step 27
Begin step 28
Stress 9.3547e-13 105.424 -2.19459e-11 105.424 -6.64383e-13 -3.21314e-12 -2.19459e-11 -3.21314e-12 8.1398e-14
Strain 0 0.00933333 0 0.00933333 0 0 0 0 0
Strain mean 5.4145e-19 0.00933333 -1.0973e-16 0.00933333 -1.09056e-32 -1.60657e-17 -1.0973e-16 -1.60657e-17 -9.53335e-33
Plastic strain_mean -3.72891e-18 0.00880621 0 0.00880621 3.72891e-18 0 0 0 0
Plastic strain_rate_mean 0 0 0 0 0 0 0 0 0
Dissipation 0.0347708
End step 28
Begin step 29
Stress -7.5046e-13 105.63 -4.74135e-11 105.63 6.42732e-15 -7.66089e-12 -4.74135e-11 -7.66089e-12 -2.23408e-13
Strain 0 0.00966667 0 0.00966667 0 0 0 0 0
Strain mean -1.48608e-18 0.00966667 -2.37068e-16 0.00966667 6.45187e-32 -3.83045e-17 -2.37068e-16 -3.83045e-17 -1.44445e-32
Plastic strain_mean 1.14918e-18 0.00913852 0 0.00913852 -1.14918e-18 0 0 0 0
Plastic strain_rate_mean 0 0 0 0 0 0 0 0 0
Dissipation 0.0348296
End step 29
Begin step 30
Stress -8.7464e-13 105.836 -7.23886e-11 105.836 1.39924e-12 -1.21086e-11 -7.23886e-11 -1.21086e-11 1.57521e-13
Strain 0 0.01 0 0.01 0 0 0 0 0
Strain mean 1.04781e-18 0.01 -3.61943e-16 0.01 4.49705e-32 -6.05432e-17 -3.61943e-16 -6.05432e-17 -2.06075e-32
Plastic strain_mean 6.20862e-18 0.00947082 0 0.00947082 -6.20862e-18 0 0 0 0
Plastic strain_rate_mean 0 0 0 0 0 0 0 0 0
Dissipation 0.0348883
End step 30
