Begin step 0
Stress 0 0 0 0 0 0 0 0 0
Strain 0 0 0 0 0 0 0 0 0
Strain mean 0 0 0 0 0 0 0 0 0
Plastic strain_mean 0 0 0 0 0 0 0 0 0
Plastic strain_rate_mean 0 0 0 0 0 0 0 0 0
Dissipation 0
End step 0
Begin step 1
Stress -1.24354e-16 6.66453 -6.69622e-14 6.66453 4.91571e-16 1.72495e-12 -6.69622e-14 1.72495e-12 1.10263e-16
Strain 0 3.33333e-05 0 3.33333e-05 0 0 0 0 0
Strain mean 7.33456e-22 3.33333e-05 -3.34811e-19 3.33333e-05 6.01853e-34 8.62473e-18 -3.34811e-19 8.62473e-18 1.6393e-33
Plastic strain_mean 1.90654e-21 1.07067e-08 0 1.07067e-08 -1.90654e-21 0 0 0 0
Plastic strain_rate_mean 0 0 0 0 0 0 0 0 0
Dissipation 7.13552e-08
End step 1
Begin step 2
Stress 2.00825e-14 13.3269 2.55e-12 13.3269 -1.58068e-14 1.77899e-12 2.55e-12 1.77899e-12 1.28385e-15
Strain 0 6.66667e-05 0 6.66667e-05 0 0 0 0 0
Strain mean 8.54004e-21 6.66667e-05 1.275e-17 6.66667e-05 -1.28484e-31 8.89494e-18 1.275e-17 8.89494e-18 4.46575e-33
Plastic strain_mean -8.54531e-20 3.21167e-08 0 3.21167e-08 8.54531e-20 0 0 0 0
Plastic strain_rate_mean 0 0 0 0 0 0 0 0 0
Dissipation 2.85329e-07
End step 2
Begin step 3
Stress -2.09192e-14 19.9872 -5.5945e-14 19.9872 2.48895e-14 7.63239e-12 -5.5945e-14 7.63239e-12 1.19215e-15
Strain 0 0.0001 0 0.0001 0 0 0 0 0
Strain mean 7.93004e-21 0.0001 -2.79725e-19 0.0001 4.19853e-32 3.8162e-17 -2.79725e-19 3.8162e-17 -1.625e-34
Plastic strain_mean 1.18487e-19 6.42266e-08 0 6.42266e-08 -1.18487e-19 0 0 0 0
Plastic strain_rate_mean 0 0 0 0 0 0 0 0 0
Dissipation 6.41784e-07
End step 3
Begin step 4
Stress -4.10262e-14 26.6453 -5.68481e-14 26.6453 7.44975e-14 7.64153e-12 -5.68481e-14 7.64153e-12 1.00503e-14
Strain 0 0.000133333 0 0.000133333 0 0 0 0 0
Strain mean 6.68534e-20 0.000133333 -2.8424e-19 0.000133333 -2.00778e-32 3.82077e-17 -2.8424e-19 3.82077e-17 -5.77779e-34
Plastic strain_mean 3.22236e-19 1.07033e-07 0 1.07033e-07 -3.22236e-19 0 0 0 0
Plastic strain_rate_mean 0 0 0 0 0 0 0 0 0
Dissipation 1.14058e-06
End step 4
Begin step 5
Stress -9.80673e-14 33.3012 -6.44911e-14 33.3012 1.08498e-13 7.67653e-12 -6.44911e-14 7.67653e-12 3.13212e-15
Strain 0 0.000166667 0 0.000166667 0 0 0 0 0
Strain mean 2.08345e-20 0.000166667 -3.22456e-19 0.000166667 -6.94298e-32 3.83827e-17 -3.22456e-19 3.83827e-17 -1.92593e-34
Plastic strain_mean 5.26832e-19 1.60532e-07 0 1.60532e-07 -5.26832e-19 0 0 0 0
Plastic strain_rate_mean 0 0 0 0 0 0 0 0 0
Dissipation 1.78158e-06
End step 5
Begin step 6
Stress -1.42951e-13 39.9551 -6.52471e-14 39.9551 1.47634e-13 7.67202e-12 -6.52471e-14 7.67202e-12 1.40612e-15
Strain 0 0.0002 0 0.0002 0 0 0 0 0
Strain mean 9.35338e-21 0.0002 -3.26236e-19 0.0002 1.44397e-31 3.83601e-17 -3.26236e-19 3.83601e-17 -5.77779e-34
Plastic strain_mean 7.31137e-19 2.24721e-07 0 2.24721e-07 -7.31137e-19 0 0 0 0
Plastic strain_rate_mean 0 0 0 0 0 0 0 0 0
Dissipation 2.56466e-06
End step 6
Begin step 7
Stress -1.62369e-13 46.6067 1.94544e-12 46.6067 1.43928e-13 1.57248e-12 1.94544e-12 1.57248e-12 -5.53716e-15
Strain 0 0.000233333 0 0.000233333 0 0 0 0 0
Strain mean -3.68326e-20 0.000233333 9.7272e-18 0.000233333 1.96204e-33 7.8624e-18 9.7272e-18 7.8624e-18 -5.86205e-33
Plastic strain_mean 7.47328e-19 2.99681e-07 0 2.99681e-07 -7.47328e-19 0 0 0 0
Plastic strain_rate_mean 0 0 0 0 0 0 0 0 0
Dissipation 3.49363e-06
End step 7
Begin step 8
Stress -1.73911e-13 53.2561 -1.88271e-12 53.2561 1.55674e-13 1.56888e-12 -1.88271e-12 1.56888e-12 -5.47603e-15
Strain 0 0.000266667 0 0.000266667 0 0 0 0 0
Strain mean -3.64259e-20 0.000266667 -9.41354e-18 0.000266667 9.62965e-35 7.84438e-18 -9.41354e-18 7.84438e-18 8.81715e-34
Plastic strain_mean 8.05751e-19 3.86193e-07 0 3.86193e-07 -8.05751e-19 0 0 0 0
Plastic strain_rate_mean 0 0 0 0 0 0 0 0 0
Dissipation 4.6073e-06
End step 8
Begin step 9
Stress -2.04008e-13 59.9025 -3.23084e-12 59.9025 2.04656e-13 3.33359e-12 -3.23084e-12 3.33359e-12 1.94325e-16
Strain 0 0.0003 0 0.0003 0 0 0 0 0
Strain mean 1.29263e-21 0.0003 -1.61542e-17 0.0003 -5.17594e-34 1.6668e-17 -1.61542e-17 1.6668e-17 -3.71343e-33
Plastic strain_mean 1.02231e-18 4.87505e-07 0 4.87505e-07 -1.02231e-18 0 0 0 0
Plastic strain_rate_mean 0 0 0 0 0 0 0 0 0
Dissipation 6.06881e-06
End step 9
Begin step 10
Stress -2.88079e-13 66.5449 -3.88602e-12 66.5449 3.14787e-13 5.55956e-12 -3.88602e-12 5.55956e-12 8.01972e-15
Strain 0 0.000333333 0 0.000333333 0 0 0 0 0
Strain mean 5.33462e-20 0.000333333 -1.94301e-17 0.000333333 -1.32408e-33 2.77978e-17 -1.94301e-17 2.77978e-17 -5.63936e-33
Plastic strain_mean 1.53384e-18 6.09032e-07 0 6.09032e-07 -1.53384e-18 0 0 0 0
Plastic strain_rate_mean 0 0 0 0 0 0 0 0 0
Dissipation 8.08699e-06
End step 10
Begin step 11
Stress -2.40061e-13 73.1813 -2.86918e-12 73.1813 2.65177e-13 -7.81885e-13 -2.86918e-12 -7.81885e-13 7.54155e-15
Strain 0 0.000366667 0 0.000366667 0 0 0 0 0
Strain mean 5.01655e-20 0.000366667 -1.43459e-17 0.000366667 6.01853e-35 -3.90943e-18 -1.43459e-17 -3.90943e-18 1.24584e-33
Plastic strain_mean 1.28818e-18 7.60227e-07 0 7.60227e-07 -1.28818e-18 0 0 0 0
Plastic strain_rate_mean 0 0 0 0 0 0 0 0 0
Dissipation 1.10646e-05
End step 11
Begin step 12
Stress -2.41356e-13 79.8081 3.74046e-12 79.8081 3.21766e-13 -9.15378e-13 3.74046e-12 -9.15378e-13 2.41443e-14
Strain 0 0.0004 0 0.0004 0 0 0 0 0
Strain mean 1.60605e-19 0.0004 1.87023e-17 0.0004 2.19075e-33 -4.57689e-18 1.87023e-17 -4.57689e-18 -1.27894e-33
Plastic strain_mean 1.48811e-18 9.59445e-07 0 9.59445e-07 -1.48811e-18 0 0 0 0
Plastic strain_rate_mean 0 0 0 0 0 0 0 0 0
Dissipation 1.58991e-05
End step 12
Begin step 13
Stress -3.36122e-13 86.4169 5.36022e-13 86.4169 3.30945e-13 -4.42398e-14 5.36022e-13 -4.42398e-14 -1.5546e-15
Strain 0 0.000433333 0 0.000433333 0 0 0 0 0
Strain mean -1.0341e-20 0.000433333 2.68011e-18 0.000433333 2.0463e-33 -2.21199e-19 2.68011e-18 -2.21199e-19 2.43186e-34
Plastic strain_mean 1.6625e-18 1.24878e-06 0 1.24878e-06 -1.6625e-18 0 0 0 0
Plastic strain_rate_mean 0 0 0 0 0 0 0 0 0
Dissipation 2.50033e-05
End step 13
Begin step 14
Stress -2.49419e-13 92.9812 -9.2984e-13 92.9812 2.26063e-13 -1.89622e-12 -9.2984e-13 -1.89622e-12 -7.01316e-15
Strain 0 0.000466667 0 0.000466667 0 0 0 0 0
Strain mean -4.66507e-20 0.000466667 -4.6492e-18 0.000466667 2.80403e-32 -9.4811e-18 -4.6492e-18 -9.4811e-18 -4.24908e-33
Plastic strain_mean 1.16538e-18 1.76066e-06 0 1.76066e-06 -1.16538e-18 0 0 0 0
Plastic strain_rate_mean 0 0 0 0 0 0 0 0 0
Dissipation 4.7595e-05
End step 14
Begin step 15
Stress 7.12545e-13 99.2969 -1.50593e-13 99.2969 -7.5027e-13 4.68127e-12 -1.50593e-13 4.68127e-12 -1.13276e-14
Strain 0 0.0005 0 0.0005 0 0 0 0 0
Strain mean -7.53499e-20 0.0005 -7.52965e-19 0.0005 -5.29631e-33 2.34063e-17 -7.52965e-19 2.34063e-17 2.63612e-33
Plastic strain_mean -3.69471e-18 3.51527e-06 0 3.51527e-06 3.69471e-18 0 0 0 0
Plastic strain_rate_mean 0 0 0 0 0 0 0 0 0
Dissipation 0.000174223
End step 15
Begin step 16
Stress -1.03375e-13 101.841 -3.71269e-13 101.841 8.85118e-14 1.31921e-12 -3.71269e-13 1.31921e-12 -4.46292e-15
Strain 0 0.000533333 0 0.000533333 0 0 0 0 0
Strain mean -2.96868e-20 0.000533333 -1.85634e-18 0.000533333 -2.4676e-34 6.59607e-18 -1.85634e-18 6.59607e-18 9.55442e-35
Plastic strain_mean 4.64874e-19 2.41262e-05 0 2.41262e-05 -4.64874e-19 0 0 0 0
Plastic strain_rate_mean 0 0 0 0 0 0 0 0 0
Dissipation 0.00209889
End step 16
Begin step 17
Stress 1.02455e-12 101.956 -1.99431e-12 101.956 -1.03153e-12 -3.12384e-12 -1.99431e-12 -3.12384e-12 -2.09609e-15
Strain 0 0.000566667 0 0.000566667 0 0 0 0 0
Strain mean -1.39429e-20 0.000566667 -9.97157e-18 0.000566667 1.43963e-32 -1.56192e-17 -9.97157e-18 -1.56192e-17 4.47252e-34
Plastic strain_mean -5.14717e-18 5.68863e-05 0 5.68863e-05 5.14717e-18 0 0 0 0
Plastic strain_rate_mean 0 0 0 0 0 0 0 0 0
Dissipation 0.00333971
End step 17
Begin step 18
Stress 1.9715e-12 101.979 -3.74275e-12 101.979 -1.99597e-12 -6.30329e-12 -3.74275e-12 -6.30329e-12 -7.3494e-15
Strain 0 0.0006 0 0.0006 0 0 0 0 0
Strain mean -4.88874e-20 0.0006 -1.87138e-17 0.0006 3.80853e-32 -3.15165e-17 -1.87138e-17 -3.15165e-17 1.19468e-33
Plastic strain_mean -9.94312e-18 9.01032e-05 0 9.01032e-05 9.94312e-18 0 0 0 0
Plastic strain_rate_mean 0 0 0 0 0 0 0 0 0
Dissipation 0.00338693
End step 18
Begin step 19
Stress -1.844e-12 102 2.79405e-12 102 1.81068e-12 -1.31457e-12 2.79405e-12 -1.31457e-12 -1.00044e-14
Strain 0 0.000633333 0 0.000633333 0 0 0 0 0
Strain mean -6.65484e-20 0.000633333 1.39703e-17 0.000633333 -2.36889e-32 -6.57284e-18 1.39703e-17 -6.57284e-18 -1.56482e-34
Plastic strain_mean 9.10342e-18 0.000123332 0 0.000123332 -9.10342e-18 0 0 0 0
Plastic strain_rate_mean 0 0 0 0 0 0 0 0 0
Dissipation 0.00338873
End step 19
Begin step 20
Stress -6.55102e-13 102.021 1.6542e-12 102.021 6.21914e-13 -9.10617e-13 1.6542e-12 -9.10617e-13 -9.96515e-15
Strain 0 0.000666667 0 0.000666667 0 0 0 0 0
Strain mean -6.6287e-20 0.000666667 8.27099e-18 0.000666667 7.34261e-34 -4.55308e-18 8.27099e-18 -4.55308e-18 1.05324e-34
Plastic strain_mean 3.1594e-18 0.000156562 0 0.000156562 -3.1594e-18 0 0 0 0
Plastic strain_rate_mean 0 0 0 0 0 0 0 0 0
Dissipation 0.00338941
End step 20
Begin step 21
Stress -2.70123e-13 102.042 8.7813e-13 102.042 3.15774e-13 -6.92653e-13 8.7813e-13 -6.92653e-13 1.37075e-14
Strain 0 0.0007 0 0.0007 0 0 0 0 0
Strain mean 9.11809e-20 0.0007 4.39065e-18 0.0007 -1.82211e-33 -3.46326e-18 4.39065e-18 -3.46326e-18 -3.97223e-34
Plastic strain_mean 1.51033e-18 0.000189792 0 0.000189792 -1.51033e-18 0 0 0 0
Plastic strain_rate_mean 0 0 0 0 0 0 0 0 0
Dissipation 0.00339002
End step 21
Begin step 22
Stress -2.18565e-12 102.062 -4.90391e-12 102.062 2.2335e-12 -1.42743e-12 -4.90391e-12 -1.42743e-12 1.43669e-14
Strain 0 0.000733333 0 0.000733333 0 0 0 0 0
Strain mean 9.55672e-20 0.000733333 -2.45196e-17 0.000733333 -1.40533e-33 -7.13717e-18 -2.45196e-17 -7.13717e-18 -2.45255e-33
Plastic strain_mean 1.10957e-17 0.000223022 0 0.000223022 -1.10957e-17 0 0 0 0
Plastic strain_rate_mean 0 0 0 0 0 0 0 0 0
Dissipation 0.00339062
End step 22
Begin step 23
Stress 3.61581e-13 102.083 -4.72918e-13 102.083 -3.68125e-13 8.58088e-13 -4.72918e-13 8.58088e-13 -1.96508e-15
Strain 0 0.000766667 0 0.000766667 0 0 0 0 0
Strain mean -1.30715e-20 0.000766667 -2.36459e-18 0.000766667 4.08779e-32 4.29044e-18 -2.36459e-18 4.29044e-18 -1.42037e-33
Plastic strain_mean -1.8308e-18 0.000256252 0 0.000256252 1.8308e-18 0 0 0 0
Plastic strain_rate_mean 0 0 0 0 0 0 0 0 0
Dissipation 0.0033912
End step 23
Begin step 24
Stress -9.53961e-13 102.104 -2.03865e-12 102.104 8.38386e-13 -7.22136e-13 -2.03865e-12 -7.22136e-13 -3.47033e-14
Strain 0 0.0008 0 0.0008 0 0 0 0 0
Strain mean -2.30843e-19 0.0008 -1.01932e-17 0.0008 3.00927e-33 -3.61068e-18 -1.01932e-17 -3.61068e-18 -1.03594e-33
Plastic strain_mean 4.36545e-18 0.000289482 0 0.000289482 -4.36545e-18 0 0 0 0
Plastic strain_rate_mean 0 0 0 0 0 0 0 0 0
Dissipation 0.00339179
End step 24
Begin step 25
Stress -6.45883e-13 102.124 -1.36689e-12 102.124 6.76671e-13 -5.12489e-13 -1.36689e-12 -5.12489e-13 9.24462e-15
Strain 0 0.000833333 0 0.000833333 0 0 0 0 0
Strain mean 6.14941e-20 0.000833333 -6.83446e-18 0.000833333 -5.41668e-35 -2.56245e-18 -6.83446e-18 -2.56245e-18 -5.95835e-34
Plastic strain_mean 3.33713e-18 0.000322712 0 0.000322712 -3.33713e-18 0 0 0 0
Plastic strain_rate_mean 0 0 0 0 0 0 0 0 0
Dissipation 0.00339237
End step 25
Begin step 26
Stress -1.68481e-12 102.145 -7.96793e-12 102.145 1.57728e-12 -2.38446e-12 -7.96793e-12 -2.38446e-12 -3.22885e-14
Strain 0 0.000866667 0 0.000866667 0 0 0 0 0
Strain mean -2.14779e-19 0.000866667 -3.98396e-17 0.000866667 4.57408e-34 -1.19223e-17 -3.98396e-17 -1.19223e-17 3.61112e-34
Plastic strain_mean 8.04783e-18 0.000355942 0 0.000355942 -8.04783e-18 0 0 0 0
Plastic strain_rate_mean 0 0 0 0 0 0 0 0 0
Dissipation 0.00339295
End step 26
Begin step 27
Stress 2.81369e-12 102.166 -2.17109e-12 102.166 -2.75591e-12 8.78561e-13 -2.17109e-12 8.78561e-13 1.73495e-14
Strain 0 0.0009 0 0.0009 0 0 0 0 0
Strain mean 1.15407e-19 0.0009 -1.08554e-17 0.0009 -1.59852e-31 4.39281e-18 -1.08554e-17 4.39281e-18 4.74411e-33
Plastic strain_mean -1.38663e-17 0.000389172 0 0.000389172 1.38663e-17 0 0 0 0
Plastic strain_rate_mean 0 0 0 0 0 0 0 0 0
Dissipation 0.00339353
End step 27
Begin step 28
Stress -3.71113e-12 102.186 -2.05745e-13 102.186 3.83641e-12 1.02858e-12 -2.05745e-13 1.02858e-12 3.7616e-14
Strain 0 0.000933333 0 0.000933333 0 0 0 0 0
Strain mean 2.50217e-19 0.000933333 -1.02873e-18 0.000933333 1.27593e-32 5.14292e-18 -1.02873e-18 5.14292e-18 -3.43056e-34
Plastic strain_mean 1.8994e-17 0.000422402 0 0.000422402 -1.8994e-17 0 0 0 0
Plastic strain_rate_mean 0 0 0 0 0 0 0 0 0
Dissipation 0.00339412
End step 28
Begin step 29
Stress -6.86914e-13 102.207 2.20545e-12 102.207 8.23882e-13 8.6952e-15 2.20545e-12 8.6952e-15 4.1127e-14
Strain 0 0.000966667 0 0.000966667 0 0 0 0 0
Strain mean 2.73572e-19 0.000966667 1.10272e-17 0.000966667 2.39778e-32 4.3476e-20 1.10272e-17 4.3476e-20 -1.38426e-34
Plastic strain_mean 3.91377e-18 0.000455631 0 0.000455631 -3.91377e-18 0 0 0 0
Plastic strain_rate_mean 0 0 0 0 0 0 0 0 0
Dissipation 0.0033947
End step 29
Begin step 30
Stress -1.31972e-13 102.228 2.18083e-12 102.228 1.08559e-14 2.7588e-13 2.18083e-12 2.7588e-13 -3.63671e-14
Strain 0 0.001 0 0.001 0 0 0 0 0
Strain mean -2.4191e-19 0.001 1.09042e-17 0.001 8.1852e-34 1.3794e-18 1.09042e-17 1.3794e-18 -1.61297e-33
Plastic strain_mean 2.36115e-19 0.000488861 0 0.000488861 -2.36115e-19 0 0 0 0
Plastic strain_rate_mean 0 0 0 0 0 0 0 0 0
Dissipation 0.00339529
End step 30
