Begin step 0
Stress 0 0 0 0 0 0 0 0 0
Strain 0 0 0 0 0 0 0 0 0
Strain mean 0 0 0 0 0 0 0 0 0
Plastic strain_mean 0 0 0 0 0 0 0 0 0
Plastic strain_rate_mean 0 0 0 0 0 0 0 0 0
Dissipation 0
End step 0
Begin step 1
Stress -1.47155e-13 5.74324 -6.23351e-13 5.74324 1.4536e-13 8.86911e-13 -6.23351e-13 8.86911e-13 -5.3876e-16
Strain 0 3.33333e-05 0 3.33333e-05 0 0 0 0 0
Strain mean -3.58377e-21 3.33333e-05 -3.11676e-18 3.33333e-05 -5.92223e-33 4.43456e-18 -3.11676e-18 4.43456e-18 -4.01981e-33
Plastic strain_mean 7.29495e-19 4.61714e-06 0 4.61714e-06 -7.29495e-19 0 0 0 0
Plastic strain_rate_mean 0 0 0 0 0 0 0 0 0
Dissipation 2.65098e-05
End step 1
Begin step 2
Stress 6.68035e-13 10.6871 1.71071e-12 10.6871 -6.73073e-13 -2.75015e-12 1.71071e-12 -2.75015e-12 -1.51257e-15
Strain 0 6.66667e-05 0 6.66667e-05 0 0 0 0 0
Strain mean -1.00614e-20 6.66667e-05 8.55356e-18 6.66667e-05 1.15556e-32 -1.37508e-17 8.55356e-18 -1.37508e-17 3.13866e-33
Plastic strain_mean -3.3578e-18 1.32313e-05 0 1.32313e-05 3.3578e-18 0 0 0 0
Plastic strain_rate_mean 0 0 0 0 0 0 0 0 0
Dissipation 9.20193e-05
End step 2
Begin step 3
Stress 1.47325e-12 14.9372 2.17892e-12 14.9372 -1.47104e-12 -3.57697e-12 2.17892e-12 -3.57697e-12 6.61032e-16
Strain 0 0.0001 0 0.0001 0 0 0 0 0
Strain mean 4.39711e-21 0.0001 1.08946e-17 0.0001 9.91854e-33 -1.78849e-17 1.08946e-17 -1.78849e-17 4.37246e-33
Plastic strain_mean -7.35853e-18 2.53142e-05 0 2.53142e-05 7.35853e-18 0 0 0 0
Plastic strain_rate_mean 0 0 0 0 0 0 0 0 0
Dissipation 0.000180376
End step 3
Begin step 4
Stress 2.09674e-12 18.5849 2.25711e-12 18.5849 -2.10116e-12 -3.79751e-12 2.25711e-12 -3.79751e-12 -1.32971e-15
Strain 0 0.000133333 0 0.000133333 0 0 0 0 0
Strain mean -8.84505e-21 0.000133333 1.12856e-17 0.000133333 1.37704e-32 -1.89876e-17 1.12856e-17 -1.89876e-17 5.01645e-33
Plastic strain_mean -1.04992e-17 4.04089e-05 0 4.04089e-05 1.04992e-17 0 0 0 0
Plastic strain_rate_mean 0 0 0 0 0 0 0 0 0
Dissipation 0.000280318
End step 4
Begin step 5
Stress 2.50263e-12 21.7101 2.12368e-12 21.7101 -2.50876e-12 -3.65327e-12 2.12368e-12 -3.65327e-12 -1.84281e-15
Strain 0 0.000166667 0 0.000166667 0 0 0 0 0
Strain mean -1.22582e-20 0.000166667 1.06184e-17 0.000166667 -3.41853e-33 -1.82664e-17 1.06184e-17 -1.82664e-17 4.43114e-33
Plastic strain_mean -1.25346e-17 5.81163e-05 0 5.81163e-05 1.25346e-17 0 0 0 0
Plastic strain_rate_mean 0 0 0 0 0 0 0 0 0
Dissipation 0.000384066
End step 5
Begin step 6
Stress 2.71403e-12 24.3828 1.85842e-12 24.3828 -2.69511e-12 -3.29644e-12 1.85842e-12 -3.29644e-12 5.68127e-15
Strain 0 0.0002 0 0.0002 0 0 0 0 0
Strain mean 3.77911e-20 0.0002 9.29209e-18 0.0002 -1.29037e-32 -1.64822e-17 9.29209e-18 -1.64822e-17 3.64422e-33
Plastic strain_mean -1.35039e-17 7.80861e-05 0 7.80861e-05 1.35039e-17 0 0 0 0
Plastic strain_rate_mean 0 0 0 0 0 0 0 0 0
Dissipation 0.00048637
End step 6
Begin step 7
Stress 2.71702e-12 26.6646 1.56106e-12 26.6646 -2.71145e-12 -2.83455e-12 1.56106e-12 -2.83455e-12 1.6725e-15
Strain 0 0.000233333 0 0.000233333 0 0 0 0 0
Strain mean 1.11253e-20 0.000233333 7.80529e-18 0.000233333 9.53335e-33 -1.41727e-17 7.80529e-18 -1.41727e-17 3.82891e-33
Plastic strain_mean -1.35656e-17 0.00010001 0 0.00010001 1.35656e-17 0 0 0 0
Plastic strain_rate_mean 0 0 0 0 0 0 0 0 0
Dissipation 0.000583832
End step 7
Begin step 8
Stress 2.57427e-12 28.6095 1.24923e-12 28.6095 -2.58764e-12 -2.33874e-12 1.24923e-12 -2.33874e-12 -4.01641e-15
Strain 0 0.000266667 0 0.000266667 0 0 0 0 0
Strain mean -2.67167e-20 0.000266667 6.24614e-18 0.000266667 1.93556e-32 -1.16937e-17 6.24614e-18 -1.16937e-17 2.69611e-33
Plastic strain_mean -1.29181e-17 0.000123619 0 0.000123619 1.29181e-17 0 0 0 0
Plastic strain_rate_mean 0 0 0 0 0 0 0 0 0
Dissipation 0.000674407
End step 8
Begin step 9
Stress 2.3341e-12 30.265 9.20945e-13 30.265 -2.37464e-12 -1.85946e-12 9.20945e-13 -1.85946e-12 -1.21748e-14
Strain 0 0.0003 0 0.0003 0 0 0 0 0
Strain mean -8.09852e-20 0.0003 4.60472e-18 0.0003 2.76852e-33 -9.29729e-18 4.60472e-18 -9.29729e-18 2.0147e-33
Plastic strain_mean -1.18123e-17 0.000148675 0 0.000148675 1.18123e-17 0 0 0 0
Plastic strain_rate_mean 0 0 0 0 0 0 0 0 0
Dissipation 0.000757019
End step 9
Begin step 10
Stress 1.49286e-12 31.6723 -8.34716e-13 31.6723 -1.4442e-12 -1.56879e-13 -8.34716e-13 -1.56879e-13 1.46115e-14
Strain 0 0.000333333 0 0.000333333 0 0 0 0 0
Strain mean 9.71938e-20 0.000333333 -4.17358e-18 0.000333333 -8.76298e-33 -7.84395e-19 -4.17358e-18 -7.84395e-19 -5.5852e-33
Plastic strain_mean -7.29404e-18 0.000174972 0 0.000174972 7.29404e-18 0 0 0 0
Plastic strain_rate_mean 0 0 0 0 0 0 0 0 0
Dissipation 0.000831277
End step 10
Begin step 11
Stress 8.83394e-13 32.8675 -6.49625e-13 32.8675 -8.98825e-13 -2.35791e-13 -6.49625e-13 -2.35791e-13 -4.63323e-15
Strain 0 0.000366667 0 0.000366667 0 0 0 0 0
Strain mean -3.08197e-20 0.000366667 -3.24813e-18 0.000366667 -1.29037e-32 -1.17895e-18 -3.24813e-18 -1.17895e-18 -4.94121e-33
Plastic strain_mean -4.47096e-18 0.000202329 0 0.000202329 4.47096e-18 0 0 0 0
Plastic strain_rate_mean 0 0 0 0 0 0 0 0 0
Dissipation 0.000897255
End step 11
Begin step 12
Stress 5.69917e-13 33.8816 -4.98061e-13 33.8816 -5.34584e-13 -2.93164e-13 -4.98061e-13 -2.93164e-13 1.06093e-14
Strain 0 0.0004 0 0.0004 0 0 0 0 0
Strain mean 7.05716e-20 0.0004 -2.4903e-18 0.0004 7.36668e-33 -1.46582e-18 -2.4903e-18 -1.46582e-18 -4.25811e-33
Plastic strain_mean -2.72597e-18 0.000230592 0 0.000230592 2.72597e-18 0 0 0 0
Plastic strain_rate_mean 0 0 0 0 0 0 0 0 0
Dissipation 0.000955331
End step 12
Begin step 13
Stress 2.71963e-13 34.7417 -3.67396e-13 34.7417 -3.50918e-13 -3.40651e-13 -3.67396e-13 -3.40651e-13 -2.37076e-14
Strain 0 0.000433333 0 0.000433333 0 0 0 0 0
Strain mean -1.577e-19 0.000433333 -1.83698e-18 0.000433333 3.32223e-33 -1.70326e-18 -1.83698e-18 -1.70326e-18 -2.87535e-33
Plastic strain_mean -1.63605e-18 0.000259625 0 0.000259625 1.63605e-18 0 0 0 0
Plastic strain_rate_mean 0 0 0 0 0 0 0 0 0
Dissipation 0.00100606
End step 13
Begin step 14
Stress 1.94882e-13 35.4708 -2.88495e-12 35.4708 -1.78739e-13 3.73301e-12 -2.88495e-12 3.73301e-12 4.8472e-15
Strain 0 0.000466667 0 0.000466667 0 0 0 0 0
Strain mean 3.2243e-20 0.000466667 -1.44248e-17 0.000466667 2.88889e-33 1.86651e-17 -1.44248e-17 1.86651e-17 3.0514e-33
Plastic strain_mean -9.17933e-19 0.000289313 0 0.000289313 9.17933e-19 0 0 0 0
Plastic strain_rate_mean 0 0 0 0 0 0 0 0 0
Dissipation 0.0010501
End step 14
Begin step 15
Stress 1.30112e-14 36.0888 -2.14701e-12 36.0888 -3.69276e-14 2.17733e-12 -2.14701e-12 2.17733e-12 -7.18128e-15
Strain 0 0.0005 0 0.0005 0 0 0 0 0
Strain mean -4.77691e-20 0.0005 -1.07351e-17 0.0005 1.69963e-32 1.08867e-17 -1.07351e-17 1.08867e-17 2.08241e-33
Plastic strain_mean -1.48732e-19 0.000319556 0 0.000319556 1.48732e-19 0 0 0 0
Plastic strain_rate_mean 0 0 0 0 0 0 0 0 0
Dissipation 0.00108813
End step 15
Begin step 16
Stress -1.30961e-13 36.6128 -1.60988e-12 36.6128 9.34608e-14 9.7961e-13 -1.60988e-12 9.7961e-13 -1.12599e-14
Strain 0 0.000533333 0 0.000533333 0 0 0 0 0
Strain mean -7.48997e-20 0.000533333 -8.04939e-18 0.000533333 1.01593e-32 4.89805e-18 -8.04939e-18 4.89805e-18 1.57084e-33
Plastic strain_mean 5.23603e-19 0.000350269 0 0.000350269 -5.23603e-19 0 0 0 0
Plastic strain_rate_mean 0 0 0 0 0 0 0 0 0
Dissipation 0.00112085
End step 16
Begin step 17
Stress -5.7996e-13 37.0572 -3.40142e-13 37.0572 6.22107e-13 2.98108e-12 -3.40142e-13 2.98108e-12 1.26551e-14
Strain 0 0.000566667 0 0.000566667 0 0 0 0 0
Strain mean 8.41804e-20 0.000566667 -1.70071e-18 0.000566667 1.88741e-32 1.49054e-17 -1.70071e-18 1.49054e-17 -3.39445e-33
Plastic strain_mean 3.04726e-18 0.00038138 0 0.00038138 -3.04726e-18 0 0 0 0
Plastic strain_rate_mean 0 0 0 0 0 0 0 0 0
Dissipation 0.00114888
End step 17
Begin step 18
Stress -4.14203e-13 37.4344 -5.70165e-13 37.4344 3.79939e-13 5.9853e-12 -5.70165e-13 5.9853e-12 -1.02883e-14
Strain 0 0.0006 0 0.0006 0 0 0 0 0
Strain mean -6.84365e-20 0.0006 -2.85083e-18 0.0006 -6.16298e-32 2.99265e-17 -2.85083e-18 2.99265e-17 -1.67165e-33
Plastic strain_mean 1.95114e-18 0.000412828 0 0.000412828 -1.95114e-18 0 0 0 0
Plastic strain_rate_mean 0 0 0 0 0 0 0 0 0
Dissipation 0.00117285
End step 18
Begin step 19
Stress -1.24671e-12 37.7548 1.10845e-12 37.7548 1.28458e-12 -9.56447e-13 1.10845e-12 -9.56447e-13 1.13713e-14
Strain 0 0.000633333 0 0.000633333 0 0 0 0 0
Strain mean 7.56404e-20 0.000633333 5.54227e-18 0.000633333 2.03956e-31 -4.78224e-18 5.54227e-18 -4.78224e-18 5.88311e-34
Plastic strain_mean 6.36606e-18 0.00044456 0 0.00044456 -6.36606e-18 0 0 0 0
Plastic strain_rate_mean 0 0 0 0 0 0 0 0 0
Dissipation 0.00119328
End step 19
Begin step 20
Stress 2.29352e-13 38.0272 8.71648e-13 38.0272 -2.58947e-13 -3.82108e-12 8.71648e-13 -3.82108e-12 -8.88653e-15
Strain 0 0.000666667 0 0.000666667 0 0 0 0 0
Strain mean -5.91122e-20 0.000666667 4.35824e-18 0.000666667 1.95771e-31 -1.91054e-17 4.35824e-18 -1.91054e-17 -1.7544e-33
Plastic strain_mean -1.2503e-18 0.000476531 0 0.000476531 1.2503e-18 0 0 0 0
Plastic strain_rate_mean 0 0 0 0 0 0 0 0 0
Dissipation 0.00121068
End step 20
Begin step 21
Stress -9.15233e-13 38.2593 8.45833e-13 38.2593 9.5879e-13 5.99001e-12 8.45833e-13 5.99001e-12 1.30787e-14
Strain 0 0.0007 0 0.0007 0 0 0 0 0
Strain mean 8.69981e-20 0.0007 4.22917e-18 0.0007 1.5966e-31 2.99501e-17 4.22917e-18 2.99501e-17 3.20035e-33
Plastic strain_mean 4.72856e-18 0.000508703 0 0.000508703 -4.72856e-18 0 0 0 0
Plastic strain_rate_mean 0 0 0 0 0 0 0 0 0
Dissipation 0.00122547
End step 21
Begin step 22
Stress -1.01671e-12 38.4574 1.45388e-12 38.4574 9.95742e-13 6.6559e-12 1.45388e-12 6.6559e-12 -6.29699e-15
Strain 0 0.000733333 0 0.000733333 0 0 0 0 0
Strain mean -4.18869e-20 0.000733333 7.2694e-18 0.000733333 -1.19408e-32 3.32795e-17 7.2694e-18 3.32795e-17 -1.45648e-33
Plastic strain_mean 5.0102e-18 0.000541046 0 0.000541046 -5.0102e-18 0 0 0 0
Plastic strain_rate_mean 0 0 0 0 0 0 0 0 0
Dissipation 0.00123804
End step 22
Begin step 23
Stress -9.58198e-13 38.6268 9.61715e-13 38.6268 8.85038e-13 3.80708e-12 9.61715e-13 3.80708e-12 -2.19674e-14
Strain 0 0.000766667 0 0.000766667 0 0 0 0 0
Strain mean -1.46125e-19 0.000766667 4.80857e-18 0.000766667 -8.49335e-32 1.90354e-17 4.80857e-18 1.90354e-17 -1.09236e-33
Plastic strain_mean 4.53503e-18 0.000573533 0 0.000573533 -4.53503e-18 0 0 0 0
Plastic strain_rate_mean 0 0 0 0 0 0 0 0 0
Dissipation 0.00124871
End step 23
Begin step 24
Stress -7.1105e-14 38.7721 -1.46799e-12 38.7721 1.45247e-13 -5.14904e-12 -1.46799e-12 -5.14904e-12 2.22622e-14
Strain 0 0.0008 0 0.0008 0 0 0 0 0
Strain mean 1.48086e-19 0.0008 -7.33994e-18 0.0008 -6.74075e-34 -2.57452e-17 -7.33994e-18 -2.57452e-17 -2.17871e-33
Plastic strain_mean 6.14922e-19 0.00060614 0 0.00060614 -6.14922e-19 0 0 0 0
Plastic strain_rate_mean 0 0 0 0 0 0 0 0 0
Dissipation 0.00125777
End step 24
Begin step 25
Stress -1.43891e-12 38.897 -1.65885e-12 38.897 1.34194e-12 -7.45353e-12 -1.65885e-12 -7.45353e-12 -2.91181e-14
Strain 0 0.000833333 0 0.000833333 0 0 0 0 0
Strain mean -1.93691e-19 0.000833333 -8.29426e-18 0.000833333 1.66737e-31 -3.72676e-17 -8.29426e-18 -3.72676e-17 2.05533e-33
Plastic strain_mean 6.85529e-18 0.000638848 0 0.000638848 -6.85529e-18 0 0 0 0
Plastic strain_rate_mean 0 0 0 0 0 0 0 0 0
Dissipation 0.00126546
End step 25
Begin step 26
Stress -1.29705e-12 39.0049 -5.90042e-13 39.0049 1.22295e-12 -1.75939e-12 -5.90042e-13 -1.75939e-12 -2.22491e-14
Strain 0 0.000866667 0 0.000866667 0 0 0 0 0
Strain mean -1.47998e-19 0.000866667 -2.95021e-18 0.000866667 -2.41223e-32 -8.79694e-18 -2.95021e-18 -8.79694e-18 -3.06945e-34
Plastic strain_mean 6.226e-18 0.000671642 0 0.000671642 -6.226e-18 0 0 0 0
Plastic strain_rate_mean 0 0 0 0 0 0 0 0 0
Dissipation 0.00127199
End step 26
Begin step 27
Stress -7.2598e-13 39.0984 3.17487e-12 39.0984 8.24394e-13 7.33615e-12 3.17487e-12 7.33615e-12 2.95505e-14
Strain 0 0.0009 0 0.0009 0 0 0 0 0
Strain mean 1.96566e-19 0.0009 1.58744e-17 0.0009 -2.25815e-32 3.66807e-17 1.58744e-17 3.66807e-17 5.23612e-34
Plastic strain_mean 3.97422e-18 0.000704508 0 0.000704508 -3.97422e-18 0 0 0 0
Plastic strain_rate_mean 0 0 0 0 0 0 0 0 0
Dissipation 0.00127753
End step 27
Begin step 28
Stress -6.40303e-13 39.1798 2.45768e-12 39.1798 6.93182e-13 6.17425e-12 2.45768e-12 6.17425e-12 1.58779e-14
Strain 0 0.000933333 0 0.000933333 0 0 0 0 0
Strain mean 1.05618e-19 0.000933333 1.22884e-17 0.000933333 -5.7176e-33 3.08712e-17 1.22884e-17 3.08712e-17 3.94214e-34
Plastic strain_mean 3.38652e-18 0.000737434 0 0.000737434 -3.38652e-18 0 0 0 0
Plastic strain_rate_mean 0 0 0 0 0 0 0 0 0
Dissipation 0.00128225
End step 28
Begin step 29
Stress 4.10139e-13 39.251 -3.3536e-12 39.251 -4.8287e-13 5.86306e-12 -3.3536e-12 5.86306e-12 -2.18386e-14
Strain 0 0.000966667 0 0.000966667 0 0 0 0 0
Strain mean -1.45268e-19 0.000966667 -1.6768e-17 0.000966667 -1.83625e-32 2.93153e-17 -1.6768e-17 2.93153e-17 2.94682e-33
Plastic strain_mean -2.30516e-18 0.000770411 0 0.000770411 2.30516e-18 0 0 0 0
Plastic strain_rate_mean 0 0 0 0 0 0 0 0 0
Dissipation 0.00128628
End step 29
Begin step 30
Stress 1.34165e-12 39.3137 -3.5134e-12 39.3137 -1.31641e-12 5.49593e-12 -3.5134e-12 5.49593e-12 7.58085e-15
Strain 0 0.001 0 0.001 0 0 0 0 0
Strain mean 5.04269e-20 0.001 -1.7567e-17 0.001 -1.64667e-32 2.74797e-17 -1.7567e-17 2.74797e-17 2.30209e-33
Plastic strain_mean -6.61993e-18 0.000803431 0 0.000803431 6.61993e-18 0 0 0 0
Plastic strain_rate_mean 0 0 0 0 0 0 0 0 0
Dissipation 0.00128971
End step 30
