Begin step 0
Stress 0 0 0 0 0 0 0 0 0
Strain 0 0 0 0 0 0 0 0 0
Strain mean 0 0 0 0 0 0 0 0 0
Plastic strain_mean 0 0 0 0 0 0 0 0 0
Plastic strain_rate_mean 0 0 0 0 0 0 0 0 0
Dissipation 0
End step 0
Begin step 1
Stress -3.48812e-15 6.65168 4.20919e-12 6.65168 2.77697e-16 -1.93577e-12 4.20919e-12 -1.93577e-12 -9.63982e-16
Strain 0 3.33333e-05 0 3.33333e-05 0 0 0 0 0
Strain mean -6.4123e-21 3.33333e-05 2.10459e-17 3.33333e-05 1.00705e-32 -9.67886e-18 2.10459e-17 -9.67886e-18 5.09318e-33
Plastic strain_mean 6.20839e-21 7.49167e-08 0 7.49167e-08 -6.20839e-21 0 0 0 0
Plastic strain_rate_mean 0 0 0 0 0 0 0 0 0
Dissipation 4.9832e-07
End step 1
Begin step 2
Stress 6.0077e-14 13.2883 5.13148e-12 13.2883 -6.24711e-14 -5.06692e-12 5.13148e-12 -5.06692e-12 -7.18892e-16
Strain 0 6.66667e-05 0 6.66667e-05 0 0 0 0 0
Strain mean -4.78199e-21 6.66667e-05 2.56574e-17 6.66667e-05 -1.78149e-33 -2.53346e-17 2.56574e-17 -2.53346e-17 2.55186e-33
Plastic strain_mean -3.08761e-19 2.2527e-07 0 2.2527e-07 3.08761e-19 0 0 0 0
Plastic strain_rate_mean 0 0 0 0 0 0 0 0 0
Dissipation 1.99792e-06
End step 2
Begin step 3
Stress 2.596e-14 19.9095 9.33159e-13 19.9095 -3.02976e-14 -1.45328e-12 9.33159e-13 -1.45328e-12 -1.30241e-15
Strain 0 0.0001 0 0.0001 0 0 0 0 0
Strain mean -8.6635e-21 0.0001 4.6658e-18 0.0001 5.2775e-32 -7.2664e-18 4.6658e-18 -7.2664e-18 -1.61748e-33
Plastic strain_mean -1.44976e-19 4.52297e-07 0 4.52297e-07 1.44976e-19 0 0 0 0
Plastic strain_rate_mean 0 0 0 0 0 0 0 0 0
Dissipation 4.51996e-06
End step 3
Begin step 4
Stress 5.87038e-14 26.5151 -4.68887e-12 26.5151 -5.75549e-14 -9.73835e-13 -4.68887e-12 -9.73835e-13 3.44981e-16
Strain 0 0.000133333 0 0.000133333 0 0 0 0 0
Strain mean 2.29477e-21 0.000133333 -2.34444e-17 0.000133333 6.494e-33 -4.86917e-18 -2.34444e-17 -4.86917e-18 -9.94562e-34
Plastic strain_mean -2.89499e-19 7.5802e-07 0 7.5802e-07 2.89499e-19 0 0 0 0
Plastic strain_rate_mean 0 0 0 0 0 0 0 0 0
Dissipation 8.10618e-06
End step 4
Begin step 5
Stress 4.54866e-14 33.1043 1.1736e-12 33.1043 -4.98096e-14 -3.53568e-12 1.1736e-12 -3.53568e-12 -1.29805e-15
Strain 0 0.000166667 0 0.000166667 0 0 0 0 0
Strain mean -8.63445e-21 0.000166667 5.86799e-18 0.000166667 -6.71066e-33 -1.76784e-17 5.86799e-18 -1.76784e-17 4.5154e-33
Plastic strain_mean -2.42558e-19 1.14537e-06 0 1.14537e-06 2.42558e-19 0 0 0 0
Plastic strain_rate_mean 0 0 0 0 0 0 0 0 0
Dissipation 1.28228e-05
End step 5
Begin step 6
Stress 5.39534e-14 39.6763 3.84717e-12 39.6763 -3.20294e-14 -2.06303e-12 3.84717e-12 -2.06303e-12 6.58302e-15
Strain 0 0.0002 0 0.0002 0 0 0 0 0
Strain mean 4.37895e-20 0.0002 1.92358e-17 0.0002 2.33519e-33 -1.03151e-17 1.92358e-17 -1.03151e-17 1.52871e-33
Plastic strain_mean -1.93062e-19 1.61838e-06 0 1.61838e-06 1.93062e-19 0 0 0 0
Plastic strain_rate_mean 0 0 0 0 0 0 0 0 0
Dissipation 1.87669e-05
End step 6
Begin step 7
Stress 3.28235e-14 46.2302 7.9743e-12 46.2302 -7.45282e-15 -4.07819e-12 7.9743e-12 -4.07819e-12 7.61797e-15
Strain 0 0.000233333 0 0.000233333 0 0 0 0 0
Strain mean 5.06738e-20 0.000233333 3.98715e-17 0.000233333 -7.07779e-33 -2.03909e-17 3.98715e-17 -2.03909e-17 2.7926e-33
Plastic strain_mean -7.53539e-20 2.18248e-06 0 2.18248e-06 7.53539e-20 0 0 0 0
Plastic strain_rate_mean 0 0 0 0 0 0 0 0 0
Dissipation 2.6078e-05
End step 7
Begin step 8
Stress 5.98036e-14 52.7643 1.19142e-12 52.7643 -2.99609e-14 4.91747e-13 1.19142e-12 4.91747e-13 8.96077e-15
Strain 0 0.000266667 0 0.000266667 0 0 0 0 0
Strain mean 5.9606e-20 0.000266667 5.95708e-18 0.000266667 -1.65991e-32 2.45874e-18 5.95708e-18 2.45874e-18 -3.05591e-33
Plastic strain_mean -1.94608e-19 2.84498e-06 0 2.84498e-06 1.94608e-19 0 0 0 0
Plastic strain_rate_mean 0 0 0 0 0 0 0 0 0
Dissipation 3.49557e-05
End step 8
Begin step 9
Stress 4.81652e-14 59.2768 -4.00194e-12 59.2768 -3.08151e-14 1.95455e-12 -4.00194e-12 1.95455e-12 5.20965e-15
Strain 0 0.0003 0 0.0003 0 0 0 0 0
Strain mean 3.4654e-20 0.0003 -2.00097e-17 0.0003 -1.17722e-32 9.77274e-18 -2.00097e-17 9.77274e-18 2.48264e-34
Plastic strain_mean -1.80124e-19 3.61583e-06 0 3.61583e-06 1.80124e-19 0 0 0 0
Plastic strain_rate_mean 0 0 0 0 0 0 0 0 0
Dissipation 4.56926e-05
End step 9
Begin step 10
Stress 2.93771e-14 65.7649 -1.16107e-12 65.7649 -1.77405e-15 7.3722e-13 -1.16107e-12 7.3722e-13 8.28828e-15
Strain 0 0.000333333 0 0.000333333 0 0 0 0 0
Strain mean 5.51327e-20 0.000333333 -5.80536e-18 0.000333333 2.44352e-33 3.6861e-18 -5.80536e-18 3.6861e-18 -1.58363e-33
Plastic strain_mean -5.03116e-20 4.50895e-06 0 4.50895e-06 5.03116e-20 0 0 0 0
Plastic strain_rate_mean 0 0 0 0 0 0 0 0 0
Dissipation 5.87343e-05
End step 10
Begin step 11
Stress 1.14137e-14 72.2244 8.17649e-12 72.2244 -2.73531e-14 -3.65389e-12 8.17649e-12 -3.65389e-12 -4.78606e-15
Strain 0 0.000366667 0 0.000366667 0 0 0 0 0
Strain mean -3.18364e-20 0.000366667 4.08825e-17 0.000366667 -1.26389e-33 -1.82695e-17 4.08825e-17 -1.82695e-17 7.72779e-33
Plastic strain_mean -1.12835e-19 5.54466e-06 0 5.54466e-06 1.12835e-19 0 0 0 0
Plastic strain_rate_mean 0 0 0 0 0 0 0 0 0
Dissipation 7.48013e-05
End step 11
Begin step 12
Stress 5.75876e-14 78.649 2.18961e-12 78.649 -3.07408e-14 -3.39683e-12 2.18961e-12 -3.39683e-12 8.0612e-15
Strain 0 0.0004 0 0.0004 0 0 0 0 0
Strain mean 5.36222e-20 0.0004 1.09481e-17 0.0004 -7.38594e-32 -1.69841e-17 1.09481e-17 -1.69841e-17 -2.99723e-33
Plastic strain_mean -1.9401e-19 6.7548e-06 0 6.7548e-06 1.9401e-19 0 0 0 0
Plastic strain_rate_mean 0 0 0 0 0 0 0 0 0
Dissipation 9.51726e-05
End step 12
Begin step 13
Stress -2.4003e-14 85.0276 3.10894e-12 85.0276 2.13852e-14 2.18431e-12 3.10894e-12 2.18431e-12 -7.86033e-16
Strain 0 0.000433333 0 0.000433333 0 0 0 0 0
Strain mean -5.2286e-21 0.000433333 1.55447e-17 0.000433333 -2.61926e-32 1.09215e-17 1.55447e-17 1.09215e-17 6.10919e-33
Plastic strain_mean 1.10856e-19 8.19531e-06 0 8.19531e-06 -1.10856e-19 0 0 0 0
Plastic strain_rate_mean 0 0 0 0 0 0 0 0 0
Dissipation 0.000122478
End step 13
Begin step 14
Stress -3.50814e-14 91.3356 3.88488e-12 91.3356 3.35979e-14 -2.29948e-12 3.88488e-12 -2.29948e-12 -4.45418e-16
Strain 0 0.000466667 0 0.000466667 0 0 0 0 0
Strain mean -2.96287e-21 0.000466667 1.94244e-17 0.000466667 1.105e-32 -1.14974e-17 1.94244e-17 -1.14974e-17 1.54526e-33
Plastic strain_mean 1.70217e-19 9.98871e-06 0 9.98871e-06 -1.70217e-19 0 0 0 0
Plastic strain_rate_mean 0 0 0 0 0 0 0 0 0
Dissipation 0.000163793
End step 14
Begin step 15
Stress -2.46004e-14 97.4716 -1.75728e-12 97.4716 -4.03526e-15 1.98851e-12 -1.75728e-12 1.98851e-12 -8.59832e-15
Strain 0 0.0005 0 0.0005 0 0 0 0 0
Strain mean -5.71951e-20 0.0005 -8.78639e-18 0.0005 1.32889e-32 9.94255e-18 -8.78639e-18 9.94255e-18 8.62456e-33
Plastic strain_mean 2.28153e-20 1.26419e-05 0 1.26419e-05 -2.28153e-20 0 0 0 0
Plastic strain_rate_mean 0 0 0 0 0 0 0 0 0
Dissipation 0.000258585
End step 15
Begin step 16
Stress -7.30397e-14 100.016 -3.95172e-12 100.016 3.17514e-14 1.18591e-12 -3.95172e-12 1.18591e-12 -1.23975e-14
Strain 0 0.000533333 0 0.000533333 0 0 0 0 0
Strain mean -8.24666e-20 0.000533333 -1.97586e-17 0.000533333 -2.24371e-32 5.92955e-18 -1.97586e-17 5.92955e-18 -2.75348e-34
Plastic strain_mean 2.20744e-19 3.32553e-05 0 3.32553e-05 -2.20744e-19 0 0 0 0
Plastic strain_rate_mean 0 0 0 0 0 0 0 0 0
Dissipation 0.00206148
End step 16
Begin step 17
Stress -5.80216e-12 100.035 -4.63313e-12 100.035 5.77829e-12 -5.7928e-13 -4.63313e-12 -5.7928e-13 -7.166e-15
Strain 0 0.000566667 0 0.000566667 0 0 0 0 0
Strain mean -4.76674e-20 0.000566667 -2.31656e-17 0.000566667 -9.10002e-33 -2.8964e-18 -2.31656e-17 -2.8964e-18 -2.03125e-35
Plastic strain_mean 2.89273e-17 6.64895e-05 0 6.64895e-05 -2.89273e-17 0 0 0 0
Plastic strain_rate_mean 0 0 0 0 0 0 0 0 0
Dissipation 0.00332431
End step 17
Begin step 18
Stress -2.46097e-12 100.055 -3.07786e-12 100.055 2.51169e-12 6.47235e-13 -3.07786e-12 6.47235e-13 1.52316e-14
Strain 0 0.0006 0 0.0006 0 0 0 0 0
Strain mean 1.01319e-19 0.0006 -1.53893e-17 0.0006 -2.1426e-33 3.23617e-18 -1.53893e-17 3.23617e-18 6.94999e-34
Plastic strain_mean 1.24823e-17 9.97231e-05 0 9.97231e-05 -1.24823e-17 0 0 0 0
Plastic strain_rate_mean 0 0 0 0 0 0 0 0 0
Dissipation 0.00332481
End step 18
Begin step 19
Stress -1.48963e-12 100.075 4.43818e-12 100.075 1.59734e-12 -9.78676e-13 4.43818e-12 -9.78676e-13 3.23409e-14
Strain 0 0.000633333 0 0.000633333 0 0 0 0 0
Strain mean 2.15128e-19 0.000633333 2.21909e-17 0.000633333 4.03242e-33 -4.89338e-18 2.21909e-17 -4.89338e-18 -4.71251e-33
Plastic strain_mean 7.82501e-18 0.000132956 0 0.000132956 -7.82501e-18 0 0 0 0
Plastic strain_rate_mean 0 0 0 0 0 0 0 0 0
Dissipation 0.00332533
End step 19
Begin step 20
Stress -3.7066e-13 100.096 2.29993e-12 100.096 4.24208e-13 -6.09752e-13 2.29993e-12 -6.09752e-13 1.60787e-14
Strain 0 0.000666667 0 0.000666667 0 0 0 0 0
Strain mean 1.06954e-19 0.000666667 1.14997e-17 0.000666667 2.16667e-33 -3.04876e-18 1.14997e-17 -3.04876e-18 -2.2404e-33
Plastic strain_mean 2.04065e-18 0.000166189 0 0.000166189 -2.04065e-18 0 0 0 0
Plastic strain_rate_mean 0 0 0 0 0 0 0 0 0
Dissipation 0.00332585
End step 20
Begin step 21
Stress -2.88585e-13 100.116 1.37428e-12 100.116 2.46046e-13 -3.805e-13 1.37428e-12 -3.805e-13 -1.2773e-14
Strain 0 0.0007 0 0.0007 0 0 0 0 0
Strain mean -8.49647e-20 0.0007 6.87142e-18 0.0007 -5.53705e-34 -1.9025e-18 6.87142e-18 -1.9025e-18 -8.10997e-34
Plastic strain_mean 1.29409e-18 0.000199421 0 0.000199421 -1.29409e-18 0 0 0 0
Plastic strain_rate_mean 0 0 0 0 0 0 0 0 0
Dissipation 0.00332639
End step 21
Begin step 22
Stress -2.73115e-12 100.136 -1.70654e-13 100.136 2.6927e-12 1.4911e-12 -1.70654e-13 1.4911e-12 -1.15459e-14
Strain 0 0.000733333 0 0.000733333 0 0 0 0 0
Strain mean -7.68023e-20 0.000733333 -8.53272e-19 0.000733333 2.45556e-33 7.45549e-18 -8.53272e-19 7.45549e-18 1.11343e-33
Plastic strain_mean 1.35212e-17 0.000232653 0 0.000232653 -1.35212e-17 0 0 0 0
Plastic strain_rate_mean 0 0 0 0 0 0 0 0 0
Dissipation 0.00332694
End step 22
Begin step 23
Stress -1.70013e-12 100.156 2.98925e-12 100.156 1.67058e-12 -1.59529e-12 2.98925e-12 -1.59529e-12 -8.87343e-15
Strain 0 0.000766667 0 0.000766667 0 0 0 0 0
Strain mean -5.90251e-20 0.000766667 1.49462e-17 0.000766667 8.00705e-32 -7.97645e-18 1.49462e-17 -7.97645e-18 1.56482e-34
Plastic strain_mean 8.39724e-18 0.000265885 0 0.000265885 -8.39724e-18 0 0 0 0
Plastic strain_rate_mean 0 0 0 0 0 0 0 0 0
Dissipation 0.00332749
End step 23
Begin step 24
Stress -9.22802e-13 100.177 -2.96984e-13 100.177 8.79463e-13 7.65618e-13 -2.96984e-13 7.65618e-13 -1.30132e-14
Strain 0 0.0008 0 0.0008 0 0 0 0 0
Strain mean -8.65624e-20 0.0008 -1.48492e-18 0.0008 2.56841e-33 3.82809e-18 -1.48492e-18 3.82809e-18 3.23872e-34
Plastic strain_mean 4.46238e-18 0.000299117 0 0.000299117 -4.46238e-18 0 0 0 0
Plastic strain_rate_mean 0 0 0 0 0 0 0 0 0
Dissipation 0.00332805
End step 24
Begin step 25
Stress 6.70182e-13 100.197 3.74869e-13 100.197 -6.51043e-13 4.06098e-13 3.74869e-13 4.06098e-13 5.74677e-15
Strain 0 0.000833333 0 0.000833333 0 0 0 0 0
Strain mean 3.82269e-20 0.000833333 1.87434e-18 0.000833333 3.75556e-33 2.03049e-18 1.87434e-18 2.03049e-18 1.11569e-33
Plastic strain_mean -3.28395e-18 0.000332349 0 0.000332349 3.28395e-18 0 0 0 0
Plastic strain_rate_mean 0 0 0 0 0 0 0 0 0
Dissipation 0.00332861
End step 25
Begin step 26
Stress 1.43186e-12 100.217 9.77061e-13 100.217 -1.28852e-12 3.3732e-13 9.77061e-13 3.3732e-13 4.30396e-14
Strain 0 0.000866667 0 0.000866667 0 0 0 0 0
Strain mean 2.86295e-19 0.000866667 4.8853e-18 0.000866667 -1.16158e-33 1.6866e-18 4.8853e-18 1.6866e-18 1.05324e-34
Plastic strain_mean -6.65779e-18 0.00036558 0 0.00036558 6.65779e-18 0 0 0 0
Plastic strain_rate_mean 0 0 0 0 0 0 0 0 0
Dissipation 0.00332918
End step 26
Begin step 27
Stress -1.57056e-13 100.238 -2.03742e-12 100.238 1.14473e-13 1.73854e-13 -2.03742e-12 1.73854e-13 -1.27861e-14
Strain 0 0.0009 0 0.0009 0 0 0 0 0
Strain mean -8.50519e-20 0.0009 -1.01871e-17 0.0009 -2.45556e-33 8.69272e-19 -1.01871e-17 8.69272e-19 -3.91205e-35
Plastic strain_mean 6.36295e-19 0.000398811 0 0.000398811 -6.36295e-19 0 0 0 0
Plastic strain_rate_mean 0 0 0 0 0 0 0 0 0
Dissipation 0.00332975
End step 27
Begin step 28
Stress 3.67217e-12 100.258 9.91762e-12 100.258 -3.73676e-12 1.98158e-12 9.91762e-12 1.98158e-12 -1.93932e-14
Strain 0 0.000933333 0 0.000933333 0 0 0 0 0
Strain mean -1.29001e-19 0.000933333 4.95881e-17 0.000933333 2.53982e-33 9.90791e-18 4.95881e-17 9.90791e-18 4.39353e-34
Plastic strain_mean -1.85868e-17 0.000432043 0 0.000432043 1.85868e-17 0 0 0 0
Plastic strain_rate_mean 0 0 0 0 0 0 0 0 0
Dissipation 0.00333032
End step 28
Begin step 29
Stress 3.44864e-12 100.279 8.68232e-12 100.279 -3.50876e-12 1.6288e-12 8.68232e-12 1.6288e-12 -1.80525e-14
Strain 0 0.000966667 0 0.000966667 0 0 0 0 0
Strain mean -1.20083e-19 0.000966667 4.34116e-17 0.000966667 1.3e-33 8.144e-18 4.34116e-17 8.144e-18 3.25001e-34
Plastic strain_mean -1.74535e-17 0.000465274 0 0.000465274 1.74535e-17 0 0 0 0
Plastic strain_rate_mean 0 0 0 0 0 0 0 0 0
Dissipation 0.00333089
End step 29
Begin step 30
Stress 3.02816e-12 100.299 7.60676e-12 100.299 -3.10841e-12 1.41763e-12 7.60676e-12 1.41763e-12 -2.40963e-14
Strain 0 0.001 0 0.001 0 0 0 0 0
Strain mean -1.60286e-19 0.001 3.80338e-17 0.001 -1.79352e-33 7.08815e-18 3.80338e-17 7.08815e-18 3.52084e-34
Plastic strain_mean -1.54216e-17 0.000498505 0 0.000498505 1.54216e-17 0 0 0 0
Plastic strain_rate_mean 0 0 0 0 0 0 0 0 0
Dissipation 0.00333146
End step 30
