Begin step 0
Stress 0 0 0 0 0 0 0 0 0
Strain 0 0 0 0 0 0 0 0 0
Strain mean 0 0 0 0 0 0 0 0 0
Plastic strain_mean 0 0 0 0 0 0 0 0 0
Plastic strain_rate_mean 0 0 0 0 0 0 0 0 0
Dissipation 0
End step 0
Begin step 1
Stress -3.59309e-15 6.66624 3.91354e-12 6.66624 5.15649e-15 6.11192e-12 3.91354e-12 6.11192e-12 4.69436e-16
Strain 0 3.33333e-05 0 3.33333e-05 0 0 0 0 0
Strain mean 3.12264e-21 3.33333e-05 1.95677e-17 3.33333e-05 4.0926e-34 3.05596e-17 1.95677e-17 3.05596e-17 -3.40047e-34
Plastic strain_mean 2.34353e-20 2.1419e-09 0 2.1419e-09 -2.34353e-20 0 0 0 0
Plastic strain_rate_mean 0 0 0 0 0 0 0 0 0
Dissipation 1.42784e-08
End step 1
Begin step 2
Stress 7.85311e-15 13.332 3.04418e-12 13.332 8.36478e-16 -2.05824e-12 3.04418e-12 -2.05824e-12 2.60919e-15
Strain 0 6.66667e-05 0 6.66667e-05 0 0 0 0 0
Strain mean 1.7356e-20 6.66667e-05 1.52209e-17 6.66667e-05 -1.12667e-32 -1.02912e-17 1.52209e-17 -1.02912e-17 -7.52316e-35
Plastic strain_mean -8.86357e-21 6.42555e-09 0 6.42555e-09 8.86357e-21 0 0 0 0
Plastic strain_rate_mean 0 0 0 0 0 0 0 0 0
Dissipation 5.71099e-08
End step 2
Begin step 3
Stress 2.02727e-14 19.9974 3.04872e-12 19.9974 -3.03899e-15 -2.06153e-12 3.04872e-12 -2.06153e-12 5.17471e-15
Strain 0 0.0001 0 0.0001 0 0 0 0 0
Strain mean 3.44216e-20 0.0001 1.52436e-17 0.0001 3.18741e-32 -1.03077e-17 1.52436e-17 -1.03077e-17 1.88079e-34
Plastic strain_mean -4.10685e-20 1.28508e-08 0 1.28508e-08 4.10685e-20 0 0 0 0
Plastic strain_rate_mean 0 0 0 0 0 0 0 0 0
Dissipation 1.28489e-07
End step 3
Begin step 4
Stress 1.7768e-14 26.6624 3.0448e-12 26.6624 -1.33287e-14 -2.05998e-12 3.0448e-12 -2.05998e-12 1.33298e-15
Strain 0 0.000133333 0 0.000133333 0 0 0 0 0
Strain mean 8.86683e-21 0.000133333 1.5224e-17 0.000133333 -1.08334e-32 -1.02999e-17 1.5224e-17 -1.02999e-17 1.38426e-34
Plastic strain_mean -7.33083e-20 2.14176e-08 0 2.14176e-08 7.33083e-20 0 0 0 0
Plastic strain_rate_mean 0 0 0 0 0 0 0 0 0
Dissipation 2.2841e-07
End step 4
Begin step 5
Stress 2.50611e-14 33.3269 3.0416e-12 33.3269 -1.94111e-14 -2.05929e-12 3.0416e-12 -2.05929e-12 1.69652e-15
Strain 0 0.000166667 0 0.000166667 0 0 0 0 0
Strain mean 1.12851e-20 0.000166667 1.5208e-17 0.000166667 -2.99482e-32 -1.02965e-17 1.5208e-17 -1.02965e-17 2.94908e-34
Plastic strain_mean -1.05538e-19 3.21257e-08 0 3.21257e-08 1.05538e-19 0 0 0 0
Plastic strain_rate_mean 0 0 0 0 0 0 0 0 0
Dissipation 3.56868e-07
End step 5
Begin step 6
Stress 4.8322e-14 39.991 3.04176e-12 39.991 -1.86392e-14 -2.05949e-12 3.04176e-12 -2.05949e-12 8.91274e-15
Strain 0 0.0002 0 0.0002 0 0 0 0 0
Strain mean 5.92865e-20 0.0002 1.52088e-17 0.0002 -1.3626e-32 -1.02975e-17 1.52088e-17 -1.02975e-17 4.25811e-34
Plastic strain_mean -1.3776e-19 4.4975e-08 0 4.4975e-08 1.3776e-19 0 0 0 0
Plastic strain_rate_mean 0 0 0 0 0 0 0 0 0
Dissipation 5.13857e-07
End step 6
Begin step 7
Stress 2.66469e-14 46.6547 -6.77829e-13 46.6547 -1.93066e-15 -7.36705e-13 -6.77829e-13 -7.36705e-13 7.42146e-15
Strain 0 0.000233333 0 0.000233333 0 0 0 0 0
Strain mean 4.93667e-20 0.000233333 -3.38915e-18 0.000233333 4.0926e-34 -3.68353e-18 -3.38915e-18 -3.68353e-18 -9.32872e-34
Plastic strain_mean -4.67606e-20 5.99831e-08 0 5.99831e-08 4.67606e-20 0 0 0 0
Plastic strain_rate_mean 0 0 0 0 0 0 0 0 0
Dissipation 7.00198e-07
End step 7
Begin step 8
Stress 7.05427e-15 53.3179 1.67053e-12 53.3179 -2.63968e-14 -1.3218e-13 1.67053e-12 -1.3218e-13 -5.80791e-15
Strain 0 0.000266667 0 0.000266667 0 0 0 0 0
Strain mean -3.86335e-20 0.000266667 8.35265e-18 0.000266667 -1.625e-34 -6.60899e-19 8.35265e-18 -6.60899e-19 -1.1044e-33
Plastic strain_mean -1.02944e-19 7.7313e-08 0 7.7313e-08 1.02944e-19 0 0 0 0
Plastic strain_rate_mean 0 0 0 0 0 0 0 0 0
Dissipation 9.23994e-07
End step 8
Begin step 9
Stress -2.46751e-15 59.9805 -1.36718e-12 59.9805 -3.14328e-14 2.26677e-12 -1.36718e-12 2.26677e-12 -1.01791e-14
Strain 0 0.0003 0 0.0003 0 0 0 0 0
Strain mean -6.77103e-20 0.0003 -6.8359e-18 0.0003 -1.92593e-34 1.13339e-17 -6.8359e-18 1.13339e-17 -9.67479e-34
Plastic strain_mean -1.06268e-19 9.76375e-08 0 9.76375e-08 1.06268e-19 0 0 0 0
Plastic strain_rate_mean 0 0 0 0 0 0 0 0 0
Dissipation 1.21907e-06
End step 9
Begin step 10
Stress 9.77348e-15 66.6422 -2.02557e-12 66.6422 -6.67576e-15 2.2943e-12 -2.02557e-12 2.2943e-12 9.30139e-16
Strain 0 0.000333333 0 0.000333333 0 0 0 0 0
Strain mean 6.18717e-21 0.000333333 -1.01279e-17 0.000333333 -4.27316e-34 1.14715e-17 -1.01279e-17 1.14715e-17 -2.44653e-33
Plastic strain_mean -3.80295e-20 1.2209e-07 0 1.2209e-07 3.80295e-20 0 0 0 0
Plastic strain_rate_mean 0 0 0 0 0 0 0 0 0
Dissipation 1.62959e-06
End step 10
Begin step 11
Stress 5.27849e-15 73.3028 4.30717e-12 73.3028 -4.40508e-14 7.39573e-13 4.30717e-12 7.39573e-13 -1.1642e-14
Strain 0 0.000366667 0 0.000366667 0 0 0 0 0
Strain mean -7.74414e-20 0.000366667 2.15358e-17 0.000366667 -1.08334e-34 3.69787e-18 2.15358e-17 3.69787e-18 1.39179e-33
Plastic strain_mean -1.62044e-19 1.527e-07 0 1.527e-07 1.62044e-19 0 0 0 0
Plastic strain_rate_mean 0 0 0 0 0 0 0 0 0
Dissipation 2.24378e-06
End step 11
Begin step 12
Stress 3.87046e-14 79.9613 9.18547e-14 79.9613 -1.20614e-14 -2.94168e-12 9.18547e-14 -2.94168e-12 8.00006e-15
Strain 0 0.0004 0 0.0004 0 0 0 0 0
Strain mean 5.32155e-20 0.0004 4.59273e-19 0.0004 1.31204e-33 -1.47084e-17 4.59273e-19 -1.47084e-17 3.63691e-33
Plastic strain_mean -1.00307e-19 1.9355e-07 0 1.9355e-07 1.00307e-19 0 0 0 0
Plastic strain_rate_mean 0 0 0 0 0 0 0 0 0
Dissipation 3.26641e-06
End step 12
Begin step 13
Stress 4.80792e-14 86.6157 -4.62317e-12 86.6157 -3.93387e-14 2.53459e-12 -4.62317e-12 2.53459e-12 2.62448e-15
Strain 0 0.000433333 0 0.000433333 0 0 0 0 0
Strain mean 1.74577e-20 0.000433333 -2.31158e-17 0.000433333 7.82409e-34 1.26729e-17 -2.31158e-17 1.26729e-17 -1.11644e-33
Plastic strain_mean -2.09816e-19 2.54663e-07 0 2.54663e-07 2.09816e-19 0 0 0 0
Plastic strain_rate_mean 0 0 0 0 0 0 0 0 0
Dissipation 5.29334e-06
End step 13
Begin step 14
Stress 7.1044e-14 93.2587 5.90561e-13 93.2587 -4.69313e-14 -1.1176e-12 5.90561e-13 -1.1176e-12 7.24023e-15
Strain 0 0.000466667 0 0.000466667 0 0 0 0 0
Strain mean 4.81612e-20 0.000466667 2.9528e-18 0.000466667 -1.17963e-33 -5.588e-18 2.9528e-18 -5.588e-18 2.50333e-34
Plastic strain_mean -2.70857e-19 3.73073e-07 0 3.73073e-07 2.70857e-19 0 0 0 0
Plastic strain_rate_mean 0 0 0 0 0 0 0 0 0
Dissipation 1.10427e-05
End step 14
Begin step 15
Stress -1.47615e-12 99.7062 -2.42487e-12 99.7062 1.51487e-12 6.54483e-13 -2.42487e-12 6.54483e-13 1.16245e-14
Strain 0 0.0005 0 0.0005 0 0 0 0 0
Strain mean 7.73252e-20 0.0005 -1.21243e-17 0.0005 3.61064e-31 3.27241e-18 -1.21243e-17 3.27241e-18 -2.25695e-34
Plastic strain_mean 7.51622e-18 1.46918e-06 0 1.46918e-06 -7.51622e-18 0 0 0 0
Plastic strain_rate_mean 0 0 0 0 0 0 0 0 0
Dissipation 0.000109287
End step 15
Begin step 16
Stress -9.38066e-14 100.494 2.8397e-12 100.494 9.75879e-14 -1.98166e-12 2.8397e-12 -1.98166e-12 1.13538e-15
Strain 0 0.000533333 0 0.000533333 0 0 0 0 0
Strain mean 7.55242e-21 0.000533333 1.41985e-17 0.000533333 -2.23408e-32 -9.90832e-18 1.41985e-17 -9.90832e-18 -1.61297e-33
Plastic strain_mean 4.82263e-19 3.08614e-05 0 3.08614e-05 -4.82263e-19 0 0 0 0
Plastic strain_rate_mean 0 0 0 0 0 0 0 0 0
Dissipation 0.00295362
End step 16
Begin step 17
Stress -2.61645e-12 100.518 -1.84343e-12 100.518 2.62375e-12 5.63119e-13 -1.84343e-12 5.63119e-13 2.19216e-15
Strain 0 0.000566667 0 0.000566667 0 0 0 0 0
Strain mean 1.4582e-20 0.000566667 -9.21716e-18 0.000566667 -9.82224e-33 2.81559e-18 -9.21716e-18 2.81559e-18 -5.36402e-34
Plastic strain_mean 1.31078e-17 6.40758e-05 0 6.40758e-05 -1.31078e-17 0 0 0 0
Plastic strain_rate_mean 0 0 0 0 0 0 0 0 0
Dissipation 0.00333841
End step 17
Begin step 18
Stress -1.40635e-12 100.539 4.79846e-12 100.539 1.39181e-12 -3.35382e-12 4.79846e-12 -3.35382e-12 -4.36685e-15
Strain 0 0.0006 0 0.0006 0 0 0 0 0
Strain mean -2.90478e-20 0.0006 2.39923e-17 0.0006 4.36705e-32 -1.67691e-17 2.39923e-17 -1.67691e-17 -1.14954e-33
Plastic strain_mean 6.98088e-18 9.73065e-05 0 9.73065e-05 -6.98088e-18 0 0 0 0
Plastic strain_rate_mean 0 0 0 0 0 0 0 0 0
Dissipation 0.00334065
End step 18
Begin step 19
Stress 3.10467e-12 100.559 -5.25159e-12 100.559 -3.15546e-12 7.05776e-13 -5.25159e-12 7.05776e-13 -1.5249e-14
Strain 0 0.000633333 0 0.000633333 0 0 0 0 0
Strain mean -1.01435e-19 0.000633333 -2.6258e-17 0.000633333 -2.23408e-32 3.52888e-18 -2.6258e-17 3.52888e-18 1.24885e-33
Plastic strain_mean -1.5701e-17 0.000130537 0 0.000130537 1.5701e-17 0 0 0 0
Plastic strain_rate_mean 0 0 0 0 0 0 0 0 0
Dissipation 0.0033412
End step 19
Begin step 20
Stress 2.68028e-12 100.58 -2.35391e-13 100.58 -2.61237e-12 4.3619e-13 -2.35391e-13 4.3619e-13 2.03932e-14
Strain 0 0.000666667 0 0.000666667 0 0 0 0 0
Strain mean 1.35653e-19 0.000666667 -1.17695e-18 0.000666667 -3.66529e-33 2.18095e-18 -1.17695e-18 2.18095e-18 1.08935e-33
Plastic strain_mean -1.31638e-17 0.000163767 0 0.000163767 1.31638e-17 0 0 0 0
Plastic strain_rate_mean 0 0 0 0 0 0 0 0 0
Dissipation 0.00334177
End step 20
Begin step 21
Stress 1.19695e-12 100.601 -7.50841e-12 100.601 -1.11825e-12 2.88532e-12 -7.50841e-12 2.88532e-12 2.36334e-14
Strain 0 0.0007 0 0.0007 0 0 0 0 0
Strain mean 1.57207e-19 0.0007 -3.7542e-17 0.0007 -1.97408e-33 1.44266e-17 -3.7542e-17 1.44266e-17 1.48959e-33
Plastic strain_mean -5.7094e-18 0.000196997 0 0.000196997 5.7094e-18 0 0 0 0
Plastic strain_rate_mean 0 0 0 0 0 0 0 0 0
Dissipation 0.00334234
End step 21
Begin step 22
Stress 6.40412e-13 100.621 -1.4955e-12 100.621 -6.0241e-13 1.59855e-12 -1.4955e-12 1.59855e-12 1.14106e-14
Strain 0 0.000733333 0 0.000733333 0 0 0 0 0
Strain mean 7.59018e-20 0.000733333 -7.47748e-18 0.000733333 -1.3e-33 7.99274e-18 -7.47748e-18 7.99274e-18 -1.625e-34
Plastic strain_mean -3.0691e-18 0.000230227 0 0.000230227 3.0691e-18 0 0 0 0
Plastic strain_rate_mean 0 0 0 0 0 0 0 0 0
Dissipation 0.00334293
End step 22
Begin step 23
Stress 9.66175e-14 100.642 -4.36198e-13 100.642 -1.44625e-13 7.87422e-13 -4.36198e-13 7.87422e-13 -1.4415e-14
Strain 0 0.000766667 0 0.000766667 0 0 0 0 0
Strain mean -9.58867e-20 0.000766667 -2.18099e-18 0.000766667 1.48056e-33 3.93711e-18 -2.18099e-18 3.93711e-18 5.29631e-34
Plastic strain_mean -6.51049e-19 0.000263457 0 0.000263457 6.51049e-19 0 0 0 0
Plastic strain_rate_mean 0 0 0 0 0 0 0 0 0
Dissipation 0.00334351
End step 23
Begin step 24
Stress -5.11964e-12 100.663 1.04873e-12 100.663 5.13644e-12 -6.64068e-13 1.04873e-12 -6.64068e-13 5.04371e-15
Strain 0 0.0008 0 0.0008 0 0 0 0 0
Strain mean 3.35502e-20 0.0008 5.24366e-18 0.0008 -2.52778e-33 -3.32034e-18 5.24366e-18 -3.32034e-18 2.01621e-34
Plastic strain_mean 2.5657e-17 0.000296687 0 0.000296687 -2.5657e-17 0 0 0 0
Plastic strain_rate_mean 0 0 0 0 0 0 0 0 0
Dissipation 0.0033441
End step 24
Begin step 25
Stress -3.05078e-12 100.683 7.57967e-13 100.683 3.06782e-12 -4.23334e-13 7.57967e-13 -4.23334e-13 5.11795e-15
Strain 0 0.000833333 0 0.000833333 0 0 0 0 0
Strain mean 3.4044e-20 0.000833333 3.78983e-18 0.000833333 2.19075e-33 -2.11667e-18 3.78983e-18 -2.11667e-18 2.9566e-34
Plastic strain_mean 1.53135e-17 0.000329917 0 0.000329917 -1.53135e-17 0 0 0 0
Plastic strain_rate_mean 0 0 0 0 0 0 0 0 0
Dissipation 0.00334469
End step 25
Begin step 26
Stress -1.67335e-12 100.704 4.32609e-13 100.704 1.64674e-12 -2.4882e-13 4.32609e-13 -2.4882e-13 -7.99133e-15
Strain 0 0.000866667 0 0.000866667 0 0 0 0 0
Strain mean -5.31574e-20 0.000866667 2.16305e-18 0.000866667 -8.1852e-34 -1.2441e-18 2.16305e-18 -1.2441e-18 1.45949e-34
Plastic strain_mean 8.27366e-18 0.000363147 0 0.000363147 -8.27366e-18 0 0 0 0
Plastic strain_rate_mean 0 0 0 0 0 0 0 0 0
Dissipation 0.00334528
End step 26
Begin step 27
Stress -2.80821e-13 100.725 1.56703e-13 100.725 2.27505e-13 -7.43061e-14 1.56703e-13 -7.43061e-14 -1.60089e-14
Strain 0 0.0009 0 0.0009 0 0 0 0 0
Strain mean -1.06489e-19 0.0009 7.83517e-19 0.0009 1.19468e-33 -3.71531e-19 7.83517e-19 -3.71531e-19 6.6674e-35
Plastic strain_mean 1.21757e-18 0.000396376 0 0.000396376 -1.21757e-18 0 0 0 0
Plastic strain_rate_mean 0 0 0 0 0 0 0 0 0
Dissipation 0.00334587
End step 27
Begin step 28
Stress -1.94492e-12 100.745 5.94594e-13 100.745 1.94003e-12 -3.00704e-13 5.94594e-13 -3.00704e-13 -1.46726e-15
Strain 0 0.000933333 0 0.000933333 0 0 0 0 0
Strain mean -9.76005e-21 0.000933333 2.97297e-18 0.000933333 1.14352e-33 -1.50352e-18 2.97297e-18 -1.50352e-18 -9.0278e-35
Plastic strain_mean 9.7075e-18 0.000429606 0 0.000429606 -9.7075e-18 0 0 0 0
Plastic strain_rate_mean 0 0 0 0 0 0 0 0 0
Dissipation 0.00334646
End step 28
Begin step 29
Stress -3.68861e-12 100.766 1.07871e-12 100.766 3.62052e-12 -5.27101e-13 1.07871e-12 -5.27101e-13 -2.04456e-14
Strain 0 0.000966667 0 0.000966667 0 0 0 0 0
Strain mean -1.36002e-19 0.000966667 5.39354e-18 0.000966667 -1.63102e-33 -2.6355e-18 5.39354e-18 -2.6355e-18 -3.82177e-34
Plastic strain_mean 1.82048e-17 0.000462836 0 0.000462836 -1.82048e-17 0 0 0 0
Plastic strain_rate_mean 0 0 0 0 0 0 0 0 0
Dissipation 0.00334705
End step 29
Begin step 30
Stress -5.49013e-12 100.787 1.53245e-12 100.787 5.27867e-12 -7.53498e-13 1.53245e-12 -7.53498e-13 -6.3494e-14
Strain 0 0.001 0 0.001 0 0 0 0 0
Strain mean -4.22355e-19 0.001 7.66224e-18 0.001 -1.19167e-33 -3.76749e-18 7.66224e-18 -3.76749e-18 4.16783e-34
Plastic strain_mean 2.67108e-17 0.000496066 0 0.000496066 -2.67108e-17 0 0 0 0
Plastic strain_rate_mean 0 0 0 0 0 0 0 0 0
Dissipation 0.00334764
End step 30
