Begin step 0
Stress 0 0 0 0 0 0 0 0 0
Strain 0 0 0 0 0 0 0 0 0
Strain mean 0 0 0 0 0 0 0 0 0
Plastic strain_mean 0 0 0 0 0 0 0 0 0
Plastic strain_rate_mean 0 0 0 0 0 0 0 0 0
Dissipation 0
End step 0
Begin step 1
Stress 1.00581e-12 54.7697 -4.56772e-13 54.7697 -9.89264e-13 2.60338e-12 -4.56772e-13 2.60338e-12 4.96729e-15
Strain 0 0.000333333 0 0.000333333 0 0 0 0 0
Strain mean 3.30418e-20 0.000333333 -2.28386e-18 0.000333333 3.69538e-33 1.30169e-17 -2.28386e-18 1.30169e-17 -2.77454e-33
Plastic strain_mean -4.97116e-18 5.94848e-05 0 5.94848e-05 4.97116e-18 0 0 0 0
Plastic strain_rate_mean 0 0 0 0 0 0 0 0 0
Dissipation 0.00325663
End step 1
Begin step 2
Stress 1.57567e-12 91.1742 1.0382e-12 91.1742 -1.56376e-12 1.26758e-12 1.0382e-12 1.26758e-12 3.57645e-15
Strain 0 0.000666667 0 0.000666667 0 0 0 0 0
Strain mean 2.37901e-20 0.000666667 5.19098e-18 0.000666667 -2.60964e-32 6.33792e-18 5.19098e-18 6.33792e-18 1.74396e-34
Plastic strain_mean -7.8367e-18 0.000210796 0 0.000210796 7.8367e-18 0 0 0 0
Plastic strain_rate_mean 0 0 0 0 0 0 0 0 0
Dissipation 0.0137807
End step 2
Begin step 3
Stress 3.3932e-12 99.5823 3.89534e-12 99.5823 -3.31281e-12 -6.06877e-13 3.89534e-12 -6.06877e-13 2.41399e-14
Strain 0 0.001 0 0.001 0 0 0 0 0
Strain mean 1.60576e-19 0.001 1.94767e-17 0.001 5.2602e-33 -3.03438e-18 1.94767e-17 -3.03438e-18 -5.48288e-33
Plastic strain_mean -1.66847e-17 0.000502088 0 0.000502088 1.66847e-17 0 0 0 0
Plastic strain_rate_mean 0 0 0 0 0 0 0 0 0
Dissipation 0.0289365
End step 3
Begin step 4
Stress 4.32477e-13 100.118 7.70626e-13 100.118 -2.9612e-13 -3.80725e-13 7.70626e-13 -3.80725e-13 4.09436e-14
Strain 0 0.00133333 0 0.00133333 0 0 0 0 0
Strain mean 2.72352e-19 0.00133333 3.85313e-18 0.00133333 -1.02917e-33 -1.90363e-18 3.85313e-18 -1.90363e-18 5.41668e-34
Plastic strain_mean -1.68532e-18 0.000832746 0 0.000832746 1.68532e-18 0 0 0 0
Plastic strain_rate_mean 0 0 0 0 0 0 0 0 0
Dissipation 0.0330099
End step 4
Begin step 5
Stress -7.17837e-13 100.332 8.53661e-13 100.332 8.33863e-13 -5.91476e-13 8.53661e-13 -5.91476e-13 3.48387e-14
Strain 0 0.00166667 0 0.00166667 0 0 0 0 0
Strain mean 2.31743e-19 0.00166667 4.26831e-18 0.00166667 3.31019e-34 -2.95738e-18 4.26831e-18 -2.95738e-18 1.2007e-33
Plastic strain_mean 3.99512e-18 0.00116501 0 0.00116501 -3.99512e-18 0 0 0 0
Plastic strain_rate_mean 0 0 0 0 0 0 0 0 0
Dissipation 0.0332248
End step 5
Begin step 6
Stress -2.62247e-12 100.527 -1.9898e-12 100.527 2.65505e-12 4.76586e-13 -1.9898e-12 4.76586e-13 9.78174e-15
Strain 0 0.002 0 0.002 0 0 0 0 0
Strain mean 6.5067e-20 0.002 -9.94902e-18 0.002 4.10945e-32 2.38293e-18 -9.94902e-18 2.38293e-18 9.69172e-34
Plastic strain_mean 1.32263e-17 0.00149737 0 0.00149737 -1.32263e-17 0 0 0 0
Plastic strain_rate_mean 0 0 0 0 0 0 0 0 0
Dissipation 0.0332846
End step 6
Begin step 7
Stress -4.9649e-13 100.717 -2.92823e-12 100.717 5.04052e-13 -2.4235e-13 -2.92823e-12 -2.4235e-13 2.27076e-15
Strain 0 0.00233333 0 0.00233333 0 0 0 0 0
Strain mean 1.51048e-20 0.00233333 -1.46411e-17 0.00233333 -7.22224e-34 -1.21175e-18 -1.46411e-17 -1.21175e-18 -1.1676e-33
Plastic strain_mean 2.50891e-18 0.00182975 0 0.00182975 -2.50891e-18 0 0 0 0
Plastic strain_rate_mean 0 0 0 0 0 0 0 0 0
Dissipation 0.0333365
End step 7
Begin step 8
Stress -1.74092e-12 100.905 -8.85568e-12 100.905 1.73947e-12 -9.06616e-13 -8.85568e-12 -9.06616e-13 -4.36685e-16
Strain 0 0.00266667 0 0.00266667 0 0 0 0 0
Strain mean -2.90478e-21 0.00266667 -4.42784e-17 0.00266667 -1.69723e-33 -4.53308e-18 -4.42784e-17 -4.53308e-18 -3.06945e-34
Plastic strain_mean 8.69951e-18 0.00216214 0 0.00216214 -8.69951e-18 0 0 0 0
Plastic strain_rate_mean 0 0 0 0 0 0 0 0 0
Dissipation 0.0333872
End step 8
Begin step 9
Stress -1.29101e-12 101.093 -1.38234e-12 101.093 1.5155e-12 -9.21511e-13 -1.38234e-12 -9.21511e-13 6.74067e-14
Strain 0 0.003 0 0.003 0 0 0 0 0
Strain mean 4.48381e-19 0.003 -6.91168e-18 0.003 5.85663e-32 -4.60756e-18 -6.91168e-18 -4.60756e-18 -3.71268e-33
Plastic strain_mean 7.24048e-18 0.00249454 0 0.00249454 -7.24048e-18 0 0 0 0
Plastic strain_rate_mean 0 0 0 0 0 0 0 0 0
Dissipation 0.0334378
End step 9
Begin step 10
Stress -2.94152e-13 101.28 2.31702e-12 101.28 6.48571e-13 -3.71971e-12 2.31702e-12 -3.71971e-12 1.0642e-13
Strain 0 0.00333333 0 0.00333333 0 0 0 0 0
Strain mean 7.07894e-19 0.00333333 1.15851e-17 0.00333333 -2.91297e-33 -1.85986e-17 1.15851e-17 -1.85986e-17 1.04271e-33
Plastic strain_mean 2.71076e-18 0.00282693 0 0.00282693 -2.71076e-18 0 0 0 0
Plastic strain_rate_mean 0 0 0 0 0 0 0 0 0
Dissipation 0.0334885
End step 10
Begin step 11
Stress 4.12981e-13 101.468 -8.01195e-13 101.468 -6.81624e-13 1.02326e-12 -8.01195e-13 1.02326e-12 -8.06644e-14
Strain 0 0.00366667 0 0.00366667 0 0 0 0 0
Strain mean -5.3657e-19 0.00366667 -4.00597e-18 0.00366667 -7.51113e-33 5.1163e-18 -4.00597e-18 5.1163e-18 -3.10707e-34
Plastic strain_mean -3.0048e-18 0.00315933 0 0.00315933 3.0048e-18 0 0 0 0
Plastic strain_rate_mean 0 0 0 0 0 0 0 0 0
Dissipation 0.0335395
End step 11
Begin step 12
Stress -2.6102e-13 101.657 1.38688e-12 101.657 1.74167e-13 -2.27529e-12 1.38688e-12 -2.27529e-12 -2.60788e-14
Strain 0 0.004 0 0.004 0 0 0 0 0
Strain mean -1.73473e-19 0.004 6.9344e-18 0.004 -5.38659e-34 -1.13764e-17 6.9344e-18 -1.13764e-17 6.12386e-34
Plastic strain_mean 1.00123e-18 0.00349172 0 0.00349172 -1.00123e-18 0 0 0 0
Plastic strain_rate_mean 0 0 0 0 0 0 0 0 0
Dissipation 0.0335909
End step 12
Begin step 13
Stress 4.51923e-14 101.846 4.29396e-12 101.846 2.90466e-13 -4.53935e-14 4.29396e-12 -4.53935e-14 1.00787e-13
Strain 0 0.00433333 0 0.00433333 0 0 0 0 0
Strain mean 6.70423e-19 0.00433333 2.14698e-17 0.00433333 2.64815e-34 -2.26968e-19 2.14698e-17 -2.26968e-19 -5.05557e-34
Plastic strain_mean 9.48395e-19 0.0038241 0 0.0038241 -9.48395e-19 0 0 0 0
Plastic strain_rate_mean 0 0 0 0 0 0 0 0 0
Dissipation 0.0336427
End step 13
Begin step 14
Stress 6.15079e-13 102.036 1.741e-12 102.036 -6.26598e-13 -7.95058e-13 1.741e-12 -7.95058e-13 -3.45854e-15
Strain 0 0.00466667 0 0.00466667 0 0 0 0 0
Strain mean -2.30058e-20 0.00466667 8.70501e-18 0.00466667 1.04482e-32 -3.97529e-18 8.70501e-18 -3.97529e-18 -3.94214e-34
Plastic strain_mean -3.1157e-18 0.00415649 0 0.00415649 3.1157e-18 0 0 0 0
Plastic strain_rate_mean 0 0 0 0 0 0 0 0 0
Dissipation 0.0336948
End step 14
Begin step 15
Stress -3.36533e-13 102.226 1.61154e-12 102.226 1.04531e-12 1.06905e-12 1.61154e-12 1.06905e-12 2.12823e-13
Strain 0 0.005 0 0.005 0 0 0 0 0
Strain mean 1.41567e-18 0.005 8.05768e-18 0.005 -1.45408e-32 5.34523e-18 8.05768e-18 5.34523e-18 -1.51216e-33
Plastic strain_mean 4.16245e-18 0.00448887 0 0.00448887 -4.16245e-18 0 0 0 0
Plastic strain_rate_mean 0 0 0 0 0 0 0 0 0
Dissipation 0.0337474
End step 15
Begin step 16
Stress 8.51766e-13 102.417 8.73411e-14 102.417 -8.95454e-13 1.79502e-12 8.73411e-14 1.79502e-12 -1.3118e-14
Strain 0 0.00533333 0 0.00533333 0 0 0 0 0
Strain mean -8.72595e-20 0.00533333 4.36706e-19 0.00533333 1.63463e-32 8.97511e-18 4.36706e-19 8.97511e-18 -1.01412e-33
Plastic strain_mean -4.41168e-18 0.00482125 0 0.00482125 4.41168e-18 0 0 0 0
Plastic strain_rate_mean 0 0 0 0 0 0 0 0 0
Dissipation 0.0338002
End step 16
Begin step 17
Stress -1.71328e-12 102.609 1.89306e-13 102.609 1.1106e-12 9.30022e-13 1.89306e-13 9.30022e-13 -1.80962e-13
Strain 0 0.00566667 0 0.00566667 0 0 0 0 0
Strain mean -1.20374e-18 0.00566667 9.46528e-19 0.00566667 -2.16667e-33 4.65011e-18 9.46528e-19 4.65011e-18 -6.69562e-34
Plastic strain_mean 6.45783e-18 0.00515362 0 0.00515362 -6.45783e-18 0 0 0 0
Plastic strain_rate_mean 0 0 0 0 0 0 0 0 0
Dissipation 0.0338535
End step 17
Begin step 18
Stress 1.67603e-12 102.801 1.48007e-13 102.801 -2.73431e-12 -2.98328e-13 1.48007e-13 -2.98328e-13 -3.17767e-13
Strain 0 0.006 0 0.006 0 0 0 0 0
Strain mean -2.11375e-18 0.006 7.40034e-19 0.006 -5.90298e-32 -1.49164e-18 7.40034e-19 -1.49164e-18 1.95602e-35
Plastic strain_mean -1.20827e-17 0.00548599 0 0.00548599 1.20827e-17 0 0 0 0
Plastic strain_rate_mean 0 0 0 0 0 0 0 0 0
Dissipation 0.033907
End step 18
Begin step 19
Stress -2.23058e-12 102.994 2.06714e-12 102.994 1.7915e-12 2.10777e-12 2.06714e-12 2.10777e-12 -1.31844e-13
Strain 0 0.00633333 0 0.00633333 0 0 0 0 0
Strain mean -8.7701e-19 0.00633333 1.03357e-17 0.00633333 -2.26056e-32 1.05389e-17 1.03357e-17 1.05389e-17 -5.3911e-33
Plastic strain_mean 9.6167e-18 0.00581836 0 0.00581836 -9.6167e-18 0 0 0 0
Plastic strain_rate_mean 0 0 0 0 0 0 0 0 0
Dissipation 0.0339608
End step 19
Begin step 20
Stress -1.83558e-12 103.187 1.64194e-12 103.187 1.85652e-12 1.38576e-12 1.64194e-12 1.38576e-12 6.28826e-15
Strain 0 0.00666667 0 0.00666667 0 0 0 0 0
Strain mean 4.18288e-20 0.00666667 8.20971e-18 0.00666667 5.5852e-33 6.92879e-18 8.20971e-18 6.92879e-18 -3.35533e-33
Plastic strain_mean 9.25118e-18 0.00615073 0 0.00615073 -9.25118e-18 0 0 0 0
Plastic strain_rate_mean 0 0 0 0 0 0 0 0 0
Dissipation 0.0340149
End step 20
Begin step 21
Stress -2.44685e-12 103.381 1.17783e-12 103.381 2.30369e-12 1.37899e-12 1.17783e-12 1.37899e-12 -4.29872e-14
Strain 0 0.007 0 0.007 0 0 0 0 0
Strain mean -2.85946e-19 0.007 5.88917e-18 0.007 2.16667e-32 6.89497e-18 5.88917e-18 6.89497e-18 -2.28178e-33
Plastic strain_mean 1.17334e-17 0.00648309 0 0.00648309 -1.17334e-17 0 0 0 0
Plastic strain_rate_mean 0 0 0 0 0 0 0 0 0
Dissipation 0.0340692
End step 21
Begin step 22
Stress -1.64597e-12 103.576 1.08595e-12 103.576 1.45766e-12 9.96849e-13 1.08595e-12 9.96849e-13 -5.65419e-14
Strain 0 0.00733333 0 0.00733333 0 0 0 0 0
Strain mean -3.76111e-19 0.00733333 5.42975e-18 0.00733333 -5.51297e-33 4.98424e-18 5.42975e-18 4.98424e-18 -2.32541e-33
Plastic strain_mean 7.57103e-18 0.00681545 0 0.00681545 -7.57103e-18 0 0 0 0
Plastic strain_rate_mean 0 0 0 0 0 0 0 0 0
Dissipation 0.0341237
End step 22
Begin step 23
Stress -1.09557e-12 103.771 -1.24599e-12 103.771 1.32966e-12 -1.41691e-12 -1.24599e-12 -1.41691e-12 7.02888e-14
Strain 0 0.00766667 0 0.00766667 0 0 0 0 0
Strain mean 4.67553e-19 0.00766667 -6.22993e-18 0.00766667 4.71853e-33 -7.08453e-18 -6.22993e-18 -7.08453e-18 3.41552e-34
Plastic strain_mean 6.29686e-18 0.00714781 0 0.00714781 -6.29686e-18 0 0 0 0
Plastic strain_rate_mean 0 0 0 0 0 0 0 0 0
Dissipation 0.0341785
End step 23
Begin step 24
Stress 2.34687e-13 103.966 -3.43712e-12 103.966 -8.48238e-13 -1.66954e-12 -3.43712e-12 -1.66954e-12 -1.84229e-13
Strain 0 0.008 0 0.008 0 0 0 0 0
Strain mean -1.22547e-18 0.008 -1.71856e-17 0.008 4.69445e-34 -8.34768e-18 -1.71856e-17 -8.34768e-18 1.02917e-33
Plastic strain_mean -3.32005e-18 0.00748017 0 0.00748017 3.32005e-18 0 0 0 0
Plastic strain_rate_mean 0 0 0 0 0 0 0 0 0
Dissipation 0.0342335
End step 24
Begin step 25
Stress -2.81644e-13 104.162 -2.60527e-12 104.162 7.08831e-14 -1.37822e-12 -2.60527e-12 -1.37822e-12 -6.32844e-14
Strain 0 0.00833333 0 0.00833333 0 0 0 0 0
Strain mean -4.2096e-19 0.00833333 -1.30264e-17 0.00833333 -3.59908e-33 -6.89108e-18 -1.30264e-17 -6.89108e-18 1.92593e-34
Plastic strain_mean 6.70837e-19 0.00781252 0 0.00781252 -6.70837e-19 0 0 0 0
Plastic strain_rate_mean 0 0 0 0 0 0 0 0 0
Dissipation 0.0342886
End step 25
Begin step 26
Stress 4.1701e-13 104.358 -1.7809e-12 104.358 1.95198e-14 -1.09757e-12 -1.7809e-12 -1.09757e-12 1.31075e-13
Strain 0 0.00866667 0 0.00866667 0 0 0 0 0
Strain mean 8.71898e-19 0.00866667 -8.90448e-18 0.00866667 -6.31946e-34 -5.48787e-18 -8.90448e-18 -5.48787e-18 -3.00927e-35
Plastic strain_mean -5.57778e-19 0.00814488 0 0.00814488 5.57778e-19 0 0 0 0
Plastic strain_rate_mean 0 0 0 0 0 0 0 0 0
Dissipation 0.0343439
End step 26
Begin step 27
Stress 6.20819e-13 104.554 -1.88719e-12 104.554 -3.09012e-13 -9.18637e-13 -1.88719e-12 -9.18637e-13 9.36252e-14
Strain 0 0.009 0 0.009 0 0 0 0 0
Strain mean 6.22784e-19 0.009 -9.43593e-18 0.009 4.16482e-33 -4.59319e-18 -9.43593e-18 -4.59319e-18 3.15973e-34
Plastic strain_mean -2.01318e-18 0.00847723 0 0.00847723 2.01318e-18 0 0 0 0
Plastic strain_rate_mean 0 0 0 0 0 0 0 0 0
Dissipation 0.0343994
End step 27
Begin step 28
Stress -6.01889e-13 104.751 -1.04097e-12 104.751 -4.25213e-13 -7.41969e-13 -1.04097e-12 -7.41969e-13 -3.08404e-13
Strain 0 0.00933333 0 0.00933333 0 0 0 0 0
Strain mean -2.05147e-18 0.00933333 -5.20487e-18 0.00933333 1.44144e-33 -3.70985e-18 -5.20487e-18 -3.70985e-18 7.88428e-34
Plastic strain_mean -5.84046e-19 0.00880958 0 0.00880958 5.84046e-19 0 0 0 0
Plastic strain_rate_mean 0 0 0 0 0 0 0 0 0
Dissipation 0.034455
End step 28
Begin step 29
Stress 1.04583e-13 104.949 -8.85431e-13 104.949 -3.03767e-13 -6.02797e-13 -8.85431e-13 -6.02797e-13 -5.98083e-14
Strain 0 0.00966667 0 0.00966667 0 0 0 0 0
Strain mean -3.97838e-19 0.00966667 -4.42715e-18 0.00966667 -2.52778e-34 -3.01398e-18 -4.42715e-18 -3.01398e-18 4.30325e-34
Plastic strain_mean -1.21979e-18 0.00914192 0 0.00914192 1.21979e-18 0 0 0 0
Plastic strain_rate_mean 0 0 0 0 0 0 0 0 0
Dissipation 0.0345108
End step 29
Begin step 30
Stress 1.13186e-14 105.146 -5.12595e-13 105.146 6.29102e-14 -5.2113e-13 -5.12595e-13 -5.2113e-13 2.22884e-14
Strain 0 0.01 0 0.01 0 0 0 0 0
Strain mean 1.4826e-19 0.01 -2.56297e-18 0.01 2.19075e-33 -2.60565e-18 -2.56297e-18 -2.60565e-18 4.5139e-34
Plastic strain_mean 2.03109e-19 0.00947427 0 0.00947427 -2.03109e-19 0 0 0 0
Plastic strain_rate_mean 0 0 0 0 0 0 0 0 0
Dissipation 0.0345667
End step 30
