Begin step 0
Stress 0 0 0 0 0 0 0 0 0
Strain 0 0 0 0 0 0 0 0 0
Strain mean 0 0 0 0 0 0 0 0 0
Plastic strain_mean 0 0 0 0 0 0 0 0 0
Plastic strain_rate_mean 0 0 0 0 0 0 0 0 0
Dissipation 0
End step 0
Begin step 1
Stress -7.84256e-16 6.66667 2.80173e-15 6.66667 -3.36484e-16 1.42895e-17 2.80173e-15 1.42895e-17 -3.3652e-16
Strain 0 3.33333e-05 0 3.33333e-05 0 0 0 0 0
Strain mean -2.23849e-21 3.33333e-05 1.40086e-20 3.33333e-05 -9.40395e-38 7.14477e-23 1.40086e-20 7.14477e-23 -5.54135e-37
Plastic strain_mean 1.83435e-25 8.43699e-16 0 8.43699e-16 -1.83435e-25 0 0 0 0
Plastic strain_rate_mean 0 0 0 0 0 0 0 0 0
Dissipation 5.62466e-15
End step 1
Begin step 2
Stress 1.29176e-15 13.3333 1.28638e-14 13.3333 5.80679e-16 6.65678e-15 1.28638e-14 6.65678e-15 5.62232e-16
Strain 0 6.66667e-05 0 6.66667e-05 0 0 0 0 0
Strain mean 3.7399e-21 6.66667e-05 6.43191e-20 6.66667e-05 4.11423e-36 3.32839e-20 6.43191e-20 3.32839e-20 -6.18898e-36
Plastic strain_mean 9.22356e-23 8.64791e-13 0 8.64791e-13 -9.22356e-23 0 0 0 0
Plastic strain_rate_mean 0 0 0 0 0 0 0 0 0
Dissipation 1.15193e-11
End step 2
Begin step 3
Stress 4.87734e-16 20 3.70853e-13 20 -2.61105e-15 -2.58943e-14 3.70853e-13 -2.58943e-14 -6.3756e-16
Strain 0 0.0001 0 0.0001 0 0 0 0 0
Strain mean -4.24097e-21 0.0001 1.85427e-18 0.0001 -1.61748e-35 -1.29472e-19 1.85427e-18 -1.29472e-19 -1.22816e-34
Plastic strain_mean -9.86744e-21 5.06841e-11 0 5.06841e-11 9.86744e-21 0 0 0 0
Plastic strain_rate_mean 0 0 0 0 0 0 0 0 0
Dissipation 9.96387e-10
End step 3
Begin step 4
Stress 1.9602e-14 26.6665 3.30381e-12 26.6665 -5.23327e-15 -4.0758e-13 3.30381e-12 -4.0758e-13 4.31445e-15
Strain 0 0.000133333 0 0.000133333 0 0 0 0 0
Strain mean 2.86992e-20 0.000133333 1.65191e-17 0.000133333 -1.74537e-34 -2.0379e-18 1.65191e-17 -2.0379e-18 -4.49133e-34
Plastic strain_mean -4.77386e-20 9.35302e-10 0 9.35302e-10 4.77386e-20 0 0 0 0
Plastic strain_rate_mean 0 0 0 0 0 0 0 0 0
Dissipation 2.35896e-08
End step 4
Begin step 5
Stress -3.35413e-14 33.3315 4.78858e-12 33.3315 4.99024e-14 -3.54009e-12 4.78858e-12 -3.54009e-12 4.9127e-15
Strain 0 0.000166667 0 0.000166667 0 0 0 0 0
Strain mean 3.26787e-20 0.000166667 2.39429e-17 0.000166667 -1.20371e-34 -1.77004e-17 2.39429e-17 -1.77004e-17 3.76158e-33
Plastic strain_mean 2.24949e-19 9.17001e-09 0 9.17001e-09 -2.24949e-19 0 0 0 0
Plastic strain_rate_mean 0 0 0 0 0 0 0 0 0
Dissipation 2.74475e-07
End step 5
Begin step 6
Stress -1.17022e-13 39.988 3.74251e-12 39.988 1.24301e-13 -1.69328e-12 3.74251e-12 -1.69328e-12 2.18561e-15
Strain 0 0.0002 0 0.0002 0 0 0 0 0
Strain mean 1.45384e-20 0.0002 1.87126e-17 0.0002 -8.90743e-34 -8.46641e-18 1.87126e-17 -8.46641e-18 -1.20371e-35
Plastic strain_mean 6.10577e-19 6.00319e-08 0 6.00319e-08 -6.10577e-19 0 0 0 0
Plastic strain_rate_mean 0 0 0 0 0 0 0 0 0
Dissipation 2.03386e-06
End step 6
Begin step 7
Stress 2.00729e-14 46.6076 1.65723e-12 46.6076 -3.85501e-14 -5.80906e-12 1.65723e-12 -5.80906e-12 -5.54808e-15
Strain 0 0.000233333 0 0.000233333 0 0 0 0 0
Strain mean -3.69052e-20 0.000233333 8.28616e-18 0.000233333 3.63519e-33 -2.90453e-17 8.28616e-18 -2.90453e-17 8.48613e-33
Plastic strain_mean -1.6501e-19 2.95347e-07 0 2.95347e-07 1.6501e-19 0 0 0 0
Plastic strain_rate_mean 0 0 0 0 0 0 0 0 0
Dissipation 1.09674e-05
End step 7
Begin step 8
Stress 4.42817e-14 53.1009 2.23976e-12 53.1009 -3.08001e-14 -1.01853e-12 2.23976e-12 -1.01853e-12 4.04807e-15
Strain 0 0.000266667 0 0.000266667 0 0 0 0 0
Strain mean 2.69273e-20 0.000266667 1.11988e-17 0.000266667 -2.31112e-33 -5.09264e-18 1.11988e-17 -5.09264e-18 -4.57634e-33
Plastic strain_mean -1.74241e-19 1.16241e-06 0 1.16241e-06 1.74241e-19 0 0 0 0
Plastic strain_rate_mean 0 0 0 0 0 0 0 0 0
Dissipation 4.60413e-05
End step 8
Begin step 9
Stress 2.65695e-13 59.249 -5.06501e-13 59.249 -2.53464e-13 -2.00881e-12 -5.06501e-13 -2.00881e-12 3.67252e-15
Strain 0 0.0003 0 0.0003 0 0 0 0 0
Strain mean 2.44292e-20 0.0003 -2.53251e-18 0.0003 1.81519e-32 -1.00441e-17 -2.53251e-18 -1.00441e-17 -1.80556e-33
Plastic strain_mean -1.28568e-18 3.7549e-06 0 3.7549e-06 1.28568e-18 0 0 0 0
Plastic strain_rate_mean 0 0 0 0 0 0 0 0 0
Dissipation 0.000153598
End step 9
Begin step 10
Stress -6.12907e-14 64.6718 -2.53351e-13 64.6718 7.61611e-14 2.53332e-12 -2.53351e-13 2.53332e-12 4.4651e-15
Strain 0 0.000333333 0 0.000333333 0 0 0 0 0
Strain mean 2.97013e-20 0.000333333 -1.26676e-18 0.000333333 -1.12667e-32 1.26666e-17 -1.26676e-18 1.26666e-17 -1.93195e-33
Plastic strain_mean 3.5848e-19 9.97442e-06 0 9.97442e-06 -3.5848e-19 0 0 0 0
Plastic strain_rate_mean 0 0 0 0 0 0 0 0 0
Dissipation 0.000402202
End step 10
Begin step 11
Stress 5.14366e-13 68.9731 -1.56638e-12 68.9731 -4.91933e-13 -2.52534e-13 -1.56638e-12 -2.52534e-13 6.73586e-15
Strain 0 0.000366667 0 0.000366667 0 0 0 0 0
Strain mean 4.48062e-20 0.000366667 -7.83188e-18 0.000366667 -1.76463e-31 -1.26267e-18 -7.83188e-18 -1.26267e-18 -2.47963e-33
Plastic strain_mean -2.49334e-18 2.18012e-05 0 2.18012e-05 2.49334e-18 0 0 0 0
Plastic strain_rate_mean 0 0 0 0 0 0 0 0 0
Dissipation 0.000815624
End step 11
Begin step 12
Stress 6.37052e-13 72.0081 -1.16727e-12 72.0081 -6.20284e-13 -5.27933e-13 -1.16727e-12 -5.27933e-13 5.03498e-15
Strain 0 0.0004 0 0.0004 0 0 0 0 0
Strain mean 3.34921e-20 0.0004 -5.83633e-18 0.0004 1.07371e-32 -2.63967e-18 -5.83633e-18 -2.63967e-18 1.48357e-33
Plastic strain_mean -3.12659e-18 3.99596e-05 0 3.99596e-05 3.12659e-18 0 0 0 0
Plastic strain_rate_mean 0 0 0 0 0 0 0 0 0
Dissipation 0.00130726
End step 12
Begin step 13
Stress -9.98706e-13 73.9482 -1.0785e-12 73.9482 1.0412e-12 6.87528e-14 -1.0785e-12 6.87528e-14 1.27599e-14
Strain 0 0.000433333 0 0.000433333 0 0 0 0 0
Strain mean 8.48776e-20 0.000433333 -5.3925e-18 0.000433333 3.79348e-32 3.43764e-19 -5.3925e-18 3.43764e-19 1.47153e-33
Plastic strain_mean 5.14221e-18 6.35924e-05 0 6.35924e-05 -5.14221e-18 0 0 0 0
Plastic strain_rate_mean 0 0 0 0 0 0 0 0 0
Dissipation 0.00174702
End step 13
Begin step 14
Stress 7.57954e-13 75.1076 2.26943e-13 75.1076 -7.27704e-13 6.90188e-13 2.26943e-13 6.90188e-13 9.08304e-15
Strain 0 0.000466667 0 0.000466667 0 0 0 0 0
Strain mean 6.04194e-20 0.000466667 1.13471e-18 0.000466667 2.66019e-33 3.45094e-18 1.13471e-18 3.45094e-18 -2.09097e-34
Plastic strain_mean -3.68394e-18 9.11287e-05 0 9.11287e-05 3.68394e-18 0 0 0 0
Plastic strain_rate_mean 0 0 0 0 0 0 0 0 0
Dissipation 0.00206724
End step 14
Begin step 15
Stress -9.78983e-13 75.775 -4.34615e-13 75.775 9.3675e-13 -2.72649e-13 -4.34615e-13 -2.72649e-13 -1.26813e-14
Strain 0 0.0005 0 0.0005 0 0 0 0 0
Strain mean -8.43547e-20 0.0005 -2.17307e-18 0.0005 -7.55326e-34 -1.36324e-18 -2.17307e-18 -1.36324e-18 -1.24584e-33
Plastic strain_mean 4.74716e-18 0.000121125 0 0.000121125 -4.74716e-18 0 0 0 0
Plastic strain_rate_mean 0 0 0 0 0 0 0 0 0
Dissipation 0.00227162
End step 15
Begin step 16
Stress 8.94829e-13 76.1542 1.00083e-12 76.1542 -8.63444e-13 4.20348e-13 1.00083e-12 4.20348e-13 9.42366e-15
Strain 0 0.000533333 0 0.000533333 0 0 0 0 0
Strain mean 6.26851e-20 0.000533333 5.00416e-18 0.000533333 1.74236e-33 2.10174e-18 5.00416e-18 2.10174e-18 -1.12847e-33
Plastic strain_mean -4.36434e-18 0.000152562 0 0.000152562 4.36434e-18 0 0 0 0
Plastic strain_rate_mean 0 0 0 0 0 0 0 0 0
Dissipation 0.00239235
End step 16
Begin step 17
Stress 3.73163e-12 76.3714 3.20594e-12 76.3714 -3.66993e-12 3.08357e-12 3.20594e-12 3.08357e-12 1.85285e-14
Strain 0 0.000566667 0 0.000566667 0 0 0 0 0
Strain mean 1.2325e-19 0.000566667 1.60297e-17 0.000566667 -1.36741e-32 1.54178e-17 1.60297e-17 1.54178e-17 -5.65742e-34
Plastic strain_mean -1.84423e-17 0.00018481 0 0.00018481 1.84423e-17 0 0 0 0
Plastic strain_rate_mean 0 0 0 0 0 0 0 0 0
Dissipation 0.00246068
End step 17
Begin step 18
Stress 3.11605e-12 76.4995 1.156e-12 76.4995 -3.06444e-12 1.41794e-12 1.156e-12 1.41794e-12 1.54979e-14
Strain 0 0.0006 0 0.0006 0 0 0 0 0
Strain mean 1.03091e-19 0.0006 5.78e-18 0.0006 2.19075e-33 7.08972e-18 5.78e-18 7.08972e-18 4.99538e-34
Plastic strain_mean -1.53997e-17 0.000217502 0 0.000217502 1.53997e-17 0 0 0 0
Plastic strain_rate_mean 0 0 0 0 0 0 0 0 0
Dissipation 0.00249855
End step 18
Begin step 19
Stress 3.64896e-12 76.5792 1.933e-12 76.5792 -3.68702e-12 -1.5359e-12 1.933e-12 -1.5359e-12 -1.1428e-14
Strain 0 0.000633333 0 0.000633333 0 0 0 0 0
Strain mean -7.6018e-20 0.000633333 9.66499e-18 0.000633333 -5.00742e-33 -7.67951e-18 9.66499e-18 -7.67951e-18 1.38878e-33
Plastic strain_mean -1.83779e-17 0.000250437 0 0.000250437 1.83779e-17 0 0 0 0
Plastic strain_rate_mean 0 0 0 0 0 0 0 0 0
Dissipation 0.00251938
End step 19
Begin step 20
Stress -2.58061e-13 76.6326 2.70906e-13 76.6326 3.07159e-13 -2.52601e-12 2.70906e-13 -2.52601e-12 1.47425e-14
Strain 0 0.000666667 0 0.000666667 0 0 0 0 0
Strain mean 9.80653e-20 0.000666667 1.35453e-18 0.000666667 7.24631e-33 -1.26301e-17 1.35453e-18 -1.26301e-17 1.20371e-34
Plastic strain_mean 1.46208e-18 0.000283504 0 0.000283504 -1.46208e-18 0 0 0 0
Plastic strain_rate_mean 0 0 0 0 0 0 0 0 0
Dissipation 0.00253088
End step 20
Begin step 21
Stress 4.7872e-13 76.6718 2.25661e-12 76.6718 -4.76277e-13 1.52681e-13 2.25661e-12 1.52681e-13 7.3363e-16
Strain 0 0.0007 0 0.0007 0 0 0 0 0
Strain mean 4.88003e-21 0.0007 1.12831e-17 0.0007 -9.00372e-33 7.63403e-19 1.12831e-17 7.63403e-19 -2.62107e-33
Plastic strain_mean -2.38505e-18 0.000316641 0 0.000316641 2.38505e-18 0 0 0 0
Plastic strain_rate_mean 0 0 0 0 0 0 0 0 0
Dissipation 0.00253733
End step 21
Begin step 22
Stress 5.43103e-13 76.7033 -7.97391e-13 76.7033 -4.06557e-13 2.2858e-13 -7.97391e-13 2.2858e-13 4.10003e-14
Strain 0 0.000733333 0 0.000733333 0 0 0 0 0
Strain mean 2.7273e-19 0.000733333 -3.98696e-18 0.000733333 3.02371e-32 1.1429e-18 -3.98696e-18 1.1429e-18 1.06829e-34
Plastic strain_mean -2.23778e-18 0.000349817 0 0.000349817 2.23778e-18 0 0 0 0
Plastic strain_rate_mean 0 0 0 0 0 0 0 0 0
Dissipation 0.00254105
End step 22
Begin step 23
Stress 1.04564e-12 76.7306 -9.51912e-13 76.7306 -1.10924e-12 -7.73548e-14 -9.51912e-13 -7.73548e-14 -1.90962e-14
Strain 0 0.000766667 0 0.000766667 0 0 0 0 0
Strain mean -1.27026e-19 0.000766667 -4.75956e-18 0.000766667 -4.57408e-34 -3.86774e-19 -4.75956e-18 -3.86774e-19 1.08334e-34
Plastic strain_mean -5.45073e-18 0.000383014 0 0.000383014 5.45073e-18 0 0 0 0
Plastic strain_rate_mean 0 0 0 0 0 0 0 0 0
Dissipation 0.00254332
End step 23
Begin step 24
Stress 1.20895e-12 76.7555 -9.26086e-13 76.7555 -1.17932e-12 -1.45269e-13 -9.26086e-13 -1.45269e-13 8.89527e-15
Strain 0 0.0008 0 0.0008 0 0 0 0 0
Strain mean 5.91703e-20 0.0008 -4.63043e-18 0.0008 -2.38334e-33 -7.26347e-19 -4.63043e-18 -7.26347e-19 2.77605e-34
Plastic strain_mean -5.9411e-18 0.000416222 0 0.000416222 5.9411e-18 0 0 0 0
Plastic strain_rate_mean 0 0 0 0 0 0 0 0 0
Dissipation 0.0025448
End step 24
Begin step 25
Stress 1.05513e-12 76.779 -8.38133e-13 76.779 -1.09104e-12 -1.68824e-13 -8.38133e-13 -1.68824e-13 -1.07817e-14
Strain 0 0.000833333 0 0.000833333 0 0 0 0 0
Strain mean -7.17189e-20 0.000833333 -4.19066e-18 0.000833333 6.71668e-33 -8.44121e-19 -4.19066e-18 -8.44121e-19 1.47078e-34
Plastic strain_mean -5.4013e-18 0.000449438 0 0.000449438 5.4013e-18 0 0 0 0
Plastic strain_rate_mean 0 0 0 0 0 0 0 0 0
Dissipation 0.00254586
End step 25
Begin step 26
Stress 9.02755e-13 76.8018 -8.03817e-13 76.8018 -9.02376e-13 -1.72878e-13 -8.03817e-13 -1.72878e-13 1.13538e-16
Strain 0 0.000866667 0 0.000866667 0 0 0 0 0
Strain mean 7.55242e-22 0.000866667 -4.01909e-18 0.000866667 2.11852e-33 -8.64391e-19 -4.01909e-18 -8.64391e-19 -6.50989e-35
Plastic strain_mean -4.51245e-18 0.000482658 0 0.000482658 4.51245e-18 0 0 0 0
Plastic strain_rate_mean 0 0 0 0 0 0 0 0 0
Dissipation 0.00254668
End step 26
Begin step 27
Stress 7.57666e-13 76.824 -7.58485e-13 76.824 -7.42745e-13 -1.70506e-13 -7.58485e-13 -1.70506e-13 4.48039e-15
Strain 0 0.0009 0 0.0009 0 0 0 0 0
Strain mean 2.9803e-20 0.0009 -3.79242e-18 0.0009 1.01111e-33 -8.5253e-19 -3.79242e-18 -8.5253e-19 -2.6143e-35
Plastic strain_mean -3.73613e-18 0.00051588 0 0.00051588 3.73613e-18 0 0 0 0
Plastic strain_rate_mean 0 0 0 0 0 0 0 0 0
Dissipation 0.00254739
End step 27
Begin step 28
Stress 7.13634e-13 76.8458 -7.20672e-13 76.8458 -5.82395e-13 -1.65626e-13 -7.20672e-13 -1.65626e-13 3.94064e-14
Strain 0 0.000933333 0 0.000933333 0 0 0 0 0
Strain mean 2.62127e-19 0.000933333 -3.60336e-18 0.000933333 -7.18011e-33 -8.28132e-19 -3.60336e-18 -8.28132e-19 2.06511e-34
Plastic strain_mean -3.10901e-18 0.000549104 0 0.000549104 3.10901e-18 0 0 0 0
Plastic strain_rate_mean 0 0 0 0 0 0 0 0 0
Dissipation 0.00254802
End step 28
Begin step 29
Stress 1.88012e-13 76.8674 -4.83823e-13 76.8674 -7.94176e-14 -1.97722e-12 -4.83823e-13 -1.97722e-12 3.26073e-14
Strain 0 0.000966667 0 0.000966667 0 0 0 0 0
Strain mean 2.169e-19 0.000966667 -2.41911e-18 0.000966667 2.95871e-32 -9.88608e-18 -2.41911e-18 -9.88608e-18 2.27425e-33
Plastic strain_mean -5.60124e-19 0.00058233 0 0.00058233 5.60124e-19 0 0 0 0
Plastic strain_rate_mean 0 0 0 0 0 0 0 0 0
Dissipation 0.00254862
End step 29
Begin step 30
Stress -1.6073e-13 76.8887 -4.69647e-13 76.8887 1.37519e-13 -1.78744e-12 -4.69647e-13 -1.78744e-12 -6.96949e-15
Strain 0 0.001 0 0.001 0 0 0 0 0
Strain mean -4.63602e-20 0.001 -2.34824e-18 0.001 8.90743e-34 -8.9372e-18 -2.34824e-18 -8.9372e-18 1.68519e-33
Plastic strain_mean 7.22445e-19 0.000615556 0 0.000615556 -7.22445e-19 0 0 0 0
Plastic strain_rate_mean 0 0 0 0 0 0 0 0 0
Dissipation 0.0025492
End step 30
