Begin step 0
Stress 0 0 0 0 0 0 0 0 0
Strain 0 0 0 0 0 0 0 0 0
Strain mean 0 0 0 0 0 0 0 0 0
Plastic strain_mean 0 0 0 0 0 0 0 0 0
Plastic strain_rate_mean 0 0 0 0 0 0 0 0 0
Dissipation 0
End step 0
Begin step 1
Stress 2.06508e-13 6.26417 4.64463e-14 6.26417 -2.06973e-13 -1.56773e-12 4.64463e-14 -1.56773e-12 -1.39739e-16
Strain 0 3.33333e-05 0 3.33333e-05 0 0 0 0 0
Strain mean -9.29529e-22 3.33333e-05 2.32232e-19 3.33333e-05 9.5815e-33 -7.83863e-18 2.32232e-19 -7.83863e-18 1.84167e-33
Plastic strain_mean -1.03417e-18 2.01246e-06 0 2.01246e-06 1.03417e-18 0 0 0 0
Plastic strain_rate_mean 0 0 0 0 0 0 0 0 0
Dissipation 1.2605e-05
End step 1
Begin step 2
Stress 3.5349e-13 12.1502 4.75904e-14 12.1502 -3.56544e-13 -1.36575e-12 4.75904e-14 -1.36575e-12 -9.17038e-16
Strain 0 6.66667e-05 0 6.66667e-05 0 0 0 0 0
Strain mean -6.10003e-21 6.66667e-05 2.37952e-19 6.66667e-05 -9.24446e-33 -6.82877e-18 2.37952e-19 -6.82877e-18 1.78901e-33
Plastic strain_mean -1.77813e-18 5.91559e-06 0 5.91559e-06 1.77813e-18 0 0 0 0
Plastic strain_rate_mean 0 0 0 0 0 0 0 0 0
Dissipation 4.74157e-05
End step 2
Begin step 3
Stress 4.56275e-13 17.681 4.8702e-14 17.681 -4.59758e-13 -1.18713e-12 4.8702e-14 -1.18713e-12 -1.04586e-15
Strain 0 0.0001 0 0.0001 0 0 0 0 0
Strain mean -6.95694e-21 0.0001 2.4351e-19 0.0001 1.12667e-32 -5.93567e-18 2.4351e-19 -5.93567e-18 1.6897e-33
Plastic strain_mean -2.29356e-18 1.15949e-05 0 1.15949e-05 2.29356e-18 0 0 0 0
Plastic strain_rate_mean 0 0 0 0 0 0 0 0 0
Dissipation 0.000100393
End step 3
Begin step 4
Stress 5.35514e-13 22.8781 4.67229e-14 22.8781 -5.22149e-13 -1.03153e-12 4.67229e-14 -1.03153e-12 4.01313e-15
Strain 0 0.000133333 0 0.000133333 0 0 0 0 0
Strain mean 2.66949e-20 0.000133333 2.33615e-19 0.000133333 5.11334e-32 -5.15766e-18 2.33615e-19 -5.15766e-18 1.2007e-33
Plastic strain_mean -2.63081e-18 1.89429e-05 0 1.89429e-05 2.63081e-18 0 0 0 0
Plastic strain_rate_mean 0 0 0 0 0 0 0 0 0
Dissipation 0.000168058
End step 4
Begin step 5
Stress 5.65019e-13 27.7616 5.43055e-14 27.7616 -5.6675e-13 -8.96232e-13 5.43055e-14 -8.96232e-13 -5.19655e-16
Strain 0 0.000166667 0 0.000166667 0 0 0 0 0
Strain mean -3.45668e-21 0.000166667 2.71527e-19 0.000166667 4.08056e-32 -4.48116e-18 2.71527e-19 -4.48116e-18 1.41135e-33
Plastic strain_mean -2.83115e-18 2.78584e-05 0 2.78584e-05 2.83115e-18 0 0 0 0
Plastic strain_rate_mean 0 0 0 0 0 0 0 0 0
Dissipation 0.000247421
End step 5
Begin step 6
Stress 1.10609e-12 32.3507 4.13611e-12 32.3507 -1.07795e-12 -1.81607e-12 4.13611e-12 -1.81607e-12 8.45203e-15
Strain 0 0.0002 0 0.0002 0 0 0 0 0
Strain mean 5.6222e-20 0.0002 2.06806e-17 0.0002 1.19167e-32 -9.08037e-18 2.06806e-17 -9.08037e-18 3.77362e-33
Plastic strain_mean -5.43199e-18 3.82465e-05 0 3.82465e-05 5.43199e-18 0 0 0 0
Plastic strain_rate_mean 0 0 0 0 0 0 0 0 0
Dissipation 0.00033592
End step 6
Begin step 7
Stress 1.45611e-12 36.6631 3.64345e-12 36.6631 -1.44401e-12 -1.65229e-12 3.64345e-12 -1.65229e-12 3.63322e-15
Strain 0 0.000233333 0 0.000233333 0 0 0 0 0
Strain mean 2.41677e-20 0.000233333 1.82172e-17 0.000233333 2.50371e-33 -8.26143e-18 1.82172e-17 -8.26143e-18 4.67038e-33
Plastic strain_mean -7.23822e-18 5.00178e-05 0 5.00178e-05 7.23822e-18 0 0 0 0
Plastic strain_rate_mean 0 0 0 0 0 0 0 0 0
Dissipation 0.000431366
End step 7
Begin step 8
Stress 1.68485e-12 40.7156 3.20622e-12 40.7156 -1.68311e-12 -1.49963e-12 3.20622e-12 -1.49963e-12 5.24022e-16
Strain 0 0.000266667 0 0.000266667 0 0 0 0 0
Strain mean 3.48573e-21 0.000266667 1.60311e-17 0.000266667 -3.15371e-33 -7.49815e-18 1.60311e-17 -7.49815e-18 2.43149e-33
Plastic strain_mean -8.41815e-18 6.30886e-05 0 6.30886e-05 8.41815e-18 0 0 0 0
Plastic strain_rate_mean 0 0 0 0 0 0 0 0 0
Dissipation 0.000531892
End step 8
Begin step 9
Stress 1.35892e-12 44.523 6.59746e-13 44.523 -1.3314e-12 2.40346e-12 6.59746e-13 2.40346e-12 8.26426e-15
Strain 0 0.0003 0 0.0003 0 0 0 0 0
Strain mean 5.49729e-20 0.0003 3.29873e-18 0.0003 1.38667e-32 1.20173e-17 3.29873e-18 1.20173e-17 -1.85822e-33
Plastic strain_mean -6.69831e-18 7.73848e-05 0 7.73848e-05 6.69831e-18 0 0 0 0
Plastic strain_rate_mean 0 0 0 0 0 0 0 0 0
Dissipation 0.000636119
End step 9
Begin step 10
Stress 1.35618e-12 48.0969 1.38306e-12 48.0969 -1.3391e-12 -1.1394e-12 1.38306e-12 -1.1394e-12 5.13105e-15
Strain 0 0.000333333 0 0.000333333 0 0 0 0 0
Strain mean 3.41311e-20 0.000333333 6.91532e-18 0.000333333 1.7526e-31 -5.69702e-18 6.91532e-18 -5.69702e-18 1.82361e-33
Plastic strain_mean -6.72114e-18 9.28487e-05 0 9.28487e-05 6.72114e-18 0 0 0 0
Plastic strain_rate_mean 0 0 0 0 0 0 0 0 0
Dissipation 0.000743249
End step 10
Begin step 11
Stress 1.53181e-12 51.444 -4.6786e-13 51.444 -1.52541e-12 4.49001e-12 -4.6786e-13 4.49001e-12 1.9236e-15
Strain 0 0.000366667 0 0.000366667 0 0 0 0 0
Strain mean 1.27955e-20 0.000366667 -2.3393e-18 0.000366667 -2.1763e-32 2.245e-17 -2.3393e-18 2.245e-17 3.00927e-35
Plastic strain_mean -7.63665e-18 0.000109446 0 0.000109446 7.63665e-18 0 0 0 0
Plastic strain_rate_mean 0 0 0 0 0 0 0 0 0
Dissipation 0.000853193
End step 11
Begin step 12
Stress 1.02419e-12 54.5572 3.27746e-13 54.5572 -9.8982e-13 -7.5983e-13 3.27746e-13 -7.5983e-13 1.03189e-14
Strain 0 0.0004 0 0.0004 0 0 0 0 0
Strain mean 6.86399e-20 0.0004 1.63873e-18 0.0004 -5.07001e-32 -3.79915e-18 1.63873e-18 -3.79915e-18 -1.21273e-33
Plastic strain_mean -5.0007e-18 0.000127214 0 0.000127214 5.0007e-18 0 0 0 0
Plastic strain_rate_mean 0 0 0 0 0 0 0 0 0
Dissipation 0.000968498
End step 12
Begin step 13
Stress 5.7288e-13 57.4272 -4.4766e-13 57.4272 -5.95073e-13 4.75985e-12 -4.4766e-13 4.75985e-12 -6.66381e-15
Strain 0 0.000433333 0 0.000433333 0 0 0 0 0
Strain mean -4.43269e-20 0.000433333 -2.2383e-18 0.000433333 -8.39465e-32 2.37992e-17 -2.2383e-18 2.37992e-17 -1.53473e-33
Plastic strain_mean -2.94205e-18 0.000146197 0 0.000146197 2.94205e-18 0 0 0 0
Plastic strain_rate_mean 0 0 0 0 0 0 0 0 0
Dissipation 0.00108909
End step 13
Begin step 14
Stress 2.58371e-13 60.0481 1.1108e-12 60.0481 -2.77015e-13 4.60166e-12 1.1108e-12 4.60166e-12 -5.5983e-15
Strain 0 0.000466667 0 0.000466667 0 0 0 0 0
Strain mean -3.72392e-20 0.000466667 5.55401e-18 0.000466667 -4.75705e-32 2.30083e-17 5.55401e-18 2.30083e-17 -1.60093e-33
Plastic strain_mean -1.35708e-18 0.000166426 0 0.000166426 1.35708e-18 0 0 0 0
Plastic strain_rate_mean 0 0 0 0 0 0 0 0 0
Dissipation 0.00121341
End step 14
Begin step 15
Stress 9.48518e-13 62.4176 -3.33213e-12 62.4176 -9.55426e-13 -1.52055e-12 -3.33213e-12 -1.52055e-12 -2.07425e-15
Strain 0 0.0005 0 0.0005 0 0 0 0 0
Strain mean -1.37977e-20 0.0005 -1.66607e-17 0.0005 7.70372e-33 -7.60274e-18 -1.66607e-17 -7.60274e-18 3.61112e-35
Plastic strain_mean -4.76676e-18 0.000187912 0 0.000187912 4.76676e-18 0 0 0 0
Plastic strain_rate_mean 0 0 0 0 0 0 0 0 0
Dissipation 0.00133951
End step 15
Begin step 16
Stress -7.20759e-13 64.5378 -3.73983e-12 64.5378 7.24714e-13 -4.13943e-12 -3.73983e-12 -4.13943e-12 1.18778e-15
Strain 0 0.000533333 0 0.000533333 0 0 0 0 0
Strain mean 7.90099e-21 0.000533333 -1.86992e-17 0.000533333 6.94298e-32 -2.06971e-17 -1.86992e-17 -2.06971e-17 -2.64815e-34
Plastic strain_mean 3.61763e-18 0.000210644 0 0.000210644 -3.61763e-18 0 0 0 0
Plastic strain_rate_mean 0 0 0 0 0 0 0 0 0
Dissipation 0.00146517
End step 16
Begin step 17
Stress -6.61679e-13 66.4154 1.64352e-12 66.4154 6.90475e-13 -4.21743e-12 1.64352e-12 -4.21743e-12 8.64636e-15
Strain 0 0.000566667 0 0.000566667 0 0 0 0 0
Strain mean 5.75146e-20 0.000566667 8.21761e-18 0.000566667 7.73261e-32 -2.10871e-17 8.21761e-18 -2.10871e-17 -1.39254e-33
Plastic strain_mean 3.40914e-18 0.00023459 0 0.00023459 -3.40914e-18 0 0 0 0
Plastic strain_rate_mean 0 0 0 0 0 0 0 0 0
Dissipation 0.00158809
End step 17
Begin step 18
Stress -1.71347e-12 68.0604 -1.75888e-12 68.0604 1.72512e-12 -4.0537e-12 -1.75888e-12 -4.0537e-12 3.49784e-15
Strain 0 0.0006 0 0.0006 0 0 0 0 0
Strain mean 2.32673e-20 0.0006 -8.79438e-18 0.0006 1.2663e-31 -2.02685e-17 -8.79438e-18 -2.02685e-17 -7.46298e-34
Plastic strain_mean 8.60812e-18 0.000259698 0 0.000259698 -8.60812e-18 0 0 0 0
Plastic strain_rate_mean 0 0 0 0 0 0 0 0 0
Dissipation 0.00170625
End step 18
Begin step 19
Stress -1.40029e-12 69.4864 3.14506e-12 69.4864 1.42606e-12 5.72075e-13 3.14506e-12 5.72075e-13 7.73805e-15
Strain 0 0.000633333 0 0.000633333 0 0 0 0 0
Strain mean 5.14726e-20 0.000633333 1.57253e-17 0.000633333 2.91077e-31 2.86038e-18 1.57253e-17 2.86038e-18 8.63659e-34
Plastic strain_mean 7.09162e-18 0.000285901 0 0.000285901 -7.09162e-18 0 0 0 0
Plastic strain_rate_mean 0 0 0 0 0 0 0 0 0
Dissipation 0.00181775
End step 19
Begin step 20
Stress -3.01675e-12 70.7102 -4.65778e-12 70.7102 2.94322e-12 8.66863e-12 -4.65778e-12 8.66863e-12 -2.20788e-14
Strain 0 0.000666667 0 0.000666667 0 0 0 0 0
Strain mean -1.46866e-19 0.000666667 -2.32889e-17 0.000666667 -5.15908e-32 4.33431e-17 -2.32889e-17 4.33431e-17 -1.34213e-33
Plastic strain_mean 1.48265e-17 0.000313116 0 0.000313116 -1.48265e-17 0 0 0 0
Plastic strain_rate_mean 0 0 0 0 0 0 0 0 0
Dissipation 0.00192088
End step 20
Begin step 21
Stress -2.5836e-12 71.7509 -6.4508e-13 71.7509 2.60268e-12 -2.23057e-12 -6.4508e-13 -2.23057e-12 5.7293e-15
Strain 0 0.0007 0 0.0007 0 0 0 0 0
Strain mean 3.81107e-20 0.0007 -3.2254e-18 0.0007 9.37446e-32 -1.11528e-17 -3.2254e-18 -1.11528e-17 -1.83189e-34
Plastic strain_mean 1.29848e-17 0.000341246 0 0.000341246 -1.29848e-17 0 0 0 0
Plastic strain_rate_mean 0 0 0 0 0 0 0 0 0
Dissipation 0.00201447
End step 21
Begin step 22
Stress -3.05582e-12 72.6286 1.28954e-12 72.6286 3.13901e-12 7.16992e-13 1.28954e-12 7.16992e-13 2.49784e-14
Strain 0 0.000733333 0 0.000733333 0 0 0 0 0
Strain mean 1.66153e-19 0.000733333 6.44772e-18 0.000733333 -2.38334e-33 3.58496e-18 6.44772e-18 3.58496e-18 -1.26615e-33
Plastic strain_mean 1.55702e-17 0.00037019 0 0.00037019 -1.55702e-17 0 0 0 0
Plastic strain_rate_mean 0 0 0 0 0 0 0 0 0
Dissipation 0.00209789
End step 22
Begin step 23
Stress -3.11045e-12 73.3637 1.05113e-12 73.3637 3.15679e-12 8.23489e-13 1.05113e-12 8.23489e-13 1.39128e-14
Strain 0 0.000766667 0 0.000766667 0 0 0 0 0
Strain mean 9.25462e-20 0.000766667 5.25567e-18 0.000766667 -1.34815e-32 4.11744e-18 5.25567e-18 4.11744e-18 -9.42276e-34
Plastic strain_mean 1.57144e-17 0.000399848 0 0.000399848 -1.57144e-17 0 0 0 0
Plastic strain_rate_mean 0 0 0 0 0 0 0 0 0
Dissipation 0.00217102
End step 23
Begin step 24
Stress -1.01378e-13 73.9759 1.39258e-12 73.9759 1.36951e-13 -6.43915e-12 1.39258e-12 -6.43915e-12 1.06813e-14
Strain 0 0.0008 0 0.0008 0 0 0 0 0
Strain mean 7.10508e-20 0.0008 6.96292e-18 0.0008 -4.23705e-33 -3.21958e-17 6.96292e-18 -3.21958e-17 3.83606e-33
Plastic strain_mean 6.31349e-19 0.000430121 0 0.000430121 -6.31349e-19 0 0 0 0
Plastic strain_rate_mean 0 0 0 0 0 0 0 0 0
Dissipation 0.00223421
End step 24
Begin step 25
Stress 1.31658e-12 74.4834 1.38343e-12 74.4834 -1.39986e-12 -6.89739e-12 1.38343e-12 -6.89739e-12 -2.50046e-14
Strain 0 0.000833333 0 0.000833333 0 0 0 0 0
Strain mean -1.66328e-19 0.000833333 6.91714e-18 0.000833333 -9.62965e-33 -3.44869e-17 6.91714e-18 -3.44869e-17 2.32691e-33
Plastic strain_mean -6.87427e-18 0.000460916 0 0.000460916 6.87427e-18 0 0 0 0
Plastic strain_rate_mean 0 0 0 0 0 0 0 0 0
Dissipation 0.0022881
End step 25
Begin step 26
Stress 2.13308e-12 74.9028 1.61453e-12 74.9028 -2.04389e-12 -5.85407e-12 1.61453e-12 -5.85407e-12 2.67819e-14
Strain 0 0.000866667 0 0.000866667 0 0 0 0 0
Strain mean 1.7815e-19 0.000866667 8.07267e-18 0.000866667 3.7661e-33 -2.92704e-17 8.07267e-18 -2.92704e-17 1.64908e-33
Plastic strain_mean -1.03533e-17 0.000492153 0 0.000492153 1.03533e-17 0 0 0 0
Plastic strain_rate_mean 0 0 0 0 0 0 0 0 0
Dissipation 0.00233356
End step 26
Begin step 27
Stress 9.13637e-13 75.2488 -7.75936e-13 75.2488 -1.0335e-12 1.18409e-12 -7.75936e-13 1.18409e-12 -3.59916e-14
Strain 0 0.0009 0 0.0009 0 0 0 0 0
Strain mean -2.39412e-19 0.0009 -3.87968e-18 0.0009 2.43149e-33 5.92045e-18 -3.87968e-18 5.92045e-18 -1.19468e-33
Plastic strain_mean -4.98755e-18 0.000523756 0 0.000523756 4.98755e-18 0 0 0 0
Plastic strain_rate_mean 0 0 0 0 0 0 0 0 0
Dissipation 0.00237156
End step 27
Begin step 28
Stress 1.65824e-12 75.534 1.7538e-12 75.534 -1.52865e-12 -2.55514e-12 1.7538e-12 -2.55514e-12 3.89086e-14
Strain 0 0.000933333 0 0.000933333 0 0 0 0 0
Strain mean 2.58816e-19 0.000933333 8.769e-18 0.000933333 7.11992e-33 -1.27757e-17 8.769e-18 -1.27757e-17 2.51274e-34
Plastic strain_mean -7.83782e-18 0.000555663 0 0.000555663 7.83782e-18 0 0 0 0
Plastic strain_rate_mean 0 0 0 0 0 0 0 0 0
Dissipation 0.00240309
End step 28
Begin step 29
Stress -1.6494e-13 75.7694 1.82572e-12 75.7694 2.15841e-13 -1.30899e-12 1.82572e-12 -1.30899e-12 1.5284e-14
Strain 0 0.000966667 0 0.000966667 0 0 0 0 0
Strain mean 1.01667e-19 0.000966667 9.12862e-18 0.000966667 1.09778e-32 -6.54496e-18 9.12862e-18 -6.54496e-18 -3.36662e-34
Plastic strain_mean 1.00279e-18 0.00058782 0 0.00058782 -1.00279e-18 0 0 0 0
Plastic strain_rate_mean 0 0 0 0 0 0 0 0 0
Dissipation 0.00242908
End step 29
Begin step 30
Stress -1.20484e-12 75.9639 -1.66827e-12 75.9639 1.29479e-12 -5.5895e-13 -1.66827e-12 -5.5895e-13 2.7009e-14
Strain 0 0.001 0 0.001 0 0 0 0 0
Strain mean 1.7966e-19 0.001 -8.34134e-18 0.001 2.17606e-31 -2.79475e-18 -8.34134e-18 -2.79475e-18 1.92179e-33
Plastic strain_mean 6.33888e-18 0.00062018 0 0.00062018 -6.33888e-18 0 0 0 0
Plastic strain_rate_mean 0 0 0 0 0 0 0 0 0
Dissipation 0.00245041
End step 30
