Begin step 0
Stress 0 0 0 0 0 0 0 0 0
Strain 0 0 0 0 0 0 0 0 0
Strain mean 0 0 0 0 0 0 0 0 0
Plastic strain_mean 0 0 0 0 0 0 0 0 0
Plastic strain_rate_mean 0 0 0 0 0 0 0 0 0
Dissipation 0
End step 0
Begin step 1
Stress -5.52249e-14 6.64532 -2.8918e-12 6.64532 5.41178e-14 1.69646e-12 -2.8918e-12 1.69646e-12 -3.32426e-16
Strain 0 3.33333e-05 0 3.33333e-05 0 0 0 0 0
Strain mean -2.21126e-21 3.33333e-05 -1.4459e-17 3.33333e-05 -3.15371e-33 8.48228e-18 -1.4459e-17 8.48228e-18 -1.6092e-33
Plastic strain_mean 2.72251e-19 1.06758e-07 0 1.06758e-07 -2.72251e-19 0 0 0 0
Plastic strain_rate_mean 0 0 0 0 0 0 0 0 0
Dissipation 7.09438e-07
End step 1
Begin step 2
Stress -6.77498e-14 13.2693 -2.53164e-13 13.2693 6.22579e-14 2.34018e-12 -2.53164e-13 2.34018e-12 -1.64903e-15
Strain 0 6.66667e-05 0 6.66667e-05 0 0 0 0 0
Strain mean -1.09692e-20 6.66667e-05 -1.26582e-18 6.66667e-05 -6.62038e-33 1.17009e-17 -1.26582e-18 1.17009e-17 1.61221e-33
Plastic strain_mean 3.19535e-19 3.19931e-07 0 3.19931e-07 -3.19535e-19 0 0 0 0
Plastic strain_rate_mean 0 0 0 0 0 0 0 0 0
Dissipation 2.82865e-06
End step 2
Begin step 3
Stress -8.19814e-14 19.8722 -2.46354e-13 19.8722 6.95178e-14 2.3314e-12 -2.46354e-13 2.3314e-12 -3.74239e-15
Strain 0 0.0001 0 0.0001 0 0 0 0 0
Strain mean -2.48939e-20 0.0001 -1.23177e-18 0.0001 1.92593e-33 1.1657e-17 -1.23177e-18 1.1657e-17 1.30452e-33
Plastic strain_mean 3.66301e-19 6.39178e-07 0 6.39178e-07 -3.66301e-19 0 0 0 0
Plastic strain_rate_mean 0 0 0 0 0 0 0 0 0
Dissipation 6.34405e-06
End step 3
Begin step 4
Stress -7.90651e-14 26.4538 -2.38786e-13 26.4538 8.39299e-14 2.32262e-12 -2.38786e-13 2.32262e-12 1.46071e-15
Strain 0 0.000133333 0 0.000133333 0 0 0 0 0
Strain mean 9.71648e-21 0.000133333 -1.19393e-18 0.000133333 8.08891e-33 1.16131e-17 -1.19393e-18 1.16131e-17 1.54601e-33
Plastic strain_mean 4.12346e-19 1.06416e-06 0 1.06416e-06 -4.12346e-19 0 0 0 0
Plastic strain_rate_mean 0 0 0 0 0 0 0 0 0
Dissipation 1.12422e-05
End step 4
Begin step 5
Stress -1.0481e-13 33.0144 -2.36388e-13 33.0144 8.5802e-14 2.31389e-12 -2.36388e-13 2.31389e-12 -5.70747e-15
Strain 0 0.000166667 0 0.000166667 0 0 0 0 0
Strain mean -3.79654e-20 0.000166667 -1.18194e-18 0.000166667 -1.11222e-32 1.15695e-17 -1.18194e-18 1.15695e-17 1.28571e-33
Plastic strain_mean 4.57548e-19 1.59453e-06 0 1.59453e-06 -4.57548e-19 0 0 0 0
Plastic strain_rate_mean 0 0 0 0 0 0 0 0 0
Dissipation 1.75096e-05
End step 5
Begin step 6
Stress -8.91639e-14 39.554 -2.39887e-13 39.554 1.05329e-13 2.30544e-12 -2.39887e-13 2.30544e-12 4.85375e-15
Strain 0 0.0002 0 0.0002 0 0 0 0 0
Strain mean 3.22866e-20 0.0002 -1.19944e-18 0.0002 3.32223e-33 1.15272e-17 -1.19944e-18 1.15272e-17 1.15556e-33
Plastic strain_mean 5.02375e-19 2.22996e-06 0 2.22996e-06 -5.02375e-19 0 0 0 0
Plastic strain_rate_mean 0 0 0 0 0 0 0 0 0
Dissipation 2.51331e-05
End step 6
Begin step 7
Stress -9.89355e-14 46.0725 -2.51985e-12 46.0725 1.07465e-13 1.57684e-12 -2.51985e-12 1.57684e-12 2.56116e-15
Strain 0 0.000233333 0 0.000233333 0 0 0 0 0
Strain mean 1.70365e-20 0.000233333 -1.25992e-17 0.000233333 -1.13148e-32 7.88418e-18 -1.25992e-17 7.88418e-18 3.22593e-33
Plastic strain_mean 5.2452e-19 2.97076e-06 0 2.97076e-06 -5.2452e-19 0 0 0 0
Plastic strain_rate_mean 0 0 0 0 0 0 0 0 0
Dissipation 3.41301e-05
End step 7
Begin step 8
Stress -1.87842e-13 52.5687 6.7577e-12 52.5687 1.661e-13 -4.99404e-12 6.7577e-12 -4.99404e-12 -6.52844e-15
Strain 0 0.000266667 0 0.000266667 0 0 0 0 0
Strain mean -4.34264e-20 0.000266667 3.37885e-17 0.000266667 6.25446e-32 -2.49702e-17 3.37885e-17 -2.49702e-17 7.15603e-33
Plastic strain_mean 8.63143e-19 3.82294e-06 0 3.82294e-06 -8.63143e-19 0 0 0 0
Plastic strain_rate_mean 0 0 0 0 0 0 0 0 0
Dissipation 4.47964e-05
End step 8
Begin step 9
Stress -8.82805e-14 59.037 8.47858e-13 59.037 1.09615e-13 -2.18968e-12 8.47858e-13 -2.18968e-12 6.40617e-15
Strain 0 0.0003 0 0.0003 0 0 0 0 0
Strain mean 4.26131e-20 0.0003 4.23929e-18 0.0003 -6.27131e-33 -1.09484e-17 4.23929e-18 -1.09484e-17 -1.02917e-33
Plastic strain_mean 5.16047e-19 4.81501e-06 0 4.81501e-06 -5.16047e-19 0 0 0 0
Plastic strain_rate_mean 0 0 0 0 0 0 0 0 0
Dissipation 5.8567e-05
End step 9
Begin step 10
Stress 3.99214e-15 65.4676 2.70861e-13 65.4676 1.88989e-14 -2.31356e-12 2.70861e-13 -2.31356e-12 6.87342e-15
Strain 0 0.000333333 0 0.000333333 0 0 0 0 0
Strain mean 4.57212e-20 0.000333333 1.3543e-18 0.000333333 2.91417e-31 -1.15678e-17 1.3543e-18 -1.15678e-17 -1.1676e-33
Plastic strain_mean 6.01276e-20 5.99553e-06 0 5.99553e-06 -6.01276e-20 0 0 0 0
Plastic strain_rate_mean 0 0 0 0 0 0 0 0 0
Dissipation 7.72833e-05
End step 10
Begin step 11
Stress -4.38436e-14 71.8442 2.66004e-12 71.8442 1.95128e-14 3.83906e-14 2.66004e-12 3.83906e-14 -7.30574e-15
Strain 0 0.000366667 0 0.000366667 0 0 0 0 0
Strain mean -4.85969e-20 0.000366667 1.33002e-17 0.000366667 4.23223e-32 1.91953e-19 1.33002e-17 1.91953e-19 -2.89341e-33
Plastic strain_mean 1.34093e-19 7.44582e-06 0 7.44582e-06 -1.34093e-19 0 0 0 0
Plastic strain_rate_mean 0 0 0 0 0 0 0 0 0
Dissipation 0.00010419
End step 11
Begin step 12
Stress 8.80597e-14 78.1367 -3.45071e-12 78.1367 -4.75858e-14 1.48444e-12 -3.45071e-12 1.48444e-12 1.21529e-14
Strain 0 0.0004 0 0.0004 0 0 0 0 0
Strain mean 8.08399e-20 0.0004 -1.72535e-17 0.0004 -3.55996e-33 7.42218e-18 -1.72535e-17 7.42218e-18 -5.97339e-34
Plastic strain_mean -2.98694e-19 9.31641e-06 0 9.31641e-06 2.98694e-19 0 0 0 0
Plastic strain_rate_mean 0 0 0 0 0 0 0 0 0
Dissipation 0.000146154
End step 12
Begin step 13
Stress -2.90381e-13 84.2828 7.34594e-12 84.2828 3.11701e-13 -3.62344e-12 7.34594e-12 -3.62344e-12 6.4018e-15
Strain 0 0.000433333 0 0.000433333 0 0 0 0 0
Strain mean 4.2584e-20 0.000433333 3.67297e-17 0.000433333 -2.15632e-31 -1.81172e-17 3.67297e-17 -1.81172e-17 7.48103e-33
Plastic strain_mean 1.5265e-18 1.19192e-05 0 1.19192e-05 -1.5265e-18 0 0 0 0
Plastic strain_rate_mean 0 0 0 0 0 0 0 0 0
Dissipation 0.000219353
End step 13
Begin step 14
Stress -2.14645e-14 90.1273 -1.42937e-12 90.1273 5.34597e-14 -4.87628e-12 -1.42937e-12 -4.87628e-12 9.60706e-15
Strain 0 0.000466667 0 0.000466667 0 0 0 0 0
Strain mean 6.39051e-20 0.000466667 -7.14685e-18 0.000466667 -3.27408e-33 -2.43814e-17 -7.14685e-18 -2.43814e-17 8.44701e-33
Plastic strain_mean 2.19263e-19 1.60302e-05 0 1.60302e-05 -2.19263e-19 0 0 0 0
Plastic strain_rate_mean 0 0 0 0 0 0 0 0 0
Dissipation 0.000370479
End step 14
Begin step 15
Stress 2.70956e-13 95.1838 2.3267e-12 95.1838 -2.89513e-13 4.51891e-12 2.3267e-12 4.51891e-12 -5.5721e-15
Strain 0 0.0005 0 0.0005 0 0 0 0 0
Strain mean -3.7065e-20 0.0005 1.16335e-17 0.0005 -1.77186e-32 2.25946e-17 1.16335e-17 2.25946e-17 -2.87385e-33
Plastic strain_mean -1.4197e-18 2.40808e-05 0 2.40808e-05 1.4197e-18 0 0 0 0
Plastic strain_rate_mean 0 0 0 0 0 0 0 0 0
Dissipation 0.000766189
End step 15
Begin step 16
Stress 3.99204e-13 98.1816 2.17813e-12 98.1816 -4.02142e-13 1.27363e-12 2.17813e-12 1.27363e-12 -8.82103e-16
Strain 0 0.000533333 0 0.000533333 0 0 0 0 0
Strain mean -5.86765e-21 0.000533333 1.08907e-17 0.000533333 -1.21093e-32 6.36813e-18 1.08907e-17 6.36813e-18 3.00475e-33
Plastic strain_mean -2.0063e-18 4.24251e-05 0 4.24251e-05 2.0063e-18 0 0 0 0
Plastic strain_rate_mean 0 0 0 0 0 0 0 0 0
Dissipation 0.00180068
End step 16
Begin step 17
Stress -6.19249e-13 99.0632 -2.25283e-12 99.0632 6.26331e-13 1.03047e-11 -2.25283e-12 1.03047e-11 2.12665e-15
Strain 0 0.000566667 0 0.000566667 0 0 0 0 0
Strain mean 1.41463e-20 0.000566667 -1.12641e-17 0.000566667 2.16667e-33 5.15235e-17 -1.12641e-17 5.15235e-17 -2.51575e-33
Plastic strain_mean 3.12102e-18 7.13506e-05 0 7.13506e-05 -3.12102e-18 0 0 0 0
Plastic strain_rate_mean 0 0 0 0 0 0 0 0 0
Dissipation 0.00286459
End step 17
Begin step 18
Stress -3.2161e-12 99.2476 2.28819e-13 99.2476 3.22631e-12 -1.73305e-12 2.28819e-13 -1.73305e-12 3.06553e-15
Strain 0 0.0006 0 0.0006 0 0 0 0 0
Strain mean 2.03915e-20 0.0006 1.1441e-18 0.0006 4.66845e-31 -8.66523e-18 1.1441e-18 -8.66523e-18 -1.15857e-33
Plastic strain_mean 1.61162e-17 0.000103762 0 0.000103762 -1.61162e-17 0 0 0 0
Plastic strain_rate_mean 0 0 0 0 0 0 0 0 0
Dissipation 0.00321555
End step 18
Begin step 19
Stress -1.83719e-13 99.298 5.97346e-13 99.298 1.72026e-13 -2.88558e-12 5.97346e-13 -2.88558e-12 -3.51095e-15
Strain 0 0.000633333 0 0.000633333 0 0 0 0 0
Strain mean -2.33544e-20 0.000633333 2.98673e-18 0.000633333 1.81037e-32 -1.44279e-17 2.98673e-18 -1.44279e-17 -2.56389e-33
Plastic strain_mean 8.77686e-19 0.000136843 0 0.000136843 -8.77686e-19 0 0 0 0
Plastic strain_rate_mean 0 0 0 0 0 0 0 0 0
Dissipation 0.00328339
End step 19
Begin step 20
Stress -9.58294e-13 99.3255 -2.71385e-13 99.3255 9.5604e-13 -1.63099e-12 -2.71385e-13 -1.63099e-12 -6.76861e-16
Strain 0 0.000666667 0 0.000666667 0 0 0 0 0
Strain mean -4.5024e-21 0.000666667 -1.35693e-18 0.000666667 7.70372e-34 -8.15494e-18 -1.35693e-18 -8.15494e-18 -6.73699e-34
Plastic strain_mean 4.78358e-18 0.000170039 0 0.000170039 -4.78358e-18 0 0 0 0
Plastic strain_rate_mean 0 0 0 0 0 0 0 0 0
Dissipation 0.0032955
End step 20
Begin step 21
Stress -1.02451e-12 99.3488 -2.83384e-13 99.3488 1.05928e-12 -1.06126e-12 -2.83384e-13 -1.06126e-12 1.04411e-14
Strain 0 0.0007 0 0.0007 0 0 0 0 0
Strain mean 6.94532e-20 0.0007 -1.41692e-18 0.0007 -4.60418e-34 -5.30628e-18 -1.41692e-18 -5.30628e-18 -1.39743e-33
Plastic strain_mean 5.24421e-18 0.000203256 0 0.000203256 -5.24421e-18 0 0 0 0
Plastic strain_rate_mean 0 0 0 0 0 0 0 0 0
Dissipation 0.00329815
End step 21
Begin step 22
Stress -6.97256e-13 99.3711 -5.39271e-12 99.3711 6.10055e-13 -2.93238e-13 -5.39271e-12 -2.93238e-13 -2.61836e-14
Strain 0 0.000733333 0 0.000733333 0 0 0 0 0
Strain mean -1.7417e-19 0.000733333 -2.69636e-17 0.000733333 -1.02315e-34 -1.46619e-18 -2.69636e-17 -1.46619e-18 3.18982e-33
Plastic strain_mean 3.18119e-18 0.000236478 0 0.000236478 -3.18119e-18 0 0 0 0
Plastic strain_rate_mean 0 0 0 0 0 0 0 0 0
Dissipation 0.00329921
End step 22
Begin step 23
Stress -1.32415e-12 99.393 -6.35325e-12 99.393 1.4246e-12 -9.31551e-13 -6.35325e-12 -9.31551e-13 3.01618e-14
Strain 0 0.000766667 0 0.000766667 0 0 0 0 0
Strain mean 2.00633e-19 0.000766667 -3.17662e-17 0.000766667 4.45371e-34 -4.65775e-18 -3.17662e-17 -4.65775e-18 4.88404e-33
Plastic strain_mean 6.9722e-18 0.000269702 0 0.000269702 -6.9722e-18 0 0 0 0
Plastic strain_rate_mean 0 0 0 0 0 0 0 0 0
Dissipation 0.00329997
End step 23
Begin step 24
Stress -1.26546e-12 99.4146 -5.36339e-12 99.4146 1.28647e-12 -6.5977e-13 -5.36339e-12 -6.5977e-13 6.31009e-15
Strain 0 0.0008 0 0.0008 0 0 0 0 0
Strain mean 4.1974e-20 0.0008 -2.68169e-17 0.0008 2.4676e-33 -3.29885e-18 -2.68169e-17 -3.29885e-18 3.64347e-33
Plastic strain_mean 6.4008e-18 0.000302927 0 0.000302927 -6.4008e-18 0 0 0 0
Plastic strain_rate_mean 0 0 0 0 0 0 0 0 0
Dissipation 0.00330065
End step 24
Begin step 25
Stress -1.12574e-12 99.436 -4.45917e-12 99.436 1.1683e-12 -4.67553e-13 -4.45917e-12 -4.67553e-13 1.27774e-14
Strain 0 0.000833333 0 0.000833333 0 0 0 0 0
Strain mean 8.49938e-20 0.000833333 -2.22959e-17 0.000833333 -7.22224e-34 -2.33776e-18 -2.22959e-17 -2.33776e-18 4.5485e-33
Plastic strain_mean 5.7776e-18 0.000336153 0 0.000336153 -5.7776e-18 0 0 0 0
Plastic strain_rate_mean 0 0 0 0 0 0 0 0 0
Dissipation 0.0033013
End step 25
Begin step 26
Stress -1.05625e-12 99.4573 -3.80443e-12 99.4573 1.00878e-12 -3.35766e-13 -3.80443e-12 -3.35766e-13 -1.42534e-14
Strain 0 0.000866667 0 0.000866667 0 0 0 0 0
Strain mean -9.48119e-20 0.000866667 -1.90222e-17 0.000866667 6.9815e-34 -1.67883e-18 -1.90222e-17 -1.67883e-18 2.99083e-33
Plastic strain_mean 5.11516e-18 0.00036938 0 0.00036938 -5.11516e-18 0 0 0 0
Plastic strain_rate_mean 0 0 0 0 0 0 0 0 0
Dissipation 0.00330194
End step 26
Begin step 27
Stress -9.94827e-13 99.4784 -3.21999e-12 99.4784 9.2595e-13 -2.4547e-13 -3.21999e-12 -2.4547e-13 -2.06814e-14
Strain 0 0.0009 0 0.0009 0 0 0 0 0
Strain mean -1.3757e-19 0.0009 -1.60999e-17 0.0009 -9.99076e-34 -1.22735e-18 -1.60999e-17 -1.22735e-18 2.55938e-33
Plastic strain_mean 4.73316e-18 0.000402608 0 0.000402608 -4.73316e-18 0 0 0 0
Plastic strain_rate_mean 0 0 0 0 0 0 0 0 0
Dissipation 0.00330256
End step 27
Begin step 28
Stress -7.93844e-13 99.4994 -2.73601e-12 99.4994 8.45138e-13 -1.85728e-13 -2.73601e-12 -1.85728e-13 1.54019e-14
Strain 0 0.000933333 0 0.000933333 0 0 0 0 0
Strain mean 1.02451e-19 0.000933333 -1.36801e-17 0.000933333 2.44352e-33 -9.28642e-19 -1.36801e-17 -9.28642e-19 2.10009e-33
Plastic strain_mean 4.14868e-18 0.000435836 0 0.000435836 -4.14868e-18 0 0 0 0
Plastic strain_rate_mean 0 0 0 0 0 0 0 0 0
Dissipation 0.00330317
End step 28
Begin step 29
Stress -7.34259e-13 99.5203 -2.42054e-12 99.5203 7.31612e-13 -1.40903e-13 -2.42054e-12 -1.40903e-13 -7.94766e-16
Strain 0 0.000966667 0 0.000966667 0 0 0 0 0
Strain mean -5.28669e-21 0.000966667 -1.21027e-17 0.000966667 -1.80556e-35 -7.04515e-19 -1.21027e-17 -7.04515e-19 2.02223e-33
Plastic strain_mean 3.66204e-18 0.000469065 0 0.000469065 -3.66204e-18 0 0 0 0
Plastic strain_rate_mean 0 0 0 0 0 0 0 0 0
Dissipation 0.00330378
End step 29
Begin step 30
Stress -7.42049e-13 99.5411 -2.08527e-12 99.5411 6.4525e-13 -1.12837e-13 -2.08527e-12 -1.12837e-13 -2.90657e-14
Strain 0 0.001 0 0.001 0 0 0 0 0
Strain mean -1.93342e-19 0.001 -1.04264e-17 0.001 3.85186e-34 -5.64183e-19 -1.04264e-17 -5.64183e-19 1.66412e-33
Plastic strain_mean 3.37158e-18 0.000502295 0 0.000502295 -3.37158e-18 0 0 0 0
Plastic strain_rate_mean 0 0 0 0 0 0 0 0 0
Dissipation 0.00330438
End step 30
