Begin step 0
Stress 0 0 0 0 0 0 0 0 0
Strain 0 0 0 0 0 0 0 0 0
Strain mean 0 0 0 0 0 0 0 0 0
Plastic strain_mean 0 0 0 0 0 0 0 0 0
Plastic strain_rate_mean 0 0 0 0 0 0 0 0 0
Dissipation 0
End step 0
Begin step 1
Stress -1.27081e-15 6.66667 4.37433e-16 6.66667 -5.45281e-16 3.80221e-18 4.37433e-16 3.80221e-18 -5.4531e-16
Strain 0 3.33333e-05 0 3.33333e-05 0 0 0 0 0
Strain mean -3.62734e-21 3.33333e-05 2.18716e-21 3.33333e-05 -9.5215e-37 1.9011e-23 2.18716e-21 1.9011e-23 -4.73136e-37
Plastic strain_mean 1.43011e-25 9.68467e-20 0 9.68467e-20 -1.43011e-25 0 0 0 0
Plastic strain_rate_mean 0 0 0 0 0 0 0 0 0
Dissipation 6.45644e-19
End step 1
Begin step 2
Stress 1.02015e-15 13.3333 -4.27675e-15 13.3333 4.37811e-16 1.04082e-16 -4.27675e-15 1.04082e-16 4.37776e-16
Strain 0 6.66667e-05 0 6.66667e-05 0 0 0 0 0
Strain mean 2.91204e-21 6.66667e-05 -2.13837e-20 6.66667e-05 -5.93625e-37 5.20411e-22 -2.13837e-20 5.20411e-22 1.43557e-36
Plastic strain_mean 1.72511e-25 5.61095e-16 0 5.61095e-16 -1.72511e-25 0 0 0 0
Plastic strain_rate_mean 0 0 0 0 0 0 0 0 0
Dissipation 7.47997e-15
End step 2
Begin step 3
Stress -6.14557e-15 20 -6.85567e-16 20 -2.63492e-15 -9.37812e-17 -6.85567e-16 -9.37812e-17 -2.63648e-15
Strain 0 0.0001 0 0.0001 0 0 0 0 0
Strain mean -1.75376e-20 0.0001 -3.42784e-21 0.0001 2.17466e-37 -4.68906e-22 -3.42784e-21 -4.68906e-22 -1.90944e-36
Plastic strain_mean 7.83914e-24 8.97071e-14 0 8.97071e-14 -7.83914e-24 0 0 0 0
Plastic strain_rate_mean 0 0 0 0 0 0 0 0 0
Dissipation 1.78292e-12
End step 3
Begin step 4
Stress 1.38113e-15 26.6667 1.43199e-14 26.6667 6.04019e-16 -3.18454e-16 1.43199e-14 -3.18454e-16 5.96075e-16
Strain 0 0.000133333 0 0.000133333 0 0 0 0 0
Strain mean 3.96502e-21 0.000133333 7.15995e-20 0.000133333 7.37035e-36 -1.59227e-21 7.15995e-20 -1.59227e-21 -4.173e-36
Plastic strain_mean 3.97194e-23 3.33935e-12 0 3.33935e-12 -3.97194e-23 0 0 0 0
Plastic strain_rate_mean 0 0 0 0 0 0 0 0 0
Dissipation 8.66572e-11
End step 4
Begin step 5
Stress -1.03573e-14 33.3333 -8.09433e-13 33.3333 -3.57874e-15 3.02458e-13 -8.09433e-13 3.02458e-13 -4.18453e-15
Strain 0 0.000166667 0 0.000166667 0 0 0 0 0
Strain mean -2.7835e-20 0.000166667 -4.04716e-18 0.000166667 -1.89584e-34 1.51229e-18 -4.04716e-18 1.51229e-18 -2.1441e-34
Plastic strain_mean 3.02896e-21 5.62092e-11 0 5.62092e-11 -3.02896e-21 0 0 0 0
Plastic strain_rate_mean 0 0 0 0 0 0 0 0 0
Dissipation 1.76233e-09
End step 5
Begin step 6
Stress 1.52213e-14 39.9999 3.98678e-13 39.9999 -3.01947e-15 2.21805e-12 3.98678e-13 2.21805e-12 3.66379e-15
Strain 0 0.0002 0 0.0002 0 0 0 0 0
Strain mean 2.43711e-20 0.0002 1.99339e-18 0.0002 -3.03936e-34 1.10903e-17 1.99339e-18 1.10903e-17 -8.70794e-34
Plastic strain_mean -3.34163e-20 5.72579e-10 0 5.72579e-10 3.34163e-20 0 0 0 0
Plastic strain_rate_mean 0 0 0 0 0 0 0 0 0
Dissipation 2.06547e-08
End step 6
Begin step 7
Stress 2.93146e-14 46.6658 -4.62286e-12 46.6658 -2.20648e-14 2.15323e-12 -4.62286e-12 2.15323e-12 2.17687e-15
Strain 0 0.000233333 0 0.000233333 0 0 0 0 0
Strain mean 1.44803e-20 0.000233333 -2.31143e-17 0.000233333 1.44445e-34 1.07661e-17 -2.31143e-17 1.07661e-17 -2.10573e-33
Plastic strain_mean -1.21208e-19 4.11839e-09 0 4.11839e-09 1.21208e-19 0 0 0 0
Plastic strain_rate_mean 0 0 0 0 0 0 0 0 0
Dissipation 1.65468e-07
End step 7
Begin step 8
Stress 6.97316e-14 53.3287 -4.48566e-12 53.3287 -5.52756e-14 1.17039e-12 -4.48566e-12 1.17039e-12 4.34065e-15
Strain 0 0.000266667 0 0.000266667 0 0 0 0 0
Strain mean 2.88735e-20 0.000266667 -2.24283e-17 0.000266667 5.65742e-34 5.85193e-18 -2.24283e-17 5.85193e-18 -2.24491e-33
Plastic strain_mean -2.98081e-19 2.29221e-08 0 2.29221e-08 2.98081e-19 0 0 0 0
Plastic strain_rate_mean 0 0 0 0 0 0 0 0 0
Dissipation 1.00278e-06
End step 8
Begin step 9
Stress 6.64999e-14 59.9791 -1.86283e-12 59.9791 -7.99815e-14 -3.82515e-13 -1.86283e-12 -3.82515e-13 -4.04807e-15
Strain 0 0.0003 0 0.0003 0 0 0 0 0
Strain mean -2.69273e-20 0.0003 -9.31414e-18 0.0003 -5.05557e-34 -1.91258e-18 -9.31414e-18 -1.91258e-18 -1.52946e-33
Plastic strain_mean -3.79667e-19 1.04621e-07 0 1.04621e-07 3.79667e-19 0 0 0 0
Plastic strain_rate_mean 0 0 0 0 0 0 0 0 0
Dissipation 4.90023e-06
End step 9
Begin step 10
Stress -2.1026e-14 66.5854 -1.92101e-12 66.5854 5.8264e-14 2.33033e-12 -1.92101e-12 2.33033e-12 1.11813e-14
Strain 0 0.000333333 0 0.000333333 0 0 0 0 0
Strain mean 7.43768e-20 0.000333333 -9.60504e-18 0.000333333 7.84816e-33 1.16517e-17 -9.60504e-18 1.16517e-17 -1.14352e-33
Plastic strain_mean 2.35413e-19 4.06228e-07 0 4.06228e-07 -2.35413e-19 0 0 0 0
Plastic strain_rate_mean 0 0 0 0 0 0 0 0 0
Dissipation 2.00825e-05
End step 10
Begin step 11
Stress -4.06155e-13 73.0597 2.02092e-13 73.0597 4.17397e-13 -2.15333e-12 2.02092e-13 -2.15333e-12 3.37557e-15
Strain 0 0.000366667 0 0.000366667 0 0 0 0 0
Strain mean 2.24539e-20 0.000366667 1.01046e-18 0.000366667 -8.95557e-33 -1.07667e-17 1.01046e-18 -1.07667e-17 4.87651e-33
Plastic strain_mean 2.07011e-18 1.36811e-06 0 1.36811e-06 -2.07011e-18 0 0 0 0
Plastic strain_rate_mean 0 0 0 0 0 0 0 0 0
Dissipation 7.02743e-05
End step 11
Begin step 12
Stress -8.62059e-14 79.1991 -3.76981e-12 79.1991 8.83728e-14 -4.93952e-12 -3.76981e-12 -4.93952e-12 6.5066e-16
Strain 0 0.0004 0 0.0004 0 0 0 0 0
Strain mean 4.32812e-21 0.0004 -1.88491e-17 0.0004 1.29037e-32 -2.46976e-17 -1.88491e-17 -2.46976e-17 8.59145e-33
Plastic strain_mean 4.38611e-19 4.00449e-06 0 4.00449e-06 -4.38611e-19 0 0 0 0
Plastic strain_rate_mean 0 0 0 0 0 0 0 0 0
Dissipation 0.000208794
End step 12
Begin step 13
Stress 2.40465e-14 84.6543 1.99063e-13 84.6543 3.67443e-14 6.99392e-12 1.99063e-13 6.99392e-12 1.82534e-14
Strain 0 0.000433333 0 0.000433333 0 0 0 0 0
Strain mean 1.2142e-19 0.000433333 9.95315e-19 0.000433333 1.976e-31 3.49696e-17 9.95315e-19 3.49696e-17 -3.43282e-33
Plastic strain_mean 9.24542e-20 1.00621e-05 0 1.00621e-05 -9.24542e-20 0 0 0 0
Plastic strain_rate_mean 0 0 0 0 0 0 0 0 0
Dissipation 0.000512773
End step 13
Begin step 14
Stress 1.6049e-13 89.0446 -1.7436e-12 89.0446 -1.66569e-13 4.25081e-13 -1.7436e-12 4.25081e-13 -1.82534e-15
Strain 0 0.000466667 0 0.000466667 0 0 0 0 0
Strain mean -1.2142e-20 0.000466667 -8.71798e-18 0.000466667 -3.08149e-33 2.1254e-18 -8.71798e-18 2.1254e-18 -1.57084e-33
Plastic strain_mean -8.2372e-19 2.14437e-05 0 2.14437e-05 8.2372e-19 0 0 0 0
Plastic strain_rate_mean 0 0 0 0 0 0 0 0 0
Dissipation 0.00101338
End step 14
Begin step 15
Stress 5.97087e-13 92.2003 -6.5829e-13 92.2003 -6.19266e-13 7.62909e-14 -6.5829e-13 7.62909e-14 -6.65944e-15
Strain 0 0.0005 0 0.0005 0 0 0 0 0
Strain mean -4.42978e-20 0.0005 -3.29145e-18 0.0005 -3.70501e-32 3.81454e-19 -3.29145e-18 3.81454e-19 1.28947e-33
Plastic strain_mean -3.06303e-18 3.89985e-05 0 3.89985e-05 3.06303e-18 0 0 0 0
Plastic strain_rate_mean 0 0 0 0 0 0 0 0 0
Dissipation 0.00161828
End step 15
Begin step 16
Stress 5.58149e-13 94.2545 6.05582e-13 94.2545 -5.24903e-13 -2.12412e-12 6.05582e-13 -2.12412e-12 9.98261e-15
Strain 0 0.000533333 0 0.000533333 0 0 0 0 0
Strain mean 6.64032e-20 0.000533333 3.02791e-18 0.000533333 -1.02556e-32 -1.06206e-17 3.02791e-18 -1.06206e-17 -2.32626e-33
Plastic strain_mean -2.67443e-18 6.20606e-05 0 6.20606e-05 2.67443e-18 0 0 0 0
Plastic strain_rate_mean 0 0 0 0 0 0 0 0 0
Dissipation 0.00217315
End step 16
Begin step 17
Stress 1.07371e-12 95.5015 2.36568e-13 95.5015 -1.09969e-12 3.30389e-13 2.36568e-13 3.30389e-13 -7.79919e-15
Strain 0 0.000566667 0 0.000566667 0 0 0 0 0
Strain mean -5.18793e-20 0.000566667 1.18284e-18 0.000566667 -7.49909e-33 1.65194e-18 1.18284e-18 1.65194e-18 -2.15233e-34
Plastic strain_mean -5.45944e-18 8.91593e-05 0 8.91593e-05 5.45944e-18 0 0 0 0
Plastic strain_rate_mean 0 0 0 0 0 0 0 0 0
Dissipation 0.00258704
End step 17
Begin step 18
Stress -5.6217e-13 96.2286 -3.98996e-13 96.2286 5.15457e-13 -5.14621e-13 -3.98996e-13 -5.14621e-13 -1.40263e-14
Strain 0 0.0006 0 0.0006 0 0 0 0 0
Strain mean -9.33014e-20 0.0006 -1.99498e-18 0.0006 -2.7279e-33 -2.57311e-18 -1.99498e-18 -2.57311e-18 -8.68173e-34
Plastic strain_mean 2.64742e-18 0.000118857 0 0.000118857 -2.64742e-18 0 0 0 0
Plastic strain_rate_mean 0 0 0 0 0 0 0 0 0
Dissipation 0.00285644
End step 18
Begin step 19
Stress 6.45464e-13 96.6464 4.79288e-13 96.6464 -6.43748e-13 5.7159e-13 4.79288e-13 5.7159e-13 5.15288e-16
Strain 0 0.000633333 0 0.000633333 0 0 0 0 0
Strain mean 3.42764e-21 0.000633333 2.39644e-18 0.000633333 -2.92012e-33 2.85795e-18 2.39644e-18 2.85795e-18 -7.72629e-34
Plastic strain_mean -3.22132e-18 0.000150101 0 0.000150101 3.22132e-18 0 0 0 0
Plastic strain_rate_mean 0 0 0 0 0 0 0 0 0
Dissipation 0.00301798
End step 19
Begin step 20
Stress -8.90733e-14 96.888 -4.31919e-14 96.888 7.91257e-14 1.20335e-12 -4.31919e-14 1.20335e-12 -2.98692e-15
Strain 0 0.000666667 0 0.000666667 0 0 0 0 0
Strain mean -1.98687e-20 0.000666667 -2.15959e-19 0.000666667 -6.14642e-34 6.01676e-18 -2.15959e-19 6.01676e-18 3.07697e-33
Plastic strain_mean 4.10563e-19 0.000182227 0 0.000182227 -4.10563e-19 0 0 0 0
Plastic strain_rate_mean 0 0 0 0 0 0 0 0 0
Dissipation 0.00311048
End step 20
Begin step 21
Stress 1.30505e-12 97.0318 7.48315e-13 97.0318 -1.36225e-12 -1.88008e-12 7.48315e-13 -1.88008e-12 -1.71748e-14
Strain 0 0.0007 0 0.0007 0 0 0 0 0
Strain mean -1.14245e-19 0.0007 3.74157e-18 0.0007 2.21482e-32 -9.40041e-18 3.74157e-18 -9.40041e-18 1.0382e-33
Plastic strain_mean -6.72539e-18 0.000214841 0 0.000214841 6.72539e-18 0 0 0 0
Plastic strain_rate_mean 0 0 0 0 0 0 0 0 0
Dissipation 0.0031622
End step 21
Begin step 22
Stress -1.80632e-13 97.1219 -2.98733e-12 97.1219 1.67282e-13 4.73681e-12 -2.98733e-12 4.73681e-12 -4.00877e-15
Strain 0 0.000733333 0 0.000733333 0 0 0 0 0
Strain mean -2.66659e-20 0.000733333 -1.49366e-17 0.000733333 -1.15556e-33 2.3684e-17 -1.49366e-17 2.3684e-17 1.89885e-33
Plastic strain_mean 8.56453e-19 0.000247724 0 0.000247724 -8.56453e-19 0 0 0 0
Plastic strain_rate_mean 0 0 0 0 0 0 0 0 0
Dissipation 0.00319086
End step 22
Begin step 23
Stress -5.174e-13 97.1828 -7.90724e-13 97.1828 5.59285e-13 -2.25767e-13 -7.90724e-13 -2.25767e-13 1.25765e-14
Strain 0 0.000766667 0 0.000766667 0 0 0 0 0
Strain mean 8.36576e-20 0.000766667 -3.95362e-18 0.000766667 5.97038e-33 -1.12883e-18 -3.95362e-18 -1.12883e-18 1.23982e-33
Plastic strain_mean 2.73354e-18 0.000280752 0 0.000280752 -2.73354e-18 0 0 0 0
Plastic strain_rate_mean 0 0 0 0 0 0 0 0 0
Dissipation 0.00320677
End step 23
Begin step 24
Stress -2.69227e-13 97.2278 3.80071e-13 97.2278 2.49638e-13 9.4632e-14 3.80071e-13 9.4632e-14 -5.88214e-15
Strain 0 0.0008 0 0.0008 0 0 0 0 0
Strain mean -3.91273e-20 0.0008 1.90036e-18 0.0008 4.5139e-33 4.7316e-19 1.90036e-18 4.7316e-19 -8.69678e-34
Plastic strain_mean 1.2776e-18 0.000313861 0 0.000313861 -1.2776e-18 0 0 0 0
Plastic strain_rate_mean 0 0 0 0 0 0 0 0 0
Dissipation 0.00321571
End step 24
Begin step 25
Stress -1.03701e-12 97.2641 5.5217e-13 97.2641 1.03392e-12 7.89372e-16 5.5217e-13 7.89372e-16 -9.25772e-16
Strain 0 0.000833333 0 0.000833333 0 0 0 0 0
Strain mean -6.15813e-21 0.000833333 2.76085e-18 0.000833333 -2.8913e-32 3.94686e-21 2.76085e-18 3.94686e-21 5.6198e-34
Plastic strain_mean 5.17424e-18 0.000347013 0 0.000347013 -5.17424e-18 0 0 0 0
Plastic strain_rate_mean 0 0 0 0 0 0 0 0 0
Dissipation 0.00322087
End step 25
Begin step 26
Stress 1.26311e-13 97.2955 -9.08478e-13 97.2955 -2.24332e-13 -1.45729e-12 -9.08478e-13 -1.45729e-12 -2.94326e-14
Strain 0 0.000866667 0 0.000866667 0 0 0 0 0
Strain mean -1.95782e-19 0.000866667 -4.54239e-18 0.000866667 1.98973e-32 -7.28644e-18 -4.54239e-18 -7.28644e-18 1.04422e-33
Plastic strain_mean -9.74498e-19 0.000380189 0 0.000380189 9.74498e-19 0 0 0 0
Plastic strain_rate_mean 0 0 0 0 0 0 0 0 0
Dissipation 0.00322398
End step 26
Begin step 27
Stress 9.02679e-14 97.3243 -7.82968e-13 97.3243 -1.9815e-13 -1.1663e-13 -7.82968e-13 -1.1663e-13 -3.23933e-14
Strain 0 0.0009 0 0.0009 0 0 0 0 0
Strain mean -2.15476e-19 0.0009 -3.91484e-18 0.0009 3.3463e-33 -5.83151e-19 -3.91484e-18 -5.83151e-19 6.82351e-34
Plastic strain_mean -8.28782e-19 0.000413379 0 0.000413379 8.28782e-19 0 0 0 0
Plastic strain_rate_mean 0 0 0 0 0 0 0 0 0
Dissipation 0.00322598
End step 27
Begin step 28
Stress 2.20297e-13 97.3515 -7.13822e-13 97.3515 -1.05856e-13 -1.44593e-13 -7.13822e-13 -1.44593e-13 3.43627e-14
Strain 0 0.000933333 0 0.000933333 0 0 0 0 0
Strain mean 2.28577e-19 0.000933333 -3.56911e-18 0.000933333 -1.55278e-33 -7.22964e-19 -3.56911e-18 -7.22964e-19 2.54471e-34
Plastic strain_mean -7.01094e-19 0.000446576 0 0.000446576 7.01094e-19 0 0 0 0
Plastic strain_rate_mean 0 0 0 0 0 0 0 0 0
Dissipation 0.00322738
End step 28
Begin step 29
Stress 2.64601e-14 97.3778 -1.6379e-13 97.3778 2.54883e-14 -1.96251e-12 -1.6379e-13 -1.96251e-12 1.55984e-14
Strain 0 0.000966667 0 0.000966667 0 0 0 0 0
Strain mean 1.03759e-19 0.000966667 -8.18951e-19 0.000966667 -6.83705e-33 -9.81257e-18 -8.18951e-19 -9.81257e-18 1.99213e-33
Plastic strain_mean 4.94498e-20 0.000479778 0 0.000479778 -4.94498e-20 0 0 0 0
Plastic strain_rate_mean 0 0 0 0 0 0 0 0 0
Dissipation 0.00322846
End step 29
Begin step 30
Stress -2.55981e-13 97.4035 1.11195e-13 97.4035 3.24218e-13 -9.83745e-13 1.11195e-13 -9.83745e-13 2.04892e-14
Strain 0 0.001 0 0.001 0 0 0 0 0
Strain mean 1.36292e-19 0.001 5.55973e-19 0.001 6.28335e-33 -4.91872e-18 5.55973e-19 -4.91872e-18 1.00359e-33
Plastic strain_mean 1.51865e-18 0.000512983 0 0.000512983 -1.51865e-18 0 0 0 0
Plastic strain_rate_mean 0 0 0 0 0 0 0 0 0
Dissipation 0.00322936
End step 30
