Begin step 0
Stress 0 0 0 0 0 0 0 0 0
Strain 0 0 0 0 0 0 0 0 0
Strain mean 0 0 0 0 0 0 0 0 0
Plastic strain_mean 0 0 0 0 0 0 0 0 0
Plastic strain_rate_mean 0 0 0 0 0 0 0 0 0
Dissipation 0
End step 0
Begin step 1
Stress -7.26662e-16 6.66281 -1.20617e-12 6.66281 4.74423e-15 2.21665e-12 -1.20617e-12 2.21665e-12 1.20634e-15
Strain 0 3.33333e-05 0 3.33333e-05 0 0 0 0 0
Strain mean 8.02445e-21 3.33333e-05 -6.03084e-18 3.33333e-05 1.76945e-33 1.10833e-17 -6.03084e-18 1.10833e-17 1.77095e-33
Plastic strain_mean 1.76895e-20 1.92671e-08 0 1.92671e-08 -1.76895e-20 0 0 0 0
Plastic strain_rate_mean 0 0 0 0 0 0 0 0 0
Dissipation 1.28373e-07
End step 1
Begin step 2
Stress -4.96732e-14 13.3218 -5.78082e-12 13.3218 4.8368e-14 -6.28392e-12 -5.78082e-12 -6.28392e-12 -3.91925e-16
Strain 0 6.66667e-05 0 6.66667e-05 0 0 0 0 0
Strain mean -2.60704e-21 6.66667e-05 -2.89041e-17 6.66667e-05 1.77186e-32 -3.14196e-17 -2.89041e-17 -3.14196e-17 8.39585e-34
Plastic strain_mean 2.43799e-19 5.77903e-08 0 5.77903e-08 -2.43799e-19 0 0 0 0
Plastic strain_rate_mean 0 0 0 0 0 0 0 0 0
Dissipation 5.13196e-07
End step 2
Begin step 3
Stress -9.35213e-14 19.9769 -5.65723e-12 19.9769 9.27032e-14 -6.19216e-12 -5.65723e-12 -6.19216e-12 -2.45635e-16
Strain 0 0.0001 0 0.0001 0 0 0 0 0
Strain mean -1.63394e-21 0.0001 -2.82861e-17 0.0001 1.02267e-31 -3.09608e-17 -2.82861e-17 -3.09608e-17 1.27593e-33
Plastic strain_mean 4.64744e-19 1.15558e-07 0 1.15558e-07 -4.64744e-19 0 0 0 0
Plastic strain_rate_mean 0 0 0 0 0 0 0 0 0
Dissipation 1.15402e-06
End step 3
Begin step 4
Stress -1.37925e-13 26.6282 -5.72198e-12 26.6282 1.37431e-13 -6.2339e-12 -5.72198e-12 -6.2339e-12 -1.48473e-16
Strain 0 0.000133333 0 0.000133333 0 0 0 0 0
Strain mean -9.87624e-22 0.000133333 -2.86099e-17 0.000133333 1.31348e-31 -3.11695e-17 -2.86099e-17 -3.11695e-17 9.68984e-34
Plastic strain_mean 6.87897e-19 1.9256e-07 0 1.9256e-07 -6.87897e-19 0 0 0 0
Plastic strain_rate_mean 0 0 0 0 0 0 0 0 0
Dissipation 2.05041e-06
End step 4
Begin step 5
Stress -1.84094e-13 33.2756 -5.70735e-12 33.2756 1.81105e-13 -6.21751e-12 -5.70735e-12 -6.21751e-12 -8.97387e-16
Strain 0 0.000166667 0 0.000166667 0 0 0 0 0
Strain mean -5.96932e-21 0.000166667 -2.85368e-17 0.000166667 1.75452e-31 -3.10876e-17 -2.85368e-17 -3.10876e-17 7.31252e-34
Plastic strain_mean 9.10012e-19 2.88784e-07 0 2.88784e-07 -9.10012e-19 0 0 0 0
Plastic strain_rate_mean 0 0 0 0 0 0 0 0 0
Dissipation 3.2019e-06
End step 5
Begin step 6
Stress -2.38811e-13 39.9192 -5.7142e-12 39.9192 2.2101e-13 -6.21384e-12 -5.7142e-12 -6.21384e-12 -5.34502e-15
Strain 0 0.0002 0 0.0002 0 0 0 0 0
Strain mean -3.55545e-20 0.0002 -2.8571e-17 0.0002 1.3963e-31 -3.10692e-17 -2.8571e-17 -3.10692e-17 1.3301e-33
Plastic strain_mean 1.13178e-18 4.04219e-07 0 4.04219e-07 -1.13178e-18 0 0 0 0
Plastic strain_rate_mean 0 0 0 0 0 0 0 0 0
Dissipation 4.60807e-06
End step 6
Begin step 7
Stress -3.40177e-13 46.5589 -2.47363e-12 46.5589 3.43959e-13 -4.24707e-12 -2.47363e-12 -4.24707e-12 1.13538e-15
Strain 0 0.000233333 0 0.000233333 0 0 0 0 0
Strain mean 7.55242e-21 0.000233333 -1.23681e-17 0.000233333 2.09445e-33 -2.12353e-17 -1.23681e-17 -2.12353e-17 5.12779e-33
Plastic strain_mean 1.71412e-18 5.39007e-07 0 5.39007e-07 -1.71412e-18 0 0 0 0
Plastic strain_rate_mean 0 0 0 0 0 0 0 0 0
Dissipation 6.27555e-06
End step 7
Begin step 8
Stress -3.49571e-13 53.1944 -4.534e-12 53.1944 3.7204e-13 2.83364e-12 -4.534e-12 2.83364e-12 6.74678e-15
Strain 0 0.000266667 0 0.000266667 0 0 0 0 0
Strain mean 4.48788e-20 0.000266667 -2.267e-17 0.000266667 2.81667e-33 1.41682e-17 -2.267e-17 1.41682e-17 1.93797e-33
Plastic strain_mean 1.82647e-18 6.94546e-07 0 6.94546e-07 -1.82647e-18 0 0 0 0
Plastic strain_rate_mean 0 0 0 0 0 0 0 0 0
Dissipation 8.27376e-06
End step 8
Begin step 9
Stress -4.74348e-13 59.8247 -3.98337e-12 59.8247 4.52591e-13 4.6242e-12 -3.98337e-12 4.6242e-12 -6.5328e-15
Strain 0 0.0003 0 0.0003 0 0 0 0 0
Strain mean -4.34555e-20 0.0003 -1.99169e-17 0.0003 -3.25001e-33 2.3121e-17 -1.99169e-17 2.3121e-17 -4.0264e-33
Plastic strain_mean 2.29562e-18 8.76735e-07 0 8.76735e-07 -2.29562e-18 0 0 0 0
Plastic strain_rate_mean 0 0 0 0 0 0 0 0 0
Dissipation 1.08993e-05
End step 9
Begin step 10
Stress -4.33309e-13 66.4476 1.7723e-12 66.4476 4.57669e-13 -7.87936e-13 1.7723e-12 -7.87936e-13 7.31447e-15
Strain 0 0.000333333 0 0.000333333 0 0 0 0 0
Strain mean 4.8655e-20 0.000333333 8.86149e-18 0.000333333 -5.45279e-33 -3.93968e-18 8.86149e-18 -3.93968e-18 5.44489e-33
Plastic strain_mean 2.25177e-18 1.09552e-06 0 1.09552e-06 -2.25177e-18 0 0 0 0
Plastic strain_rate_mean 0 0 0 0 0 0 0 0 0
Dissipation 1.45375e-05
End step 10
Begin step 11
Stress -4.26249e-13 73.0596 1.85009e-12 73.0596 4.69065e-13 -2.76318e-12 1.85009e-12 -2.76318e-12 1.2856e-14
Strain 0 0.000366667 0 0.000366667 0 0 0 0 0
Strain mean 8.55166e-20 0.000366667 9.25045e-18 0.000366667 5.65742e-34 -1.38159e-17 9.25045e-18 -1.38159e-17 4.10097e-33
Plastic strain_mean 2.28104e-18 1.36849e-06 0 1.36849e-06 -2.28104e-18 0 0 0 0
Plastic strain_rate_mean 0 0 0 0 0 0 0 0 0
Dissipation 1.99431e-05
End step 11
Begin step 12
Stress -3.60971e-13 79.6539 -3.9184e-12 79.6539 4.13675e-13 3.7181e-12 -3.9184e-12 3.7181e-12 1.58255e-14
Strain 0 0.0004 0 0.0004 0 0 0 0 0
Strain mean 1.05269e-19 0.0004 -1.9592e-17 0.0004 1.09537e-33 1.85905e-17 -1.9592e-17 1.85905e-17 -2.37732e-33
Plastic strain_mean 1.98925e-18 1.73054e-06 0 1.73054e-06 -1.98925e-18 0 0 0 0
Plastic strain_rate_mean 0 0 0 0 0 0 0 0 0
Dissipation 2.88382e-05
End step 12
Begin step 13
Stress -4.26035e-13 86.2137 3.20217e-12 86.2137 4.281e-13 -1.89576e-12 3.20217e-12 -1.89576e-12 6.20092e-16
Strain 0 0.000433333 0 0.000433333 0 0 0 0 0
Strain mean 4.12478e-21 0.000433333 1.60108e-17 0.000433333 8.51622e-34 -9.47881e-18 1.60108e-17 -9.47881e-18 4.05047e-33
Plastic strain_mean 2.1374e-18 2.26458e-06 0 2.26458e-06 -2.1374e-18 0 0 0 0
Plastic strain_rate_mean 0 0 0 0 0 0 0 0 0
Dissipation 4.60415e-05
End step 13
Begin step 14
Stress -3.47193e-13 92.6832 1.13562e-12 92.6832 2.92394e-13 1.17343e-13 1.13562e-12 1.17343e-13 -1.64543e-14
Strain 0 0.000466667 0 0.000466667 0 0 0 0 0
Strain mean -1.09452e-19 0.000466667 5.67808e-18 0.000466667 3.93371e-32 5.86714e-19 5.67808e-18 5.86714e-19 -4.48004e-33
Plastic strain_mean 1.54424e-18 3.25073e-06 0 3.25073e-06 -1.54424e-18 0 0 0 0
Plastic strain_rate_mean 0 0 0 0 0 0 0 0 0
Dissipation 9.13973e-05
End step 14
Begin step 15
Stress -2.28304e-12 98.5517 1.27778e-13 98.5517 2.28868e-12 2.05511e-12 1.27778e-13 2.05511e-12 1.69434e-15
Strain 0 0.0005 0 0.0005 0 0 0 0 0
Strain mean 1.12705e-20 0.0005 6.3889e-19 0.0005 -9.72595e-33 1.02755e-17 6.3889e-19 1.02755e-17 5.38358e-33
Plastic strain_mean 1.14349e-17 7.24136e-06 0 7.24136e-06 -1.14349e-17 0 0 0 0
Plastic strain_rate_mean 0 0 0 0 0 0 0 0 0
Dissipation 0.000393268
End step 15
Begin step 16
Stress 8.07003e-13 100.213 -1.28266e-12 100.213 -7.99077e-13 1.97576e-12 -1.28266e-12 1.97576e-12 2.37993e-15
Strain 0 0.000533333 0 0.000533333 0 0 0 0 0
Strain mean 1.5831e-20 0.000533333 -6.4133e-18 0.000533333 2.55186e-33 9.87882e-18 -6.4133e-18 9.87882e-18 8.30557e-34
Plastic strain_mean -4.00728e-18 3.22673e-05 0 3.22673e-05 4.00728e-18 0 0 0 0
Plastic strain_rate_mean 0 0 0 0 0 0 0 0 0
Dissipation 0.00250766
End step 16
Begin step 17
Stress 1.52081e-13 100.309 1.11072e-12 100.309 -1.51878e-13 -4.36465e-13 1.11072e-12 -4.36465e-13 6.11359e-17
Strain 0 0.000566667 0 0.000566667 0 0 0 0 0
Strain mean 4.06669e-22 0.000566667 5.55359e-18 0.000566667 5.36853e-33 -2.18233e-18 5.55359e-18 -2.18233e-18 -3.95718e-34
Plastic strain_mean -7.59694e-19 6.51204e-05 0 6.51204e-05 7.59694e-19 0 0 0 0
Plastic strain_rate_mean 0 0 0 0 0 0 0 0 0
Dissipation 0.00329499
End step 17
Begin step 18
Stress -1.21999e-12 100.333 -7.53484e-13 100.333 1.16976e-12 1.09277e-12 -7.53484e-13 1.09277e-12 -1.50831e-14
Strain 0 0.0006 0 0.0006 0 0 0 0 0
Strain mean -1.00331e-19 0.0006 -3.76742e-18 0.0006 9.72595e-33 5.46383e-18 -3.76742e-18 5.46383e-18 -6.09376e-35
Plastic strain_mean 5.92419e-18 9.83353e-05 0 9.83353e-05 -5.92419e-18 0 0 0 0
Plastic strain_rate_mean 0 0 0 0 0 0 0 0 0
Dissipation 0.00333192
End step 18
Begin step 19
Stress 1.14424e-12 100.354 -3.70221e-12 100.354 -1.1581e-12 -1.35812e-13 -3.70221e-12 -1.35812e-13 -4.16161e-15
Strain 0 0.000633333 0 0.000633333 0 0 0 0 0
Strain mean -2.76825e-20 0.000633333 -1.85111e-17 0.000633333 1.18204e-32 -6.79061e-19 -1.85111e-17 -6.79061e-19 6.87015e-33
Plastic strain_mean -5.76968e-18 0.000131564 0 0.000131564 5.76968e-18 0 0 0 0
Plastic strain_rate_mean 0 0 0 0 0 0 0 0 0
Dissipation 0.00333391
End step 19
Begin step 20
Stress 2.32744e-12 100.374 -1.66002e-12 100.374 -2.37544e-12 3.46833e-14 -1.66002e-12 3.46833e-14 -1.44106e-14
Strain 0 0.000666667 0 0.000666667 0 0 0 0 0
Strain mean -9.58576e-20 0.000666667 -8.30012e-18 0.000666667 -2.0126e-32 1.73417e-19 -8.30012e-18 1.73417e-19 1.05324e-33
Plastic strain_mean -1.18051e-17 0.000164795 0 0.000164795 1.18051e-17 0 0 0 0
Plastic strain_rate_mean 0 0 0 0 0 0 0 0 0
Dissipation 0.00333462
End step 20
Begin step 21
Stress 3.33912e-13 100.395 -1.49305e-12 100.395 -3.21376e-13 -3.71392e-13 -1.49305e-12 -3.71392e-13 3.76422e-15
Strain 0 0.0007 0 0.0007 0 0 0 0 0
Strain mean 2.50392e-20 0.0007 -7.46523e-18 0.0007 -5.53705e-33 -1.85696e-18 -7.46523e-18 -1.85696e-18 3.26957e-33
Plastic strain_mean -1.6257e-18 0.000198026 0 0.000198026 1.6257e-18 0 0 0 0
Plastic strain_rate_mean 0 0 0 0 0 0 0 0 0
Dissipation 0.00333525
End step 21
Begin step 22
Stress 1.13751e-12 100.415 1.11516e-12 100.415 -1.12277e-12 -4.75537e-13 1.11516e-12 -4.75537e-13 4.42362e-15
Strain 0 0.000733333 0 0.000733333 0 0 0 0 0
Strain mean 2.94254e-20 0.000733333 5.5758e-18 0.000733333 -2.38815e-32 -2.37768e-18 5.5758e-18 -2.37768e-18 -9.27982e-34
Plastic strain_mean -5.63598e-18 0.000231258 0 0.000231258 5.63598e-18 0 0 0 0
Plastic strain_rate_mean 0 0 0 0 0 0 0 0 0
Dissipation 0.00333586
End step 22
Begin step 23
Stress -1.01495e-12 100.435 1.27165e-13 100.435 9.82282e-13 1.89151e-12 1.27165e-13 1.89151e-12 -9.80794e-15
Strain 0 0.000766667 0 0.000766667 0 0 0 0 0
Strain mean -6.52413e-20 0.000766667 6.35825e-19 0.000766667 -1.69723e-32 9.45754e-18 6.35825e-19 9.45754e-18 -7.85418e-34
Plastic strain_mean 4.96045e-18 0.000264489 0 0.000264489 -4.96045e-18 0 0 0 0
Plastic strain_rate_mean 0 0 0 0 0 0 0 0 0
Dissipation 0.00333645
End step 23
Begin step 24
Stress -2.76746e-13 100.456 2.93945e-13 100.456 2.17177e-13 1.28002e-12 2.93945e-13 1.28002e-12 -1.78866e-14
Strain 0 0.0008 0 0.0008 0 0 0 0 0
Strain mean -1.1898e-19 0.0008 1.46973e-18 0.0008 1.22778e-32 6.40012e-18 1.46973e-18 6.40012e-18 4.81482e-35
Plastic strain_mean 1.17532e-18 0.000297721 0 0.000297721 -1.17532e-18 0 0 0 0
Plastic strain_rate_mean 0 0 0 0 0 0 0 0 0
Dissipation 0.00333703
End step 24
Begin step 25
Stress 1.98381e-13 100.476 7.90318e-13 100.476 -1.76129e-13 6.08664e-13 7.90318e-13 6.08664e-13 6.68128e-15
Strain 0 0.000833333 0 0.000833333 0 0 0 0 0
Strain mean 4.44431e-20 0.000833333 3.95159e-18 0.000833333 -5.0652e-32 3.04332e-18 3.95159e-18 3.04332e-18 7.44793e-35
Plastic strain_mean -9.14054e-19 0.000330953 0 0.000330953 9.14054e-19 0 0 0 0
Plastic strain_rate_mean 0 0 0 0 0 0 0 0 0
Dissipation 0.00333761
End step 25
Begin step 26
Stress 8.27916e-13 100.496 -1.22137e-13 100.496 -8.86147e-13 -1.13494e-13 -1.22137e-13 -1.13494e-13 -1.74849e-14
Strain 0 0.000866667 0 0.000866667 0 0 0 0 0
Strain mean -1.16307e-19 0.000866667 -6.10684e-19 0.000866667 -1.22706e-31 -5.67469e-19 -6.10684e-19 -5.67469e-19 -1.95452e-33
Plastic strain_mean -4.34331e-18 0.000364185 0 0.000364185 4.34331e-18 0 0 0 0
Plastic strain_rate_mean 0 0 0 0 0 0 0 0 0
Dissipation 0.00333819
End step 26
Begin step 27
Stress 1.71507e-12 100.517 -1.03425e-13 100.517 -1.71196e-12 -2.25351e-14 -1.03425e-13 -2.25351e-14 9.34505e-16
Strain 0 0.0009 0 0.0009 0 0 0 0 0
Strain mean 6.21622e-21 0.0009 -5.17126e-19 0.0009 9.09039e-32 -1.12675e-19 -5.17126e-19 -1.12675e-19 -2.16893e-33
Plastic strain_mean -8.56448e-18 0.000397416 0 0.000397416 8.56448e-18 0 0 0 0
Plastic strain_rate_mean 0 0 0 0 0 0 0 0 0
Dissipation 0.00333876
End step 27
Begin step 28
Stress 2.58361e-12 100.537 -2.47278e-13 100.537 -2.52232e-12 7.19792e-14 -2.47278e-13 7.19792e-14 1.84019e-14
Strain 0 0.000933333 0 0.000933333 0 0 0 0 0
Strain mean 1.22407e-19 0.000933333 -1.23639e-18 0.000933333 1.16856e-31 3.59896e-19 -1.23639e-18 3.59896e-19 -1.43843e-33
Plastic strain_mean -1.27036e-17 0.000430648 0 0.000430648 1.27036e-17 0 0 0 0
Plastic strain_rate_mean 0 0 0 0 0 0 0 0 0
Dissipation 0.00333934
End step 28
Begin step 29
Stress 3.15985e-12 100.557 -3.43008e-13 100.557 -3.11637e-12 1.41544e-13 -3.43008e-13 1.41544e-13 1.30569e-14
Strain 0 0.000966667 0 0.000966667 0 0 0 0 0
Strain mean 8.68528e-20 0.000966667 -1.71504e-18 0.000966667 -1.703e-31 7.07719e-19 -1.71504e-18 7.07719e-19 -4.34839e-34
Plastic strain_mean -1.56471e-17 0.000463879 0 0.000463879 1.56471e-17 0 0 0 0
Plastic strain_rate_mean 0 0 0 0 0 0 0 0 0
Dissipation 0.00333991
End step 29
Begin step 30
Stress -1.87309e-12 100.578 6.1527e-13 100.578 2.07129e-12 -1.94239e-13 6.1527e-13 -1.94239e-13 5.95114e-14
Strain 0 0.001 0 0.001 0 0 0 0 0
Strain mean 3.95863e-19 0.001 3.07635e-18 0.001 -1.76511e-31 -9.71193e-19 3.07635e-18 -9.71193e-19 1.79616e-34
Plastic strain_mean 1.00589e-17 0.000497111 0 0.000497111 -1.00589e-17 0 0 0 0
Plastic strain_rate_mean 0 0 0 0 0 0 0 0 0
Dissipation 0.00334049
End step 30
