Begin step 0
Stress 0 0 0 0 0 0 0 0 0
Strain 0 0 0 0 0 0 0 0 0
Strain mean 0 0 0 0 0 0 0 0 0
Plastic strain_mean 0 0 0 0 0 0 0 0 0
Plastic strain_rate_mean 0 0 0 0 0 0 0 0 0
Dissipation 0
End step 0
Begin step 1
Stress 145.975 -4.00018e-11 -2.3203e-11 -4.00018e-11 3.12349e-13 -7.87279e-12 -2.3203e-11 -7.87279e-12 -5.39882e-14
Strain 0.00133333 0 0 0 0 0 0 0 0
Strain mean 0.00133333 7.84855e-12 1.25457e-12 7.84855e-12 -0.000529286 -6.29723e-16 1.25457e-12 -6.29723e-16 -0.000529286
Plastic strain_mean 0.000130351 7.84874e-12 1.25468e-12 7.84874e-12 -6.51756e-05 -5.93007e-16 1.25468e-12 -5.93007e-16 -6.51756e-05
Plastic strain_rate_mean 0 0 0 0 0 0 0 0 0
Dissipation 0.00158566
End step 1
Begin step 2
Stress 277.337 -7.64306e-11 1.40884e-12 -7.64306e-11 -1.07106e-12 5.47714e-12 1.40884e-12 5.47714e-12 6.48868e-14
Strain 0.00266667 0 0 0 0 0 0 0 0
Strain mean 0.00266667 7.82845e-12 1.25386e-12 7.82845e-12 -0.00107232 -8.53872e-15 1.25386e-12 -8.53872e-15 -0.00107232
Plastic strain_mean 0.000381121 7.8288e-12 1.25385e-12 7.8288e-12 -0.00019056 -8.56426e-15 1.25385e-12 -8.56426e-15 -0.00019056
Plastic strain_rate_mean 0 0 0 0 0 0 0 0 0
Dissipation 0.00579564
End step 2
Begin step 3
Stress 394.982 -1.09138e-10 -3.67418e-12 -1.09138e-10 1.8037e-12 -1.23079e-11 -3.67418e-12 -1.23079e-11 -9.61181e-14
Strain 0.004 0 0 0 0 0 0 0 0
Strain mean 0.004 7.85401e-12 1.28004e-12 7.85401e-12 -0.00162827 -3.27491e-14 1.28004e-12 -3.27491e-14 -0.00162827
Plastic strain_mean 0.000744938 7.85452e-12 1.28005e-12 7.85452e-12 -0.000372469 -3.26917e-14 1.28005e-12 -3.26917e-14 -0.000372469
Plastic strain_rate_mean 0 0 0 0 0 0 0 0 0
Dissipation 0.0119751
End step 3
Begin step 4
Stress 499.629 -1.36324e-10 4.22618e-12 -1.36324e-10 8.4417e-13 1.21807e-11 4.22618e-12 1.21807e-11 4.17278e-15
Strain 0.00533333 0 0 0 0 0 0 0 0
Strain mean 0.00533333 7.81194e-12 1.28381e-12 7.81194e-12 -0.00219645 -8.25505e-14 1.28381e-12 -8.25505e-14 -0.00219645
Plastic strain_mean 0.00121588 7.81258e-12 1.28379e-12 7.81258e-12 -0.000607938 -8.26073e-14 1.28379e-12 -8.26073e-14 -0.000607938
Plastic strain_rate_mean 0 0 0 0 0 0 0 0 0
Dissipation 0.0196078
End step 4
Begin step 5
Stress 591.915 -1.64011e-10 -3.03193e-12 -1.64011e-10 4.19012e-13 -1.08506e-11 -3.03193e-12 -1.08506e-11 -9.41832e-15
Strain 0.00666667 0 0 0 0 0 0 0 0
Strain mean 0.00666667 7.87658e-12 1.30711e-12 7.87658e-12 -0.00277627 -1.65821e-13 1.30711e-12 -1.65821e-13 -0.00277627
Plastic strain_mean 0.00178867 7.87734e-12 1.30712e-12 7.87734e-12 -0.000894337 -1.6577e-13 1.30712e-12 -1.6577e-13 -0.000894337
Plastic strain_rate_mean 0 0 0 0 0 0 0 0 0
Dissipation 0.0282539
End step 5
Begin step 6
Stress 672.471 -1.85469e-10 -8.68534e-13 -1.85469e-10 6.15323e-13 -1.76666e-12 -8.68534e-13 -1.76666e-12 3.39398e-13
Strain 0.008 0 0 0 0 0 0 0 0
Strain mean 0.008 7.69049e-12 1.33039e-12 7.69049e-12 -0.00336712 -2.88578e-13 1.33039e-12 -2.88578e-13 -0.00336712
Plastic strain_mean 0.00245814 7.69135e-12 1.33039e-12 7.69135e-12 -0.00122907 -2.8857e-13 1.33039e-12 -2.8857e-13 -0.00122907
Plastic strain_rate_mean 0 0 0 0 0 0 0 0 0
Dissipation 0.0375167
End step 6
Begin step 7
Stress 741.971 -2.06152e-10 7.26226e-12 -2.06152e-10 -1.44876e-12 -2.76049e-12 7.26226e-12 -2.76049e-12 -5.19191e-14
Strain 0.00933333 0 0 0 0 0 0 0 0
Strain mean 0.00933333 7.6902e-12 1.3305e-12 7.6902e-12 -0.00396838 -2.88824e-13 1.3305e-12 -2.88824e-13 -0.00396838
Plastic strain_mean 0.00321872 7.69116e-12 1.33047e-12 7.69116e-12 -0.00160936 -2.88812e-13 1.33047e-12 -2.88812e-13 -0.00160936
Plastic strain_rate_mean 0 0 0 0 0 0 0 0 0
Dissipation 0.0470274
End step 7
Begin step 8
Stress 801.178 -2.22234e-10 -5.5533e-12 -2.22234e-10 -5.049e-13 -8.48722e-12 -5.5533e-12 -8.48722e-12 -3.99541e-13
Strain 0.0106667 0 0 0 0 0 0 0 0
Strain mean 0.0106667 7.68992e-12 1.33044e-12 7.68992e-12 -0.00457932 -2.89147e-13 1.33044e-12 -2.89147e-13 -0.00457932
Plastic strain_mean 0.00406413 7.69096e-12 1.33047e-12 7.69096e-12 -0.00203207 -2.89108e-13 1.33047e-12 -2.89108e-13 -0.00203207
Plastic strain_rate_mean 0 0 0 0 0 0 0 0 0
Dissipation 0.0564434
End step 8
Begin step 9
Stress 850.962 -2.33249e-10 -9.02298e-12 -2.33249e-10 5.26242e-13 -1.19298e-11 -9.02298e-12 -1.19298e-11 2.79499e-13
Strain 0.012 0 0 0 0 0 0 0 0
Strain mean 0.012 7.68965e-12 1.33042e-12 7.68965e-12 -0.00519914 -2.89457e-13 1.33042e-12 -2.89457e-13 -0.00519914
Plastic strain_mean 0.0049872 7.69074e-12 1.33046e-12 7.69074e-12 -0.0024936 -2.89402e-13 1.33046e-12 -2.89402e-13 -0.0024936
Plastic strain_rate_mean 0 0 0 0 0 0 0 0 0
Dissipation 0.0654578
End step 9
Begin step 10
Stress 892.296 -2.46059e-10 -6.09069e-12 -2.46059e-10 3.88575e-12 -1.16427e-11 -6.09069e-12 -1.16427e-11 -1.64749e-13
Strain 0.0133333 0 0 0 0 0 0 0 0
Strain mean 0.0133333 7.72847e-12 1.45252e-12 7.72847e-12 -0.0058269 -5.00586e-13 1.45252e-12 -5.00586e-13 -0.0058269
Plastic strain_mean 0.0059799 7.72962e-12 1.45255e-12 7.72962e-12 -0.00298995 -5.00532e-13 1.45255e-12 -5.00532e-13 -0.00298995
Plastic strain_rate_mean 0 0 0 0 0 0 0 0 0
Dissipation 0.073815
End step 10
Begin step 11
Stress 926.231 -2.59059e-10 1.00178e-11 -2.59059e-10 -2.35044e-12 9.97113e-12 1.00178e-11 9.97113e-12 -8.35115e-14
Strain 0.0146667 0 0 0 0 0 0 0 0
Strain mean 0.0146667 7.70287e-12 1.43333e-12 7.70287e-12 -0.00646163 -6.93973e-13 1.43333e-12 -6.93973e-13 -0.00646163
Plastic strain_mean 0.00703356 7.70408e-12 1.43328e-12 7.70408e-12 -0.00351678 -6.94019e-13 1.43328e-12 -6.94019e-13 -0.00351678
Plastic strain_rate_mean 0 0 0 0 0 0 0 0 0
Dissipation 0.0813284
End step 11
Begin step 12
Stress 953.85 -2.63069e-10 -2.27622e-13 -2.63069e-10 -6.1761e-13 -1.53158e-12 -2.27622e-13 -1.53158e-12 -3.46045e-13
Strain 0.016 0 0 0 0 0 0 0 0
Strain mean 0.016 7.68806e-12 1.51972e-12 7.68806e-12 -0.00710231 -8.58737e-13 1.51972e-12 -8.58737e-13 -0.00710231
Plastic strain_mean 0.00813929 7.68929e-12 1.51972e-12 7.68929e-12 -0.00406965 -8.5873e-13 1.51972e-12 -8.5873e-13 -0.00406965
Plastic strain_rate_mean 0 0 0 0 0 0 0 0 0
Dissipation 0.0878916
End step 12
Begin step 13
Stress 976.208 -2.67791e-10 1.75648e-12 -2.67791e-10 2.05877e-12 2.36455e-12 1.75648e-12 2.36455e-12 -1.4417e-13
Strain 0.0173333 0 0 0 0 0 0 0 0
Strain mean 0.0173333 7.68091e-12 1.51843e-12 7.68091e-12 -0.00774793 -9.84007e-13 1.51843e-12 -9.84007e-13 -0.00774793
Plastic strain_mean 0.00928837 7.68216e-12 1.51842e-12 7.68216e-12 -0.00464419 -9.84018e-13 1.51842e-12 -9.84018e-13 -0.00464419
Plastic strain_rate_mean 0 0 0 0 0 0 0 0 0
Dissipation 0.0934782
End step 13
Begin step 14
Stress 994.288 -2.78191e-10 4.42448e-15 -2.78191e-10 -2.88239e-13 -5.227e-12 4.42448e-15 -5.227e-12 -3.90707e-13
Strain 0.0186667 0 0 0 0 0 0 0 0
Strain mean 0.0186667 7.67035e-12 1.55255e-12 7.67035e-12 -0.00839758 -1.07506e-12 1.55255e-12 -1.07506e-12 -0.00839758
Plastic strain_mean 0.0104727 7.67165e-12 1.55255e-12 7.67165e-12 -0.00523635 -1.07504e-12 1.55255e-12 -1.07504e-12 -0.00523635
Plastic strain_rate_mean 0 0 0 0 0 0 0 0 0
Dissipation 0.0981306
End step 14
Begin step 15
Stress 1008.96 -2.8055e-10 6.06347e-12 -2.8055e-10 4.33251e-13 3.14554e-12 6.06347e-12 3.14554e-12 4.52258e-13
Strain 0.02 0 0 0 0 0 0 0 0
Strain mean 0.02 7.67257e-12 1.56642e-12 7.67257e-12 -0.00905044 -1.1366e-12 1.56642e-12 -1.1366e-12 -0.00905044
Plastic strain_mean 0.0116851 7.67388e-12 1.56639e-12 7.67388e-12 -0.00584255 -1.13661e-12 1.56639e-12 -1.13661e-12 -0.00584255
Plastic strain_rate_mean 0 0 0 0 0 0 0 0 0
Dissipation 0.101939
End step 15
