Begin step 0
Stress 0 0 0 0 0 0 0 0 0
Strain 0 0 0 0 0 0 0 0 0
Strain mean 0 0 0 0 0 0 0 0 0
Plastic strain_mean 0 0 0 0 0 0 0 0 0
Plastic strain_rate_mean 0 0 0 0 0 0 0 0 0
Dissipation 0
End step 0
Begin step 1
Stress -2.43492e-13 59.959 -1.066e-12 59.959 2.36846e-13 2.0187e-13 -1.066e-12 2.0187e-13 -1.99565e-15
Strain 0 0.000333333 0 0.000333333 0 0 0 0 0
Strain mean -1.32748e-20 0.000333333 -5.33e-18 0.000333333 -1.09898e-32 1.00935e-18 -5.33e-18 1.00935e-18 -1.81459e-33
Plastic strain_mean 1.19421e-18 3.35384e-05 0 3.35384e-05 -1.19421e-18 0 0 0 0
Plastic strain_rate_mean 0 0 0 0 0 0 0 0 0
Dissipation 0.00201049
End step 1
Begin step 2
Stress -1.38552e-13 99.0187 -2.57871e-13 99.0187 1.70882e-13 -1.38704e-12 -2.57871e-13 -1.38704e-12 9.7075e-15
Strain 0 0.000666667 0 0.000666667 0 0 0 0 0
Strain mean 6.45732e-20 0.000666667 -1.28935e-18 0.000666667 1.04121e-33 -6.93521e-18 -1.28935e-18 -6.93521e-18 -6.35425e-34
Plastic strain_mean 8.05873e-19 0.000171573 0 0.000171573 -8.05873e-19 0 0 0 0
Plastic strain_rate_mean 0 0 0 0 0 0 0 0 0
Dissipation 0.0136491
End step 2
Begin step 3
Stress 2.56451e-12 100.23 1.91728e-12 100.23 -2.56759e-12 -2.81716e-12 1.91728e-12 -2.81716e-12 -9.25772e-16
Strain 0 0.001 0 0.001 0 0 0 0 0
Strain mean -6.15813e-21 0.001 9.58639e-18 0.001 -2.6632e-33 -1.40858e-17 9.58639e-18 -1.40858e-17 1.88079e-34
Plastic strain_mean -1.28333e-17 0.00049885 0 0.00049885 1.28333e-17 0 0 0 0
Plastic strain_rate_mean 0 0 0 0 0 0 0 0 0
Dissipation 0.0327604
End step 3
Begin step 4
Stress 1.25261e-12 100.414 3.10437e-12 100.414 -1.25541e-12 -3.54569e-12 3.10437e-12 -3.54569e-12 -8.38435e-16
Strain 0 0.00133333 0 0.00133333 0 0 0 0 0
Strain mean -5.57717e-21 0.00133333 1.55219e-17 0.00133333 -2.94908e-33 -1.77284e-17 1.55219e-17 -1.77284e-17 2.46685e-33
Plastic strain_mean -6.27283e-18 0.000831264 0 0.000831264 6.27283e-18 0 0 0 0
Plastic strain_rate_mean 0 0 0 0 0 0 0 0 0
Dissipation 0.0333266
End step 4
Begin step 5
Stress -7.11494e-12 100.603 -8.99689e-12 100.603 7.1641e-12 3.02905e-13 -8.99689e-12 3.02905e-13 1.47599e-14
Strain 0 0.00166667 0 0.00166667 0 0 0 0 0
Strain mean 9.81815e-20 0.00166667 -4.49844e-17 0.00166667 -2.98519e-33 1.51452e-18 -4.49844e-17 1.51452e-18 1.18001e-33
Plastic strain_mean 3.57467e-17 0.00116365 0 0.00116365 -3.57467e-17 0 0 0 0
Plastic strain_rate_mean 0 0 0 0 0 0 0 0 0
Dissipation 0.0333777
End step 5
Begin step 6
Stress 2.73415e-12 100.797 -4.99236e-12 100.797 -2.3409e-12 2.45672e-13 -4.99236e-12 2.45672e-13 1.1808e-13
Strain 0 0.002 0 0.002 0 0 0 0 0
Strain mean 7.85452e-19 0.002 -2.49618e-17 0.002 -1.20371e-33 1.22836e-18 -2.49618e-17 1.22836e-18 1.92631e-33
Plastic strain_mean -1.22949e-17 0.00149602 0 0.00149602 1.22949e-17 0 0 0 0
Plastic strain_rate_mean 0 0 0 0 0 0 0 0 0
Dissipation 0.0334311
End step 6
Begin step 7
Stress 2.51387e-12 100.992 4.19233e-12 100.992 -2.38025e-12 -1.48713e-12 4.19233e-12 -1.48713e-12 4.01226e-14
Strain 0 0.00233333 0 0.00233333 0 0 0 0 0
Strain mean 2.66891e-19 0.00233333 2.09617e-17 0.00233333 1.61297e-33 -7.43563e-18 2.09617e-17 -7.43563e-18 5.37756e-33
Plastic strain_mean -1.21019e-17 0.00182837 0 0.00182837 1.21019e-17 0 0 0 0
Plastic strain_rate_mean 0 0 0 0 0 0 0 0 0
Dissipation 0.0334857
End step 7
Begin step 8
Stress 8.20747e-12 101.19 5.66079e-12 101.19 -8.40072e-12 -2.6691e-12 5.66079e-12 -2.6691e-12 -5.80267e-14
Strain 0 0.00266667 0 0.00266667 0 0 0 0 0
Strain mean -3.85987e-19 0.00266667 2.8304e-17 0.00266667 2.21e-32 -1.33455e-17 2.8304e-17 -1.33455e-17 -1.90186e-33
Plastic strain_mean -4.17135e-17 0.00216072 0 0.00216072 4.17135e-17 0 0 0 0
Plastic strain_rate_mean 0 0 0 0 0 0 0 0 0
Dissipation 0.0335413
End step 8
Begin step 9
Stress -2.43647e-12 101.389 5.7535e-14 101.389 2.49802e-12 5.50768e-13 5.7535e-14 5.50768e-13 1.84805e-14
Strain 0 0.003 0 0.003 0 0 0 0 0
Strain mean 1.2293e-19 0.003 2.87675e-19 0.003 6.8852e-33 2.75384e-18 2.87675e-19 2.75384e-18 5.30985e-33
Plastic strain_mean 1.23977e-17 0.00249306 0 0.00249306 -1.23977e-17 0 0 0 0
Plastic strain_rate_mean 0 0 0 0 0 0 0 0 0
Dissipation 0.0335975
End step 9
Begin step 10
Stress -2.57137e-12 101.589 -1.28756e-13 101.589 2.57061e-12 7.12568e-13 -1.28756e-13 7.12568e-13 -2.27076e-16
Strain 0 0.00333333 0 0.00333333 0 0 0 0 0
Strain mean -1.51048e-21 0.00333333 -6.4378e-19 0.00333333 1.68519e-34 3.56284e-18 -6.4378e-19 3.56284e-18 2.02373e-33
Plastic strain_mean 1.28542e-17 0.00282539 0 0.00282539 -1.28542e-17 0 0 0 0
Plastic strain_rate_mean 0 0 0 0 0 0 0 0 0
Dissipation 0.0336541
End step 10
Begin step 11
Stress -7.46549e-12 101.789 -1.17198e-11 101.789 6.77154e-12 2.78837e-12 -1.17198e-11 2.78837e-12 -2.08368e-13
Strain 0 0.00366667 0 0.00366667 0 0 0 0 0
Strain mean -1.38604e-18 0.00366667 -5.85988e-17 0.00366667 1.54074e-33 1.39418e-17 -5.85988e-17 1.39418e-17 -1.36169e-34
Plastic strain_mean 3.48996e-17 0.00315772 0 0.00315772 -3.48996e-17 0 0 0 0
Plastic strain_rate_mean 0 0 0 0 0 0 0 0 0
Dissipation 0.0337111
End step 11
Begin step 12
Stress -4.31042e-12 101.991 -7.83114e-12 101.991 4.64177e-12 1.03636e-12 -7.83114e-12 1.03636e-12 9.94943e-14
Strain 0 0.004 0 0.004 0 0 0 0 0
Strain mean 6.61824e-19 0.004 -3.91557e-17 0.004 -3.55093e-33 5.18178e-18 -3.91557e-17 5.18178e-18 -1.11945e-33
Plastic strain_mean 2.27114e-17 0.00349005 0 0.00349005 -2.27114e-17 0 0 0 0
Plastic strain_rate_mean 0 0 0 0 0 0 0 0 0
Dissipation 0.0337683
End step 12
Begin step 13
Stress -3.27838e-12 102.193 -5.26101e-12 102.193 3.10898e-12 1.22985e-13 -5.26101e-12 1.22985e-13 -5.0865e-14
Strain 0 0.00433333 0 0.00433333 0 0 0 0 0
Strain mean -3.38348e-19 0.00433333 -2.63051e-17 0.00433333 -5.17594e-34 6.14923e-19 -2.63051e-17 6.14923e-19 -5.23612e-34
Plastic strain_mean 1.57992e-17 0.00382237 0 0.00382237 -1.57992e-17 0 0 0 0
Plastic strain_rate_mean 0 0 0 0 0 0 0 0 0
Dissipation 0.0338258
End step 13
Begin step 14
Stress -2.15529e-12 102.395 -3.61461e-12 102.395 2.30491e-12 -3.42839e-13 -3.61461e-12 -3.42839e-13 4.49261e-14
Strain 0 0.00466667 0 0.00466667 0 0 0 0 0
Strain mean 2.98843e-19 0.00466667 -1.80731e-17 0.00466667 9.38891e-34 -1.7142e-18 -1.80731e-17 -1.7142e-18 -1.42188e-34
Plastic strain_mean 1.12999e-17 0.00415469 0 0.00415469 -1.12999e-17 0 0 0 0
Plastic strain_rate_mean 0 0 0 0 0 0 0 0 0
Dissipation 0.0338835
End step 14
Begin step 15
Stress -1.62326e-12 102.598 -2.98034e-12 102.598 1.1951e-12 -1.95786e-13 -2.98034e-12 -1.95786e-13 -1.2856e-13
Strain 0 0.005 0 0.005 0 0 0 0 0
Strain mean -8.55166e-19 0.005 -1.49017e-17 0.005 1.79954e-33 -9.78932e-19 -1.49017e-17 -9.78932e-19 -6.17652e-34
Plastic strain_mean 6.61832e-18 0.00448701 0 0.00448701 -6.61832e-18 0 0 0 0
Plastic strain_rate_mean 0 0 0 0 0 0 0 0 0
Dissipation 0.0339413
End step 15
Begin step 16
Stress -9.96643e-13 102.802 -7.71352e-12 102.802 1.04597e-12 2.53674e-12 -7.71352e-12 2.53674e-12 1.48123e-14
Strain 0 0.00533333 0 0.00533333 0 0 0 0 0
Strain mean 9.853e-20 0.00533333 -3.85676e-17 0.00533333 2.26598e-33 1.26837e-17 -3.85676e-17 1.26837e-17 -5.23462e-33
Plastic strain_mean 5.15581e-18 0.00481932 0 0.00481932 -5.15581e-18 0 0 0 0
Plastic strain_rate_mean 0 0 0 0 0 0 0 0 0
Dissipation 0.0339993
End step 16
Begin step 17
Stress 6.5342e-13 103.005 -4.61901e-12 103.005 -6.79481e-13 5.16392e-13 -4.61901e-12 5.16392e-13 -7.82539e-15
Strain 0 0.00566667 0 0.00566667 0 0 0 0 0
Strain mean -5.20536e-20 0.00566667 -2.3095e-17 0.00566667 2.16667e-32 2.58196e-18 -2.3095e-17 2.58196e-18 3.94214e-34
Plastic strain_mean -3.35828e-18 0.00515164 0 0.00515164 3.35828e-18 0 0 0 0
Plastic strain_rate_mean 0 0 0 0 0 0 0 0 0
Dissipation 0.0340574
End step 17
Begin step 18
Stress 2.13595e-13 103.209 1.83789e-12 103.209 -1.50884e-13 -6.72447e-13 1.83789e-12 -6.72447e-13 1.88298e-14
Strain 0 0.006 0 0.006 0 0 0 0 0
Strain mean 1.25254e-19 0.006 9.18943e-18 0.006 6.64446e-33 -3.36223e-18 9.18943e-18 -3.36223e-18 -2.13658e-33
Plastic strain_mean -8.48571e-19 0.00548395 0 0.00548395 8.48571e-19 0 0 0 0
Plastic strain_rate_mean 0 0 0 0 0 0 0 0 0
Dissipation 0.0341155
End step 18
Begin step 19
Stress -4.9763e-13 103.413 -2.68495e-12 103.413 5.97455e-13 3.67197e-13 -2.68495e-12 3.67197e-13 2.9974e-14
Strain 0 0.00633333 0 0.00633333 0 0 0 0 0
Strain mean 1.99384e-19 0.00633333 -1.34247e-17 0.00633333 1.42519e-32 1.83598e-18 -1.34247e-17 1.83598e-18 -6.39469e-34
Plastic strain_mean 2.8374e-18 0.00581627 0 0.00581627 -2.8374e-18 0 0 0 0
Plastic strain_rate_mean 0 0 0 0 0 0 0 0 0
Dissipation 0.0341738
End step 19
Begin step 20
Stress 1.60429e-12 103.618 -3.70187e-12 103.618 -2.56834e-12 1.05395e-12 -3.70187e-12 1.05395e-12 -2.8947e-13
Strain 0 0.00666667 0 0.00666667 0 0 0 0 0
Strain mean -1.92552e-18 0.00666667 -1.85094e-17 0.00666667 9.29261e-33 5.26975e-18 -1.85094e-17 5.26975e-18 -3.73149e-34
Plastic strain_mean -1.13943e-17 0.00614858 0 0.00614858 1.13943e-17 0 0 0 0
Plastic strain_rate_mean 0 0 0 0 0 0 0 0 0
Dissipation 0.0342321
End step 20
Begin step 21
Stress -1.36705e-12 103.822 -3.31101e-12 103.822 1.14297e-12 1.01524e-12 -3.31101e-12 1.01524e-12 -6.72844e-14
Strain 0 0.007 0 0.007 0 0 0 0 0
Strain mean -4.47568e-19 0.007 -1.6555e-17 0.007 1.73334e-32 5.07622e-18 -1.6555e-17 5.07622e-18 -4.81482e-34
Plastic strain_mean 6.05128e-18 0.00648089 0 0.00648089 -6.05128e-18 0 0 0 0
Plastic strain_rate_mean 0 0 0 0 0 0 0 0 0
Dissipation 0.0342904
End step 21
Begin step 22
Stress 5.95565e-13 104.027 4.19439e-12 104.027 -1.27543e-12 -2.17382e-12 4.19439e-12 -2.17382e-12 -2.04141e-13
Strain 0 0.00733333 0 0.00733333 0 0 0 0 0
Strain mean -1.35793e-18 0.00733333 2.0972e-17 0.00733333 -1.97408e-32 -1.08691e-17 2.0972e-17 -1.08691e-17 1.92593e-34
Plastic strain_mean -5.35646e-18 0.0068132 0 0.0068132 5.35646e-18 0 0 0 0
Plastic strain_rate_mean 0 0 0 0 0 0 0 0 0
Dissipation 0.0343488
End step 22
Begin step 23
Stress -8.83414e-13 104.232 3.00239e-12 104.232 9.83239e-13 -1.4934e-12 3.00239e-12 -1.4934e-12 2.9974e-14
Strain 0 0.00766667 0 0.00766667 0 0 0 0 0
Strain mean 1.99384e-19 0.00766667 1.50119e-17 0.00766667 6.11483e-33 -7.467e-18 1.50119e-17 -7.467e-18 -1.38426e-34
Plastic strain_mean 4.76632e-18 0.00714551 0 0.00714551 -4.76632e-18 0 0 0 0
Plastic strain_rate_mean 0 0 0 0 0 0 0 0 0
Dissipation 0.0344073
End step 23
Begin step 24
Stress -3.34736e-12 104.437 4.2137e-13 104.437 2.27075e-12 -3.32164e-13 4.2137e-13 -3.32164e-13 -3.23269e-13
Strain 0 0.008 0 0.008 0 0 0 0 0
Strain mean -2.15035e-18 0.008 2.10685e-18 0.008 -8.95557e-33 -1.66082e-18 2.10685e-18 -1.66082e-18 -1.02315e-34
Plastic strain_mean 1.29701e-17 0.00747782 0 0.00747782 -1.29701e-17 0 0 0 0
Plastic strain_rate_mean 0 0 0 0 0 0 0 0 0
Dissipation 0.0344658
End step 24
Begin step 25
Stress -1.13071e-12 104.642 -7.67727e-12 104.642 3.94007e-13 3.34941e-12 -7.67727e-12 3.34941e-12 -2.21207e-13
Strain 0 0.00833333 0 0.00833333 0 0 0 0 0
Strain mean -1.47144e-18 0.00833333 -3.83864e-17 0.00833333 7.55928e-33 1.67471e-17 -3.83864e-17 1.67471e-17 -2.40741e-35
Plastic strain_mean 3.07607e-18 0.00781012 0 0.00781012 -3.07607e-18 0 0 0 0
Plastic strain_rate_mean 0 0 0 0 0 0 0 0 0
Dissipation 0.0345243
End step 25
Begin step 26
Stress -2.60955e-13 104.847 -1.18967e-12 104.847 6.83756e-13 2.53405e-12 -1.18967e-12 2.53405e-12 1.26953e-13
Strain 0 0.00866667 0 0.00866667 0 0 0 0 0
Strain mean 8.44477e-19 0.00866667 -5.94835e-18 0.00866667 3.64723e-33 1.26703e-17 -5.94835e-18 1.26703e-17 -8.98266e-34
Plastic strain_mean 2.78401e-18 0.00814243 0 0.00814243 -2.78401e-18 0 0 0 0
Plastic strain_rate_mean 0 0 0 0 0 0 0 0 0
Dissipation 0.0345829
End step 26
Begin step 27
Stress 2.03946e-12 105.053 1.51284e-12 105.053 -2.15336e-12 8.16174e-13 1.51284e-12 8.16174e-13 -3.42011e-14
Strain 0 0.009 0 0.009 0 0 0 0 0
Strain mean -2.27502e-19 0.009 7.56422e-18 0.009 -5.29631e-33 4.08087e-18 7.56422e-18 4.08087e-18 2.44202e-33
Plastic strain_mean -1.05958e-17 0.00847474 0 0.00847474 1.05958e-17 0 0 0 0
Plastic strain_rate_mean 0 0 0 0 0 0 0 0 0
Dissipation 0.0346415
End step 27
Begin step 28
Stress 2.21628e-12 105.258 6.92387e-12 105.258 -2.08416e-12 -1.55315e-12 6.92387e-12 -1.55315e-12 3.96684e-14
Strain 0 0.00933333 0 0.00933333 0 0 0 0 0
Strain mean 2.6387e-19 0.00933333 3.46194e-17 0.00933333 3.36075e-32 -7.76576e-18 3.46194e-17 -7.76576e-18 5.42392e-33
Plastic strain_mean -1.06192e-17 0.00880704 0 0.00880704 1.06192e-17 0 0 0 0
Plastic strain_rate_mean 0 0 0 0 0 0 0 0 0
Dissipation 0.0347001
End step 28
Begin step 29
Stress 1.88249e-12 105.463 3.65103e-12 105.463 -1.72705e-12 -2.58152e-12 3.65103e-12 -2.58152e-12 4.66729e-14
Strain 0 0.00966667 0 0.00966667 0 0 0 0 0
Strain mean 3.10463e-19 0.00966667 1.82551e-17 0.00966667 2.94607e-33 -1.29076e-17 1.82551e-17 -1.29076e-17 2.01922e-33
Plastic strain_mean -8.86863e-18 0.00913935 0 0.00913935 8.86863e-18 0 0 0 0
Plastic strain_rate_mean 0 0 0 0 0 0 0 0 0
Dissipation 0.0347587
End step 29
Begin step 30
Stress 2.32943e-12 105.669 6.94039e-13 105.669 -1.87876e-12 5.6626e-13 6.94039e-13 5.6626e-13 1.3532e-13
Strain 0 0.01 0 0.01 0 0 0 0 0
Strain mean 9.00132e-19 0.01 3.4702e-18 0.01 -5.72964e-33 2.8313e-18 3.4702e-18 2.8313e-18 -1.20822e-33
Plastic strain_mean -1.00704e-17 0.00947166 0 0.00947166 1.00704e-17 0 0 0 0
Plastic strain_rate_mean 0 0 0 0 0 0 0 0 0
Dissipation 0.0348173
End step 30
