Begin step 0
Stress 0 0 0 0 0 0 0 0 0
Strain 0 0 0 0 0 0 0 0 0
Strain mean 0 0 0 0 0 0 0 0 0
Plastic strain_mean 0 0 0 0 0 0 0 0 0
Plastic strain_rate_mean 0 0 0 0 0 0 0 0 0
Dissipation 0
End step 0
Begin step 1
Stress 7.18702e-17 6.66667 -7.16976e-16 6.66667 3.08415e-17 -5.48143e-17 -7.16976e-16 -5.48143e-17 3.08409e-17
Strain 0 3.33333e-05 0 3.33333e-05 0 0 0 0 0
Strain mean 2.0515e-22 3.33333e-05 -3.58488e-21 3.33333e-05 6.46522e-37 -2.74071e-22 -3.58488e-21 -2.74071e-22 -5.31911e-37
Plastic strain_mean 3.02845e-27 1.6874e-17 0 1.6874e-17 -3.02845e-27 0 0 0 0
Plastic strain_rate_mean 0 0 0 0 0 0 0 0 0
Dissipation 1.12493e-16
End step 1
Begin step 2
Stress 7.4587e-16 13.3333 3.61164e-15 13.3333 3.19423e-16 1.94837e-16 3.61164e-15 1.94837e-16 3.19872e-16
Strain 0 6.66667e-05 0 6.66667e-05 0 0 0 0 0
Strain mean 2.12775e-21 6.66667e-05 1.80582e-20 6.66667e-05 1.99834e-36 9.74183e-22 1.80582e-20 9.74183e-22 -2.06005e-36
Plastic strain_mean -2.24349e-24 1.72958e-14 0 1.72958e-14 2.24349e-24 0 0 0 0
Plastic strain_rate_mean 0 0 0 0 0 0 0 0 0
Dissipation 2.30386e-13
End step 2
Begin step 3
Stress -2.53677e-15 20 1.59075e-14 20 -1.06632e-15 -1.1968e-15 1.59075e-14 -1.1968e-15 -1.08189e-15
Strain 0 0.0001 0 0.0001 0 0 0 0 0
Strain mean -7.19658e-21 0.0001 7.95374e-20 0.0001 -6.02441e-36 -5.984e-21 7.95374e-20 -5.984e-21 2.91523e-36
Plastic strain_mean 7.78529e-23 1.01369e-12 0 1.01369e-12 -7.78529e-23 0 0 0 0
Plastic strain_rate_mean 0 0 0 0 0 0 0 0 0
Dissipation 1.99278e-11
End step 3
Begin step 4
Stress -1.84902e-14 26.6667 7.62205e-14 26.6667 -7.68042e-15 2.09135e-13 7.62205e-14 2.09135e-13 -7.85814e-15
Strain 0 0.000133333 0 0.000133333 0 0 0 0 0
Strain mean -5.22715e-20 0.000133333 3.81102e-19 0.000133333 -7.52316e-37 1.04567e-18 3.81102e-19 1.04567e-18 -9.40395e-35
Plastic strain_mean 8.88586e-22 1.87073e-11 0 1.87073e-11 -8.88586e-22 0 0 0 0
Plastic strain_rate_mean 0 0 0 0 0 0 0 0 0
Dissipation 4.71828e-10
End step 4
Begin step 5
Stress -6.10271e-15 33.3333 9.50603e-13 33.3333 9.63493e-17 2.35482e-13 9.50603e-13 2.35482e-13 -1.80351e-15
Strain 0 0.000166667 0 0.000166667 0 0 0 0 0
Strain mean -1.19967e-20 0.000166667 4.75301e-18 0.000166667 -6.84608e-35 1.17741e-18 4.75301e-18 1.17741e-18 1.30903e-34
Plastic strain_mean 9.49929e-21 1.8349e-10 0 1.8349e-10 -9.49929e-21 0 0 0 0
Plastic strain_rate_mean 0 0 0 0 0 0 0 0 0
Dissipation 5.49277e-09
End step 5
Begin step 6
Stress 3.285e-15 39.9998 2.9743e-12 39.9998 -1.30872e-14 3.36481e-13 2.9743e-12 3.36481e-13 -2.94326e-15
Strain 0 0.0002 0 0.0002 0 0 0 0 0
Strain mean -1.95782e-20 0.0002 1.48715e-17 0.0002 -4.81482e-35 1.68241e-18 1.48715e-17 1.68241e-18 -7.5984e-34
Plastic strain_mean -5.07195e-20 1.20373e-09 0 1.20373e-09 5.07195e-20 0 0 0 0
Plastic strain_rate_mean 0 0 0 0 0 0 0 0 0
Dissipation 4.08095e-08
End step 6
Begin step 7
Stress -1.33534e-14 46.6655 -3.00508e-12 46.6655 2.3151e-15 -6.15223e-13 -3.00508e-12 -6.15223e-13 -3.31444e-15
Strain 0 0.000233333 0 0.000233333 0 0 0 0 0
Strain mean -2.20473e-20 0.000233333 -1.50254e-17 0.000233333 7.10187e-34 -3.07612e-18 -1.50254e-17 -3.07612e-18 2.94005e-33
Plastic strain_mean 2.81477e-20 5.969e-09 0 5.969e-09 -2.81477e-20 0 0 0 0
Plastic strain_rate_mean 0 0 0 0 0 0 0 0 0
Dissipation 2.22373e-07
End step 7
Begin step 8
Stress -5.46721e-14 53.3285 -4.50542e-12 53.3285 6.59868e-14 3.3067e-12 -4.50542e-12 3.3067e-12 3.39741e-15
Strain 0 0.000266667 0 0.000266667 0 0 0 0 0
Strain mean 2.25992e-20 0.000266667 -2.25271e-17 0.000266667 5.47686e-34 1.65335e-17 -2.25271e-17 1.65335e-17 -3.83982e-33
Plastic strain_mean 3.12947e-19 2.40709e-08 0 2.40709e-08 -3.12947e-19 0 0 0 0
Plastic strain_rate_mean 0 0 0 0 0 0 0 0 0
Dissipation 9.65345e-07
End step 8
Begin step 9
Stress -1.70015e-13 59.9835 -3.49823e-12 59.9835 1.7461e-13 2.89949e-12 -3.49823e-12 2.89949e-12 1.37992e-15
Strain 0 0.0003 0 0.0003 0 0 0 0 0
Strain mean 9.1791e-21 0.0003 -1.74911e-17 0.0003 -4.99538e-34 1.44974e-17 -1.74911e-17 1.44974e-17 -4.28218e-33
Plastic strain_mean 8.66152e-19 8.27441e-08 0 8.27441e-08 -8.66152e-19 0 0 0 0
Plastic strain_rate_mean 0 0 0 0 0 0 0 0 0
Dissipation 3.51942e-06
End step 9
Begin step 10
Stress -2.02875e-13 66.6166 3.08212e-12 66.6166 2.0078e-13 -1.7584e-12 3.08212e-12 -1.7584e-12 -6.28826e-16
Strain 0 0.000333333 0 0.000333333 0 0 0 0 0
Strain mean -4.18288e-21 0.000333333 1.54106e-17 0.000333333 6.90927e-33 -8.79199e-18 1.54106e-17 -8.79199e-18 4.51089e-33
Plastic strain_mean 1.00705e-18 2.50217e-07 0 2.50217e-07 -1.00705e-18 0 0 0 0
Plastic strain_rate_mean 0 0 0 0 0 0 0 0 0
Dissipation 1.11565e-05
End step 10
Begin step 11
Stress -3.42116e-13 73.1974 4.78988e-12 73.1974 3.35106e-13 -2.56371e-12 4.78988e-12 -2.56371e-12 -2.10482e-15
Strain 0 0.000366667 0 0.000366667 0 0 0 0 0
Strain mean -1.4001e-20 0.000366667 2.39494e-17 0.000366667 3.31982e-32 -1.28186e-17 2.39494e-17 -1.28186e-17 6.25777e-33
Plastic strain_mean 1.68606e-18 6.79807e-07 0 6.79807e-07 -1.68606e-18 0 0 0 0
Plastic strain_rate_mean 0 0 0 0 0 0 0 0 0
Dissipation 3.14447e-05
End step 11
Begin step 12
Stress -7.87442e-13 79.6637 7.10913e-12 79.6637 7.68245e-13 -3.44449e-12 7.10913e-12 -3.44449e-12 -5.76424e-15
Strain 0 0.0004 0 0.0004 0 0 0 0 0
Strain mean -3.83431e-20 0.0004 3.55456e-17 0.0004 3.52987e-32 -1.72225e-17 3.55456e-17 -1.72225e-17 7.97455e-33
Plastic strain_mean 3.87004e-18 1.68133e-06 0 1.68133e-06 -3.87004e-18 0 0 0 0
Plastic strain_rate_mean 0 0 0 0 0 0 0 0 0
Dissipation 7.97847e-05
End step 12
Begin step 13
Stress -9.87057e-13 85.9046 -2.2449e-12 85.9046 9.78971e-13 7.75464e-13 -2.2449e-12 7.75464e-13 -2.42797e-15
Strain 0 0.000433333 0 0.000433333 0 0 0 0 0
Strain mean -1.61506e-20 0.000433333 -1.12245e-17 0.000433333 5.90388e-32 3.87732e-18 -1.12245e-17 3.87732e-18 -3.70017e-33
Plastic strain_mean 4.907e-18 3.81013e-06 0 3.81013e-06 -4.907e-18 0 0 0 0
Plastic strain_rate_mean 0 0 0 0 0 0 0 0 0
Dissipation 0.00018287
End step 13
Begin step 14
Stress -1.42549e-12 91.7493 -5.0348e-12 91.7493 1.46905e-12 2.08024e-12 -5.0348e-12 2.08024e-12 1.30787e-14
Strain 0 0.000466667 0 0.000466667 0 0 0 0 0
Strain mean 8.69981e-20 0.000466667 -2.5174e-17 0.000466667 -7.12835e-32 1.04012e-17 -2.5174e-17 1.04012e-17 -2.07235e-33
Plastic strain_mean 7.27986e-18 7.92005e-06 0 7.92005e-06 -7.27986e-18 0 0 0 0
Plastic strain_rate_mean 0 0 0 0 0 0 0 0 0
Dissipation 0.000377068
End step 14
Begin step 15
Stress -2.19404e-12 96.9851 -3.97022e-12 96.9851 2.20496e-12 7.55517e-12 -3.97022e-12 7.55517e-12 3.2795e-15
Strain 0 0.0005 0 0.0005 0 0 0 0 0
Strain mean 2.18149e-20 0.0005 -1.98511e-17 0.0005 1.50463e-31 3.77759e-17 -1.98511e-17 3.77759e-17 -1.83565e-34
Plastic strain_mean 1.10084e-17 1.50745e-05 0 1.50745e-05 -1.10084e-17 0 0 0 0
Plastic strain_rate_mean 0 0 0 0 0 0 0 0 0
Dissipation 0.000693831
End step 15
Begin step 16
Stress -2.9861e-12 101.417 1.43896e-12 101.417 2.99048e-12 -3.93818e-12 1.43896e-12 -3.93818e-12 1.31442e-15
Strain 0 0.000533333 0 0.000533333 0 0 0 0 0
Strain mean 8.74338e-21 0.000533333 7.1948e-18 0.000533333 -3.70742e-33 -1.96909e-17 7.1948e-18 -1.96909e-17 -8.84442e-34
Plastic strain_mean 1.49458e-17 2.62485e-05 0 2.62485e-05 -1.49458e-17 0 0 0 0
Plastic strain_rate_mean 0 0 0 0 0 0 0 0 0
Dissipation 0.00113311
End step 16
Begin step 17
Stress -1.28091e-12 104.943 1.40282e-12 104.943 1.29621e-12 -7.08167e-13 1.40282e-12 -7.08167e-13 4.59392e-15
Strain 0 0.000566667 0 0.000566667 0 0 0 0 0
Strain mean 3.05583e-20 0.000566667 7.01408e-18 0.000566667 8.88335e-33 -3.54083e-18 7.01408e-18 -3.54083e-18 -1.43918e-33
Plastic strain_mean 6.4581e-18 4.19534e-05 0 4.19534e-05 -6.4581e-18 0 0 0 0
Plastic strain_rate_mean 0 0 0 0 0 0 0 0 0
Dissipation 0.00164785
End step 17
Begin step 18
Stress -6.19137e-13 107.587 1.69249e-12 107.587 5.84524e-13 1.70485e-12 1.69249e-12 1.70485e-12 -1.03931e-14
Strain 0 0.0006 0 0.0006 0 0 0 0 0
Strain mean -6.91337e-20 0.0006 8.46246e-18 0.0006 -4.69927e-32 8.52426e-18 8.46246e-18 8.52426e-18 -1.90787e-33
Plastic strain_mean 2.97458e-18 6.20626e-05 0 6.20626e-05 -2.97458e-18 0 0 0 0
Plastic strain_rate_mean 0 0 0 0 0 0 0 0 0
Dissipation 0.002163
End step 18
Begin step 19
Stress 2.11103e-12 109.477 2.53667e-13 109.477 -2.17775e-12 2.80645e-12 2.53667e-13 2.80645e-12 -2.00351e-14
Strain 0 0.000633333 0 0.000633333 0 0 0 0 0
Strain mean -1.33271e-19 0.000633333 1.26833e-18 0.000633333 -2.24371e-32 1.40323e-17 1.26833e-18 1.40323e-17 3.49075e-34
Plastic strain_mean -1.07886e-17 8.59483e-05 0 8.59483e-05 1.07886e-17 0 0 0 0
Plastic strain_rate_mean 0 0 0 0 0 0 0 0 0
Dissipation 0.00261413
End step 19
Begin step 20
Stress 1.7242e-12 110.779 2.73059e-12 110.779 -1.77621e-12 3.41029e-12 2.73059e-12 3.41029e-12 -1.56158e-14
Strain 0 0.000666667 0 0.000666667 0 0 0 0 0
Strain mean -1.03875e-19 0.000666667 1.36529e-17 0.000666667 5.54668e-32 1.70514e-17 1.36529e-17 1.70514e-17 -1.53473e-33
Plastic strain_mean -8.80295e-18 0.000112772 0 0.000112772 8.80295e-18 0 0 0 0
Plastic strain_rate_mean 0 0 0 0 0 0 0 0 0
Dissipation 0.00297032
End step 20
Begin step 21
Stress 1.49132e-13 111.655 -8.01193e-13 111.655 -1.24118e-13 -3.43887e-12 -8.01193e-13 -3.43887e-12 7.51098e-15
Strain 0 0.0007 0 0.0007 0 0 0 0 0
Strain mean 4.99622e-20 0.0007 -4.00597e-18 0.0007 -9.82224e-33 -1.71943e-17 -4.00597e-18 -1.71943e-17 2.97917e-34
Plastic strain_mean -6.58144e-19 0.000141725 0 0.000141725 6.58144e-19 0 0 0 0
Plastic strain_rate_mean 0 0 0 0 0 0 0 0 0
Dissipation 0.00323119
End step 21
Begin step 22
Stress 5.78566e-14 112.237 -4.65596e-13 112.237 -1.65538e-14 3.1286e-12 -4.65596e-13 3.1286e-12 1.24018e-14
Strain 0 0.000733333 0 0.000733333 0 0 0 0 0
Strain mean 8.24957e-20 0.000733333 -2.32798e-18 0.000733333 2.5988e-32 1.5643e-17 -2.32798e-18 1.5643e-17 1.08634e-33
Plastic strain_mean -1.44778e-19 0.000172147 0 0.000172147 1.44778e-19 0 0 0 0
Plastic strain_rate_mean 0 0 0 0 0 0 0 0 0
Dissipation 0.00341261
End step 22
Begin step 23
Stress -1.32428e-13 112.623 1.16021e-14 112.623 1.32719e-13 -8.33469e-13 1.16021e-14 -8.33469e-13 8.7337e-17
Strain 0 0.000766667 0 0.000766667 0 0 0 0 0
Strain mean 5.80955e-22 0.000766667 5.80106e-20 0.000766667 -1.61297e-32 -4.16735e-18 5.80106e-20 -4.16735e-18 1.0066e-33
Plastic strain_mean 6.63158e-19 0.000203552 0 0.000203552 -6.63158e-19 0 0 0 0
Plastic strain_rate_mean 0 0 0 0 0 0 0 0 0
Dissipation 0.00353455
End step 23
Begin step 24
Stress -1.0507e-12 112.88 3.57282e-13 112.88 1.04203e-12 -3.697e-12 3.57282e-13 -3.697e-12 -2.60264e-15
Strain 0 0.0008 0 0.0008 0 0 0 0 0
Strain mean -1.73125e-20 0.0008 1.78641e-18 0.0008 1.53473e-33 -1.8485e-17 1.78641e-18 -1.8485e-17 -8.61966e-34
Plastic strain_mean 5.22316e-18 0.000235599 0 0.000235599 -5.22316e-18 0 0 0 0
Plastic strain_rate_mean 0 0 0 0 0 0 0 0 0
Dissipation 0.00361474
End step 24
Begin step 25
Stress -7.18369e-13 113.055 1.84804e-13 113.055 7.60516e-13 -1.72119e-13 1.84804e-13 -1.72119e-13 1.26551e-14
Strain 0 0.000833333 0 0.000833333 0 0 0 0 0
Strain mean 8.41804e-20 0.000833333 9.24022e-19 0.000833333 -7.49909e-33 -8.60595e-19 9.24022e-19 -8.60595e-19 1.40909e-33
Plastic strain_mean 3.7393e-18 0.00026806 0 0.00026806 -3.7393e-18 0 0 0 0
Plastic strain_rate_mean 0 0 0 0 0 0 0 0 0
Dissipation 0.00366682
End step 25
Begin step 26
Stress -3.1484e-13 113.176 -1.18504e-13 113.176 3.17604e-13 -6.85612e-13 -1.18504e-13 -6.85612e-13 8.29701e-16
Strain 0 0.000866667 0 0.000866667 0 0 0 0 0
Strain mean 5.51908e-21 0.000866667 -5.92522e-19 0.000866667 2.07519e-32 -3.42806e-18 -5.92522e-19 -3.42806e-18 -3.60209e-33
Plastic strain_mean 1.58387e-18 0.000300786 0 0.000300786 -1.58387e-18 0 0 0 0
Plastic strain_rate_mean 0 0 0 0 0 0 0 0 0
Dissipation 0.00370043
End step 26
Begin step 27
Stress -1.48897e-13 113.264 -2.93006e-14 113.264 2.02969e-13 -4.1311e-13 -2.93006e-14 -4.1311e-13 1.62359e-14
Strain 0 0.0009 0 0.0009 0 0 0 0 0
Strain mean 1.08e-19 0.0009 -1.46503e-19 0.0009 -1.4926e-33 -2.06555e-18 -1.46503e-19 -2.06555e-18 -2.29156e-33
Plastic strain_mean 9.33666e-19 0.000333682 0 0.000333682 -9.33666e-19 0 0 0 0
Plastic strain_rate_mean 0 0 0 0 0 0 0 0 0
Dissipation 0.00372209
End step 27
Begin step 28
Stress 2.78932e-12 113.33 -5.45117e-12 113.33 -2.6425e-12 1.67807e-12 -5.45117e-12 1.67807e-12 4.40877e-14
Strain 0 0.000933333 0 0.000933333 0 0 0 0 0
Strain mean 2.93266e-19 0.000933333 -2.72559e-17 0.000933333 -4.27653e-31 8.39037e-18 -2.72559e-17 8.39037e-18 -7.35765e-34
Plastic strain_mean -1.34329e-17 0.000366684 0 0.000366684 1.34329e-17 0 0 0 0
Plastic strain_rate_mean 0 0 0 0 0 0 0 0 0
Dissipation 0.00373611
End step 28
Begin step 29
Stress 7.76107e-13 113.382 1.71553e-12 113.382 -8.16246e-13 -7.41013e-13 1.71553e-12 -7.41013e-13 -1.20525e-14
Strain 0 0.000966667 0 0.000966667 0 0 0 0 0
Strain mean -8.01718e-20 0.000966667 8.57763e-18 0.000966667 1.82361e-32 -3.70507e-18 8.57763e-18 -3.70507e-18 -1.47755e-33
Plastic strain_mean -4.02097e-18 0.000399755 0 0.000399755 4.02097e-18 0 0 0 0
Plastic strain_rate_mean 0 0 0 0 0 0 0 0 0
Dissipation 0.00374527
End step 29
Begin step 30
Stress 3.39922e-13 113.426 1.1435e-12 113.426 -2.63323e-13 -6.53124e-13 1.1435e-12 -6.53124e-13 2.30002e-14
Strain 0 0.001 0 0.001 0 0 0 0 0
Strain mean 1.52995e-19 0.001 5.7175e-18 0.001 -7.70372e-34 -3.26562e-18 5.7175e-18 -3.26562e-18 -2.29607e-33
Plastic strain_mean -1.43161e-18 0.000432869 0 0.000432869 1.43161e-18 0 0 0 0
Plastic strain_rate_mean 0 0 0 0 0 0 0 0 0
Dissipation 0.00375134
End step 30
