Begin step 0
Stress 0 0 0 0 0 0 0 0 0
Strain 0 0 0 0 0 0 0 0 0
Strain mean 0 0 0 0 0 0 0 0 0
Plastic strain_mean 0 0 0 0 0 0 0 0 0
Plastic strain_rate_mean 0 0 0 0 0 0 0 0 0
Dissipation 0
End step 0
Begin step 1
Stress 3.48197e-15 66.1884 3.21154e-12 66.1884 -1.41276e-14 2.29276e-12 3.21154e-12 2.29276e-12 -3.19653e-15
Strain 0 0.000333333 0 0.000333333 0 0 0 0 0
Strain mean -2.1263e-20 0.000333333 1.60577e-17 0.000333333 3.40119e-31 1.14638e-17 1.60577e-17 1.14638e-17 4.96303e-33
Plastic strain_mean -5.46555e-20 2.39127e-06 0 2.39127e-06 5.46555e-20 0 0 0 0
Plastic strain_rate_mean 0 0 0 0 0 0 0 0 0
Dissipation 0.000158272
End step 1
Begin step 2
Stress -6.87119e-13 104.65 6.36783e-13 104.65 6.85796e-13 1.044e-12 6.36783e-13 1.044e-12 -3.97383e-16
Strain 0 0.000666667 0 0.000666667 0 0 0 0 0
Strain mean -2.64335e-21 0.000666667 3.18392e-18 0.000666667 2.16667e-34 5.22001e-18 3.18392e-18 5.22001e-18 1.22327e-33
Plastic strain_mean 3.43097e-18 0.000143417 0 0.000143417 -3.43097e-18 0 0 0 0
Plastic strain_rate_mean 0 0 0 0 0 0 0 0 0
Dissipation 0.0147529
End step 2
Begin step 3
Stress 1.10507e-12 105.399 1.84889e-12 105.399 -9.64782e-13 -1.45444e-12 1.84889e-12 -1.45444e-12 4.21226e-14
Strain 0 0.001 0 0.001 0 0 0 0 0
Strain mean 2.80195e-19 0.001 9.24443e-18 0.001 2.34482e-32 -7.27222e-18 9.24443e-18 -7.27222e-18 -1.72981e-33
Plastic strain_mean -5.03452e-18 0.000473004 0 0.000473004 5.03452e-18 0 0 0 0
Plastic strain_rate_mean 0 0 0 0 0 0 0 0 0
Dissipation 0.0347173
End step 3
Begin step 4
Stress -2.24882e-12 105.615 -2.77506e-12 105.615 2.23451e-12 2.98196e-12 -2.77506e-12 2.98196e-12 -4.29698e-15
Strain 0 0.00133333 0 0.00133333 0 0 0 0 0
Strain mean -2.8583e-20 0.00133333 -1.38753e-17 0.00133333 1.04722e-32 1.49098e-17 -1.38753e-17 1.49098e-17 1.24207e-33
Plastic strain_mean 1.11941e-17 0.000805256 0 0.000805256 -1.11941e-17 0 0 0 0
Plastic strain_rate_mean 0 0 0 0 0 0 0 0 0
Dissipation 0.0350599
End step 4
Begin step 5
Stress -3.10016e-12 105.829 -5.38458e-12 105.829 2.92798e-12 -7.64527e-13 -5.38458e-12 -7.64527e-13 -5.16991e-14
Strain 0 0.00166667 0 0.00166667 0 0 0 0 0
Strain mean -3.43897e-19 0.00166667 -2.69229e-17 0.00166667 -2.40741e-35 -3.82264e-18 -2.69229e-17 -3.82264e-18 -1.67616e-33
Plastic strain_mean 1.48984e-17 0.00113752 0 0.00113752 -1.48984e-17 0 0 0 0
Plastic strain_rate_mean 0 0 0 0 0 0 0 0 0
Dissipation 0.0351229
End step 5
Begin step 6
Stress -1.05887e-12 106.042 -2.13296e-12 106.042 1.00078e-12 5.23025e-13 -2.13296e-12 5.23025e-13 -1.74412e-14
Strain 0 0.002 0 0.002 0 0 0 0 0
Strain mean -1.16017e-19 0.002 -1.06648e-17 0.002 -7.22224e-35 2.61512e-18 -1.06648e-17 2.61512e-18 -4.50638e-34
Plastic strain_mean 5.09113e-18 0.00146979 0 0.00146979 -5.09113e-18 0 0 0 0
Plastic strain_rate_mean 0 0 0 0 0 0 0 0 0
Dissipation 0.0351842
End step 6
Begin step 7
Stress -7.59268e-14 106.256 -3.21723e-12 106.256 -1.54525e-13 2.34168e-12 -3.21723e-12 2.34168e-12 -6.91971e-14
Strain 0 0.00233333 0 0.00233333 0 0 0 0 0
Strain mean -4.60291e-19 0.00233333 -1.60862e-17 0.00233333 7.43289e-34 1.17084e-17 -1.60862e-17 1.17084e-17 -1.92217e-34
Plastic strain_mean -4.26642e-19 0.00180205 0 0.00180205 4.26642e-19 0 0 0 0
Plastic strain_rate_mean 0 0 0 0 0 0 0 0 0
Dissipation 0.0352456
End step 7
Begin step 8
Stress 4.00376e-12 106.471 -3.50817e-12 106.471 -4.34849e-12 5.0685e-12 -3.50817e-12 5.0685e-12 -1.03512e-13
Strain 0 0.00266667 0 0.00266667 0 0 0 0 0
Strain mean -6.88548e-19 0.00266667 -1.75408e-17 0.00266667 1.92593e-34 2.53425e-17 -1.75408e-17 2.53425e-17 -1.37824e-33
Plastic strain_mean -2.12249e-17 0.00213431 0 0.00213431 2.12249e-17 0 0 0 0
Plastic strain_rate_mean 0 0 0 0 0 0 0 0 0
Dissipation 0.0353071
End step 8
Begin step 9
Stress -1.14399e-12 106.686 2.86058e-12 106.686 1.5569e-12 -1.55624e-12 2.86058e-12 -1.55624e-12 1.23984e-13
Strain 0 0.003 0 0.003 0 0 0 0 0
Strain mean 8.24724e-19 0.003 1.43029e-17 0.003 1.22778e-33 -7.78122e-18 1.43029e-17 -7.78122e-18 -3.65475e-33
Plastic strain_mean 7.16459e-18 0.00246657 0 0.00246657 -7.16459e-18 0 0 0 0
Plastic strain_rate_mean 0 0 0 0 0 0 0 0 0
Dissipation 0.0353687
End step 9
Begin step 10
Stress -1.2426e-13 106.901 -5.07032e-12 106.901 -2.11435e-14 -2.01824e-13 -5.07032e-12 -2.01824e-13 -4.36597e-14
Strain 0 0.00333333 0 0.00333333 0 0 0 0 0
Strain mean -2.9042e-19 0.00333333 -2.53516e-17 0.00333333 6.80094e-34 -1.00912e-18 -2.53516e-17 -1.00912e-18 -2.15727e-33
Plastic strain_mean 1.12581e-19 0.00279883 0 0.00279883 -1.12581e-19 0 0 0 0
Plastic strain_rate_mean 0 0 0 0 0 0 0 0 0
Dissipation 0.0354303
End step 10
Begin step 11
Stress 2.33105e-12 107.116 1.71497e-12 107.116 -2.32358e-12 -2.57865e-13 1.71497e-12 -2.57865e-13 2.24456e-15
Strain 0 0.00366667 0 0.00366667 0 0 0 0 0
Strain mean 1.49306e-20 0.00366667 8.57483e-18 0.00366667 2.35926e-33 -1.28932e-18 8.57483e-18 -1.28932e-18 4.24306e-34
Plastic strain_mean -1.16291e-17 0.00313109 0 0.00313109 1.16291e-17 0 0 0 0
Plastic strain_rate_mean 0 0 0 0 0 0 0 0 0
Dissipation 0.035492
End step 11
Begin step 12
Stress 6.10292e-13 107.331 -4.70235e-12 107.331 -5.31817e-13 1.73853e-12 -4.70235e-12 1.73853e-12 2.35635e-14
Strain 0 0.004 0 0.004 0 0 0 0 0
Strain mean 1.56742e-19 0.004 -2.35118e-17 0.004 8.75094e-33 8.69265e-18 -2.35118e-17 8.69265e-18 9.93058e-34
Plastic strain_mean -2.7769e-18 0.00346335 0 0.00346335 2.7769e-18 0 0 0 0
Plastic strain_rate_mean 0 0 0 0 0 0 0 0 0
Dissipation 0.0355536
End step 12
Begin step 13
Stress 1.37475e-12 107.546 -2.56782e-12 107.546 -1.1125e-12 1.17955e-12 -2.56782e-12 1.17955e-12 7.8743e-14
Strain 0 0.00433333 0 0.00433333 0 0 0 0 0
Strain mean 5.23789e-19 0.00433333 -1.28391e-17 0.00433333 3.61112e-35 5.89775e-18 -1.28391e-17 5.89775e-18 -8.62155e-34
Plastic strain_mean -5.95622e-18 0.0037956 0 0.0037956 5.95622e-18 0 0 0 0
Plastic strain_rate_mean 0 0 0 0 0 0 0 0 0
Dissipation 0.0356153
End step 13
Begin step 14
Stress 6.62417e-13 107.761 -1.8744e-12 107.761 -7.70037e-13 7.55172e-13 -1.8744e-12 7.55172e-13 -3.23147e-14
Strain 0 0.00466667 0 0.00466667 0 0 0 0 0
Strain mean -2.14953e-19 0.00466667 -9.37202e-18 0.00466667 5.10371e-33 3.77586e-18 -9.37202e-18 3.77586e-18 -1.20371e-34
Plastic strain_mean -3.68861e-18 0.00412786 0 0.00412786 3.68861e-18 0 0 0 0
Plastic strain_rate_mean 0 0 0 0 0 0 0 0 0
Dissipation 0.035677
End step 14
Begin step 15
Stress -4.86675e-12 107.976 -2.80188e-12 107.976 4.89868e-12 3.18703e-15 -2.80188e-12 3.18703e-15 9.5896e-15
Strain 0 0.005 0 0.005 0 0 0 0 0
Strain mean 6.37889e-20 0.005 -1.40094e-17 0.005 1.44445e-33 1.59352e-20 -1.40094e-17 1.59352e-20 -7.70372e-34
Plastic strain_mean 2.44455e-17 0.00446012 0 0.00446012 -2.44455e-17 0 0 0 0
Plastic strain_rate_mean 0 0 0 0 0 0 0 0 0
Dissipation 0.0357386
End step 15
Begin step 16
Stress -3.08529e-12 108.191 -1.5034e-12 108.191 3.39175e-12 -6.63793e-15 -1.5034e-12 -6.63793e-15 9.20182e-14
Strain 0 0.00533333 0 0.00533333 0 0 0 0 0
Strain mean 6.12095e-19 0.00533333 -7.517e-18 0.00533333 -1.07732e-33 -3.31897e-20 -7.517e-18 -3.31897e-20 -2.22686e-34
Plastic strain_mean 1.64986e-17 0.00479238 0 0.00479238 -1.64986e-17 0 0 0 0
Plastic strain_rate_mean 0 0 0 0 0 0 0 0 0
Dissipation 0.0358003
End step 16
Begin step 17
Stress -2.1204e-12 108.407 -1.1892e-12 108.407 2.04745e-12 -1.04102e-14 -1.1892e-12 -1.04102e-14 -2.19041e-14
Strain 0 0.00566667 0 0.00566667 0 0 0 0 0
Strain mean -1.45704e-19 0.00566667 -5.946e-18 0.00566667 -7.82409e-35 -5.20509e-20 -5.946e-18 -5.20509e-20 -3.7014e-34
Plastic strain_mean 1.03468e-17 0.00512463 0 0.00512463 -1.03468e-17 0 0 0 0
Plastic strain_rate_mean 0 0 0 0 0 0 0 0 0
Dissipation 0.0358619
End step 17
Begin step 18
Stress -1.19218e-12 108.622 -9.38642e-13 108.622 1.50812e-12 3.88192e-15 -9.38642e-13 3.88192e-15 9.48654e-14
Strain 0 0.006 0 0.006 0 0 0 0 0
Strain mean 6.31034e-19 0.006 -4.69321e-18 0.006 -9.62965e-35 1.94096e-20 -4.69321e-18 1.94096e-20 -6.16899e-35
Plastic strain_mean 7.06626e-18 0.00545689 0 0.00545689 -7.06626e-18 0 0 0 0
Plastic strain_rate_mean 0 0 0 0 0 0 0 0 0
Dissipation 0.0359236
End step 18
Begin step 19
Stress -5.75743e-12 108.837 -5.5616e-13 108.837 6.05652e-12 8.1026e-14 -5.5616e-13 8.1026e-14 8.98086e-14
Strain 0 0.00633333 0 0.00633333 0 0 0 0 0
Strain mean 5.97396e-19 0.00633333 -2.7808e-18 0.00633333 1.12185e-32 4.0513e-19 -2.7808e-18 4.0513e-19 2.88889e-33
Plastic strain_mean 2.98336e-17 0.00578915 0 0.00578915 -2.98336e-17 0 0 0 0
Plastic strain_rate_mean 0 0 0 0 0 0 0 0 0
Dissipation 0.0359852
End step 19
Begin step 20
Stress -4.83796e-12 109.052 -4.58004e-13 109.052 3.88343e-12 1.87565e-14 -4.58004e-13 1.87565e-14 -2.86614e-13
Strain 0 0.00666667 0 0.00666667 0 0 0 0 0
Strain mean -1.90652e-18 0.00666667 -2.29002e-18 0.00666667 -5.05557e-34 9.37824e-20 -2.29002e-18 9.37824e-20 2.31112e-33
Plastic strain_mean 2.08502e-17 0.00612141 0 0.00612141 -2.08502e-17 0 0 0 0
Plastic strain_rate_mean 0 0 0 0 0 0 0 0 0
Dissipation 0.0360469
End step 20
Begin step 21
Stress -2.73321e-12 109.268 -4.2597e-13 109.268 2.76576e-12 3.21521e-14 -4.2597e-13 3.21521e-14 9.773e-15
Strain 0 0.007 0 0.007 0 0 0 0 0
Strain mean 6.50089e-20 0.007 -2.12985e-18 0.007 -3.61112e-35 1.60761e-19 -2.12985e-18 1.60761e-19 1.47153e-33
Plastic strain_mean 1.37799e-17 0.00645366 0 0.00645366 -1.37799e-17 0 0 0 0
Plastic strain_rate_mean 0 0 0 0 0 0 0 0 0
Dissipation 0.0361085
End step 21
Begin step 22
Stress -9.41585e-13 109.483 -4.63732e-13 109.483 1.55961e-12 4.55477e-14 -4.63732e-13 4.55477e-14 1.85574e-13
Strain 0 0.00733333 0 0.00733333 0 0 0 0 0
Strain mean 1.23441e-18 0.00733333 -2.31866e-18 0.00733333 2.64815e-34 2.27739e-19 -2.31866e-18 2.27739e-19 4.76969e-34
Plastic strain_mean 6.87021e-18 0.00678592 0 0.00678592 -6.87021e-18 0 0 0 0
Plastic strain_rate_mean 0 0 0 0 0 0 0 0 0
Dissipation 0.0361702
End step 22
Begin step 23
Stress -4.09208e-12 109.698 -3.23564e-13 109.698 3.31896e-12 3.43524e-14 -3.23564e-13 3.43524e-14 -2.32142e-13
Strain 0 0.00766667 0 0.00766667 0 0 0 0 0
Strain mean -1.54418e-18 0.00766667 -1.61782e-18 0.00766667 1.10741e-33 1.71762e-19 -1.61782e-18 1.71762e-19 1.57986e-33
Plastic strain_mean 1.77555e-17 0.00711818 0 0.00711818 -1.77555e-17 0 0 0 0
Plastic strain_rate_mean 0 0 0 0 0 0 0 0 0
Dissipation 0.0362318
End step 23
Begin step 24
Stress -5.20788e-12 109.913 -2.75345e-13 109.913 5.80433e-12 2.31571e-14 -2.75345e-13 2.31571e-14 1.79093e-13
Strain 0 0.008 0 0.008 0 0 0 0 0
Strain mean 1.19131e-18 0.008 -1.37673e-18 0.008 1.51667e-33 1.15786e-19 -1.37673e-18 1.15786e-19 2.32616e-33
Plastic strain_mean 2.81262e-17 0.00745043 0 0.00745043 -2.81262e-17 0 0 0 0
Plastic strain_rate_mean 0 0 0 0 0 0 0 0 0
Dissipation 0.0362935
End step 24
Begin step 25
Stress -7.52516e-12 110.128 -1.4106e-13 110.128 7.92178e-12 1.19618e-14 -1.4106e-13 1.19618e-14 1.19093e-13
Strain 0 0.00833333 0 0.00833333 0 0 0 0 0
Strain mean 7.92191e-19 0.00833333 -7.05299e-19 0.00833333 2.21482e-33 5.9809e-20 -7.05299e-19 5.9809e-20 3.49075e-33
Plastic strain_mean 3.90134e-17 0.00778269 0 0.00778269 -3.90134e-17 0 0 0 0
Plastic strain_rate_mean 0 0 0 0 0 0 0 0 0
Dissipation 0.0363551
End step 25
Begin step 26
Stress -1.04315e-11 110.344 -3.51599e-13 110.344 9.84571e-12 7.66491e-16 -3.51599e-13 7.66491e-16 -1.75897e-13
Strain 0 0.00866667 0 0.00866667 0 0 0 0 0
Strain mean -1.17004e-18 0.00866667 -1.758e-18 0.00866667 -4.30927e-33 3.83245e-21 -1.758e-18 3.83245e-21 4.85695e-33
Plastic strain_mean 5.0108e-17 0.00811495 0 0.00811495 -5.0108e-17 0 0 0 0
Plastic strain_rate_mean 0 0 0 0 0 0 0 0 0
Dissipation 0.0364168
End step 26
Begin step 27
Stress -3.80544e-12 110.559 2.73108e-12 110.559 2.81929e-12 -2.92126e-12 2.73108e-12 -2.92126e-12 -2.96107e-13
Strain 0 0.009 0 0.009 0 0 0 0 0
Strain mean -1.96967e-18 0.009 1.36554e-17 0.009 -5.27705e-32 -1.46063e-17 1.36554e-17 -1.46063e-17 1.01202e-32
Plastic strain_mean 1.5577e-17 0.00844721 0 0.00844721 -1.5577e-17 0 0 0 0
Plastic strain_rate_mean 0 0 0 0 0 0 0 0 0
Dissipation 0.0364784
End step 27
Begin step 28
Stress 3.03224e-12 110.774 5.9233e-12 110.774 -3.96452e-12 -5.84328e-12 5.9233e-12 -5.84328e-12 -2.79932e-13
Strain 0 0.00933333 0 0.00933333 0 0 0 0 0
Strain mean -1.86208e-18 0.00933333 2.96165e-17 0.00933333 -8.07687e-32 -2.92164e-17 2.96165e-17 -2.92164e-17 1.0703e-32
Plastic strain_mean -1.8423e-17 0.00877946 0 0.00877946 1.8423e-17 0 0 0 0
Plastic strain_rate_mean 0 0 0 0 0 0 0 0 0
Dissipation 0.03654
End step 28
Begin step 29
Stress 1.09975e-11 110.989 9.41149e-12 110.989 -1.03069e-11 -8.7653e-12 9.41149e-12 -8.7653e-12 2.07373e-13
Strain 0 0.00966667 0 0.00966667 0 0 0 0 0
Strain mean 1.37942e-18 0.00966667 4.70574e-17 0.00966667 -2.17871e-32 -4.38265e-17 4.70574e-17 -4.38265e-17 1.68985e-32
Plastic strain_mean -5.25712e-17 0.00911172 0 0.00911172 5.25712e-17 0 0 0 0
Plastic strain_rate_mean 0 0 0 0 0 0 0 0 0
Dissipation 0.0366017
End step 29
Begin step 30
Stress 1.69426e-11 111.205 1.27784e-11 111.205 -1.75212e-11 -1.16873e-11 1.27784e-11 -1.16873e-11 -1.73731e-13
Strain 0 0.01 0 0.01 0 0 0 0 0
Strain mean -1.15564e-18 0.01 6.38919e-17 0.01 8.81113e-33 -5.84366e-17 6.38919e-17 -5.84366e-17 1.99514e-32
Plastic strain_mean -8.67373e-17 0.00944398 0 0.00944398 8.67373e-17 0 0 0 0
Plastic strain_rate_mean 0 0 0 0 0 0 0 0 0
Dissipation 0.0366633
End step 30
