Begin step 0
Stress 0 0 0 0 0 0 0 0 0
Strain 0 0 0 0 0 0 0 0 0
Strain mean 0 0 0 0 0 0 0 0 0
Plastic strain_mean 0 0 0 0 0 0 0 0 0
Plastic strain_rate_mean 0 0 0 0 0 0 0 0 0
Dissipation 0
End step 0
Begin step 1
Stress -2.36072e-14 6.35975 -1.0774e-12 6.35975 2.48443e-14 1.57714e-12 -1.0774e-12 1.57714e-12 3.71455e-16
Strain 0 3.33333e-05 0 3.33333e-05 0 0 0 0 0
Strain mean 2.47088e-21 3.33333e-05 -5.38699e-18 3.33333e-05 1.0725e-32 7.88571e-18 -5.38699e-18 7.88571e-18 4.25134e-33
Plastic strain_mean 1.22364e-19 1.53456e-06 0 1.53456e-06 -1.22364e-19 0 0 0 0
Plastic strain_rate_mean 0 0 0 0 0 0 0 0 0
Dissipation 9.75859e-06
End step 1
Begin step 2
Stress 9.25982e-14 12.4245 -2.20686e-12 12.4245 -9.64649e-14 1.85779e-12 -2.20686e-12 1.85779e-12 -1.16104e-15
Strain 0 6.66667e-05 0 6.66667e-05 0 0 0 0 0
Strain mean -7.72308e-21 6.66667e-05 -1.10343e-17 6.66667e-05 1.3963e-33 9.28895e-18 -1.10343e-17 9.28895e-18 -2.10649e-34
Plastic strain_mean -4.76519e-19 4.5442e-06 0 4.5442e-06 4.76519e-19 0 0 0 0
Plastic strain_rate_mean 0 0 0 0 0 0 0 0 0
Dissipation 3.73883e-05
End step 2
Begin step 3
Stress -1.01543e-13 18.2038 1.79537e-14 18.2038 1.05385e-13 2.27081e-13 1.79537e-14 2.27081e-13 1.15339e-15
Strain 0 0.0001 0 0.0001 0 0 0 0 0
Strain mean 7.67224e-21 0.0001 8.97683e-20 0.0001 1.50945e-32 1.13541e-18 8.97683e-20 1.13541e-18 -2.12191e-33
Plastic strain_mean 5.21156e-19 8.98102e-06 0 8.98102e-06 -5.21156e-19 0 0 0 0
Plastic strain_rate_mean 0 0 0 0 0 0 0 0 0
Dissipation 8.07526e-05
End step 3
Begin step 4
Stress -2.93401e-13 23.7054 -2.67295e-13 23.7054 2.91075e-13 4.70634e-13 -2.67295e-13 4.70634e-13 -6.98696e-16
Strain 0 0.000133333 0 0.000133333 0 0 0 0 0
Strain mean -4.64764e-21 0.000133333 -1.33647e-18 0.000133333 -1.65359e-33 2.35317e-18 -1.33647e-18 2.35317e-18 -2.46233e-33
Plastic strain_mean 1.45887e-18 1.48062e-05 0 1.48062e-05 -1.45887e-18 0 0 0 0
Plastic strain_rate_mean 0 0 0 0 0 0 0 0 0
Dissipation 0.000138058
End step 4
Begin step 5
Stress -5.80881e-13 28.9357 3.21799e-13 28.9357 5.75995e-13 3.16109e-13 3.21799e-13 3.16109e-13 -1.46726e-15
Strain 0 0.000166667 0 0.000166667 0 0 0 0 0
Strain mean -9.76005e-21 0.000166667 1.609e-18 0.000166667 2.43149e-33 1.58054e-18 1.609e-18 1.58054e-18 -3.64986e-33
Plastic strain_mean 2.88731e-18 2.19882e-05 0 2.19882e-05 -2.88731e-18 0 0 0 0
Plastic strain_rate_mean 0 0 0 0 0 0 0 0 0
Dissipation 0.000207758
End step 5
Begin step 6
Stress -9.15198e-13 33.8998 -3.24635e-12 33.8998 9.04148e-13 3.17824e-12 -3.24635e-12 3.17824e-12 -3.31771e-15
Strain 0 0.0002 0 0.0002 0 0 0 0 0
Strain mean -2.2069e-20 0.0002 -1.62317e-17 0.0002 1.2681e-32 1.58912e-17 -1.62317e-17 1.58912e-17 -4.05649e-33
Plastic strain_mean 4.53733e-18 3.0501e-05 0 3.0501e-05 -4.53733e-18 0 0 0 0
Plastic strain_rate_mean 0 0 0 0 0 0 0 0 0
Dissipation 0.000288489
End step 6
Begin step 7
Stress -7.9692e-13 38.602 3.50242e-13 38.602 8.25076e-13 1.62379e-12 3.50242e-13 1.62379e-12 8.45422e-15
Strain 0 0.000233333 0 0.000233333 0 0 0 0 0
Strain mean 5.62365e-20 0.000233333 1.75121e-18 0.000233333 1.94293e-32 8.11894e-18 1.75121e-18 8.11894e-18 -5.57466e-34
Plastic strain_mean 4.08311e-18 4.03232e-05 0 4.03232e-05 -4.08311e-18 0 0 0 0
Plastic strain_rate_mean 0 0 0 0 0 0 0 0 0
Dissipation 0.000379011
End step 7
Begin step 8
Stress -7.5948e-13 43.046 7.60596e-13 43.046 7.58193e-13 2.19571e-12 7.60596e-13 2.19571e-12 -3.86466e-16
Strain 0 0.000266667 0 0.000266667 0 0 0 0 0
Strain mean -2.57073e-21 0.000266667 3.80298e-18 0.000266667 -1.12501e-32 1.09785e-17 3.80298e-18 1.09785e-17 -7.28995e-34
Plastic strain_mean 3.7929e-18 5.14364e-05 0 5.14364e-05 -3.7929e-18 0 0 0 0
Plastic strain_rate_mean 0 0 0 0 0 0 0 0 0
Dissipation 0.000478173
End step 8
Begin step 9
Stress -7.31828e-13 47.235 1.36755e-12 47.235 7.37573e-13 2.85466e-12 1.36755e-12 2.85466e-12 1.7249e-15
Strain 0 0.0003 0 0.0003 0 0 0 0 0
Strain mean 1.14739e-20 0.0003 6.83777e-18 0.0003 -2.19436e-32 1.42733e-17 6.83777e-18 1.42733e-17 -1.49937e-33
Plastic strain_mean 3.67924e-18 6.38248e-05 0 6.38248e-05 -3.67924e-18 0 0 0 0
Plastic strain_rate_mean 0 0 0 0 0 0 0 0 0
Dissipation 0.000584875
End step 9
Begin step 10
Stress -5.93976e-13 51.1719 7.15559e-13 51.1719 5.66111e-13 -3.13538e-13 7.15559e-13 -3.13538e-13 -8.36688e-15
Strain 0 0.000333333 0 0.000333333 0 0 0 0 0
Strain mean -5.56555e-20 0.000333333 3.5778e-18 0.000333333 -3.06102e-32 -1.56769e-18 3.5778e-18 -1.56769e-18 1.28195e-33
Plastic strain_mean 2.87239e-18 7.74736e-05 0 7.74736e-05 -2.87239e-18 0 0 0 0
Plastic strain_rate_mean 0 0 0 0 0 0 0 0 0
Dissipation 0.000698048
End step 10
Begin step 11
Stress -4.20009e-13 54.8596 1.03539e-12 54.8596 4.26735e-13 -2.7687e-13 1.03539e-12 -2.7687e-13 2.01967e-15
Strain 0 0.000366667 0 0.000366667 0 0 0 0 0
Strain mean 1.34346e-20 0.000366667 5.17695e-18 0.000366667 1.49741e-32 -1.38435e-18 5.17695e-18 -1.38435e-18 3.4757e-34
Plastic strain_mean 2.12358e-18 9.23686e-05 0 9.23686e-05 -2.12358e-18 0 0 0 0
Plastic strain_rate_mean 0 0 0 0 0 0 0 0 0
Dissipation 0.000816624
End step 11
Begin step 12
Stress -2.98845e-13 58.301 1.4383e-12 58.301 2.75284e-13 -1.85383e-13 1.4383e-12 -1.85383e-13 -7.07429e-15
Strain 0 0.0004 0 0.0004 0 0 0 0 0
Strain mean -4.70574e-20 0.0004 7.19152e-18 0.0004 6.19909e-32 -9.26916e-19 7.19152e-18 -9.26916e-19 1.09688e-33
Plastic strain_mean 1.41179e-18 0.000108495 0 0.000108495 -1.41179e-18 0 0 0 0
Plastic strain_rate_mean 0 0 0 0 0 0 0 0 0
Dissipation 0.000939526
End step 12
Begin step 13
Stress -1.59587e-13 61.4995 1.85592e-12 61.4995 1.2957e-13 -3.81508e-14 1.85592e-12 -3.81508e-14 -9.01317e-15
Strain 0 0.000433333 0 0.000433333 0 0 0 0 0
Strain mean -5.99546e-20 0.000433333 9.27959e-18 0.000433333 -1.71023e-31 -1.90754e-19 9.27959e-18 -1.90754e-19 -7.03416e-35
Plastic strain_mean 6.92915e-19 0.000125836 0 0.000125836 -6.92915e-19 0 0 0 0
Plastic strain_rate_mean 0 0 0 0 0 0 0 0 0
Dissipation 0.00106565
End step 13
Begin step 14
Stress -1.06238e-12 64.4588 -4.38047e-14 64.4588 1.03428e-12 -2.40047e-12 -4.38047e-14 -2.40047e-12 -8.43675e-15
Strain 0 0.000466667 0 0.000466667 0 0 0 0 0
Strain mean -5.61203e-20 0.000466667 -2.19024e-19 0.000466667 -1.28851e-31 -1.20024e-17 -2.19024e-19 -1.20024e-17 3.81575e-33
Plastic strain_mean 5.21358e-18 0.000144373 0 0.000144373 -5.21358e-18 0 0 0 0
Plastic strain_rate_mean 0 0 0 0 0 0 0 0 0
Dissipation 0.00119385
End step 14
Begin step 15
Stress -1.90936e-12 67.1835 -3.90337e-14 67.1835 1.91258e-12 -2.54489e-12 -3.90337e-14 -2.54489e-12 9.6944e-16
Strain 0 0.0005 0 0.0005 0 0 0 0 0
Strain mean 6.4486e-21 0.0005 -1.95169e-19 0.0005 -1.14072e-31 -1.27245e-17 -1.95169e-19 -1.27245e-17 4.45973e-33
Plastic strain_mean 9.55807e-18 0.000164083 0 0.000164083 -9.55807e-18 0 0 0 0
Plastic strain_rate_mean 0 0 0 0 0 0 0 0 0
Dissipation 0.00132296
End step 15
Begin step 16
Stress -2.72696e-12 69.6789 3.64517e-14 69.6789 2.72725e-12 -2.55963e-12 3.64517e-14 -2.55963e-12 8.7337e-17
Strain 0 0.000533333 0 0.000533333 0 0 0 0 0
Strain mean 5.80955e-22 0.000533333 1.82258e-19 0.000533333 8.43798e-33 -1.27981e-17 1.82258e-19 -1.27981e-17 5.37455e-33
Plastic strain_mean 1.36358e-17 0.000184939 0 0.000184939 -1.36358e-17 0 0 0 0
Plastic strain_rate_mean 0 0 0 0 0 0 0 0 0
Dissipation 0.00145176
End step 16
Begin step 17
Stress -3.42366e-12 71.9515 1.59387e-13 71.9515 3.45944e-12 -2.39462e-12 1.59387e-13 -2.39462e-12 1.07424e-14
Strain 0 0.000566667 0 0.000566667 0 0 0 0 0
Strain mean 7.14575e-20 0.000566667 7.96934e-19 0.000566667 -1.05565e-32 -1.19731e-17 7.96934e-19 -1.19731e-17 5.92825e-33
Plastic strain_mean 1.72435e-17 0.000206909 0 0.000206909 -1.72435e-17 0 0 0 0
Plastic strain_rate_mean 0 0 0 0 0 0 0 0 0
Dissipation 0.00157904
End step 17
Begin step 18
Stress -4.02896e-12 74.009 2.76611e-13 74.009 4.04306e-12 -2.02065e-12 2.76611e-13 -2.02065e-12 4.23584e-15
Strain 0 0.0006 0 0.0006 0 0 0 0 0
Strain mean 2.81763e-20 0.0006 1.38305e-18 0.0006 -3.82538e-32 -1.01032e-17 1.38305e-18 -1.01032e-17 6.16298e-33
Plastic strain_mean 2.01941e-17 0.000229955 0 0.000229955 -2.01941e-17 0 0 0 0
Plastic strain_rate_mean 0 0 0 0 0 0 0 0 0
Dissipation 0.00170356
End step 18
Begin step 19
Stress -4.51548e-12 75.8602 2.76491e-13 75.8602 4.4295e-12 -1.43777e-12 2.76491e-13 -1.43777e-12 -2.58168e-14
Strain 0 0.000633333 0 0.000633333 0 0 0 0 0
Strain mean -1.7173e-19 0.000633333 1.38246e-18 0.000633333 1.24752e-31 -7.18883e-18 1.38246e-18 -7.18883e-18 4.98334e-33
Plastic strain_mean 2.22766e-17 0.000254033 0 0.000254033 -2.22766e-17 0 0 0 0
Plastic strain_rate_mean 0 0 0 0 0 0 0 0 0
Dissipation 0.00182414
End step 19
Begin step 20
Stress -4.68202e-12 77.5151 4.49083e-14 77.5151 4.651e-12 -6.96287e-13 4.49083e-14 -6.96287e-13 -9.31449e-15
Strain 0 0.000666667 0 0.000666667 0 0 0 0 0
Strain mean -6.19589e-20 0.000666667 2.24542e-19 0.000666667 -1.11704e-32 -3.48144e-18 2.24542e-19 -3.48144e-18 4.65232e-33
Plastic strain_mean 2.33016e-17 0.000279091 0 0.000279091 -2.33016e-17 0 0 0 0
Plastic strain_rate_mean 0 0 0 0 0 0 0 0 0
Dissipation 0.00193967
End step 20
Begin step 21
Stress -2.9334e-12 78.9852 1.50454e-12 78.9852 3.01263e-12 -1.45649e-13 1.50454e-12 -1.45649e-13 2.37906e-14
Strain 0 0.0007 0 0.0007 0 0 0 0 0
Strain mean 1.58252e-19 0.0007 7.52268e-18 0.0007 -1.52245e-31 -7.28245e-19 7.52268e-18 -7.28245e-19 -5.86807e-34
Plastic strain_mean 1.49442e-17 0.000305074 0 0.000305074 -1.49442e-17 0 0 0 0
Plastic strain_rate_mean 0 0 0 0 0 0 0 0 0
Dissipation 0.00204915
End step 21
Begin step 22
Stress -1.85741e-12 80.2827 1.19758e-12 80.2827 1.86294e-12 -6.36329e-13 1.19758e-12 -6.36329e-13 1.6594e-15
Strain 0 0.000733333 0 0.000733333 0 0 0 0 0
Strain mean 1.10382e-20 0.000733333 5.98791e-18 0.000733333 -4.45853e-32 -3.18165e-18 5.98791e-18 -3.18165e-18 -7.16205e-34
Plastic strain_mean 9.3064e-18 0.00033192 0 0.00033192 -9.3064e-18 0 0 0 0
Plastic strain_rate_mean 0 0 0 0 0 0 0 0 0
Dissipation 0.00215172
End step 22
Begin step 23
Stress -1.36294e-12 81.4209 2.91712e-13 81.4209 1.31501e-12 -1.07404e-12 2.91712e-13 -1.07404e-12 -1.43931e-14
Strain 0 0.000766667 0 0.000766667 0 0 0 0 0
Strain mean -9.57414e-20 0.000766667 1.45856e-18 0.000766667 4.79797e-32 -5.37022e-18 1.45856e-18 -5.37022e-18 3.34856e-33
Plastic strain_mean 6.647e-18 0.000359562 0 0.000359562 -6.647e-18 0 0 0 0
Plastic strain_rate_mean 0 0 0 0 0 0 0 0 0
Dissipation 0.00224675
End step 23
Begin step 24
Stress -7.62194e-13 82.4133 4.69145e-13 82.4133 7.33369e-13 -1.14829e-12 4.69145e-13 -1.14829e-12 -8.65509e-15
Strain 0 0.0008 0 0.0008 0 0 0 0 0
Strain mean -5.75727e-20 0.0008 2.34572e-18 0.0008 1.20611e-32 -5.74144e-18 2.34572e-18 -5.74144e-18 3.32862e-33
Plastic strain_mean 3.71012e-18 0.000387934 0 0.000387934 -3.71012e-18 0 0 0 0
Plastic strain_rate_mean 0 0 0 0 0 0 0 0 0
Dissipation 0.0023338
End step 24
Begin step 25
Stress -2.25799e-13 83.2738 5.47636e-13 83.2738 1.5253e-13 -1.04676e-12 5.47636e-13 -1.04676e-12 -2.20002e-14
Strain 0 0.000833333 0 0.000833333 0 0 0 0 0
Strain mean -1.46343e-19 0.000833333 2.73818e-18 0.000833333 6.50001e-34 -5.23378e-18 2.73818e-18 -5.23378e-18 2.91795e-33
Plastic strain_mean 8.72652e-19 0.000416964 0 0.000416964 -8.72652e-19 0 0 0 0
Plastic strain_rate_mean 0 0 0 0 0 0 0 0 0
Dissipation 0.00241266
End step 25
Begin step 26
Stress 3.38344e-13 84.0164 4.45914e-13 84.0164 -2.96256e-13 -8.7654e-13 4.45914e-13 -8.7654e-13 1.26377e-14
Strain 0 0.000866667 0 0.000866667 0 0 0 0 0
Strain mean 8.40642e-20 0.000866667 2.22957e-18 0.000866667 3.10556e-33 -4.3827e-18 2.22957e-18 -4.3827e-18 2.62596e-33
Plastic strain_mean -1.54447e-18 0.000446585 0 0.000446585 1.54447e-18 0 0 0 0
Plastic strain_rate_mean 0 0 0 0 0 0 0 0 0
Dissipation 0.00248335
End step 26
Begin step 27
Stress 1.62491e-15 84.6542 -1.94701e-12 84.6542 -1.22567e-13 -3.28971e-12 -1.94701e-12 -3.28971e-12 -3.63147e-14
Strain 0 0.0009 0 0.0009 0 0 0 0 0
Strain mean -2.41561e-19 0.0009 -9.73507e-18 0.0009 1.37223e-32 -1.64486e-17 -9.73507e-18 -1.64486e-17 -8.40187e-33
Plastic strain_mean -4.31259e-19 0.000476729 0 0.000476729 4.31259e-19 0 0 0 0
Plastic strain_rate_mean 0 0 0 0 0 0 0 0 0
Dissipation 0.00254608
End step 27
Begin step 28
Stress 1.67072e-16 85.2002 -1.70892e-12 85.2002 2.68688e-14 -4.86611e-12 -1.70892e-12 -4.86611e-12 8.11797e-15
Strain 0 0.000933333 0 0.000933333 0 0 0 0 0
Strain mean 5.39998e-20 0.000933333 -8.54458e-18 0.000933333 -5.20001e-33 -2.43306e-17 -8.54458e-18 -2.43306e-17 -6.75881e-33
Plastic strain_mean 9.37543e-20 0.000507332 0 0.000507332 -9.37543e-20 0 0 0 0
Plastic strain_rate_mean 0 0 0 0 0 0 0 0 0
Dissipation 0.00260123
End step 28
Begin step 29
Stress -1.53298e-14 85.6662 -1.35608e-12 85.6662 3.79155e-14 -6.16804e-12 -1.35608e-12 -6.16804e-12 6.78171e-15
Strain 0 0.000966667 0 0.000966667 0 0 0 0 0
Strain mean 4.51112e-20 0.000966667 -6.78042e-18 0.000966667 4.86297e-33 -3.08402e-17 -6.78042e-18 -3.08402e-17 -5.54307e-33
Plastic strain_mean 1.55669e-19 0.000538336 0 0.000538336 -1.55669e-19 0 0 0 0
Plastic strain_rate_mean 0 0 0 0 0 0 0 0 0
Dissipation 0.00264931
End step 29
Begin step 30
Stress 1.11676e-13 86.0631 -7.85197e-13 86.0631 -8.80864e-14 -6.27997e-12 -7.85197e-13 -6.27997e-12 7.08303e-15
Strain 0 0.001 0 0.001 0 0 0 0 0
Strain mean 4.71155e-20 0.001 -3.92599e-18 0.001 -4.10464e-33 -3.13998e-17 -3.92599e-18 -3.13998e-17 -4.01436e-33
Plastic strain_mean -4.75847e-19 0.000569685 0 0.000569685 4.75847e-19 0 0 0 0
Plastic strain_rate_mean 0 0 0 0 0 0 0 0 0
Dissipation 0.00269091
End step 30
