Begin step 0
Stress 0 0 0 0 0 0 0 0 0
Strain 0 0 0 0 0 0 0 0 0
Strain mean 0 0 0 0 0 0 0 0 0
Plastic strain_mean 0 0 0 0 0 0 0 0 0
Plastic strain_rate_mean 0 0 0 0 0 0 0 0 0
Dissipation 0
End step 0
Begin step 1
Stress 158.288 -4.3757e-11 -1.57492e-11 -4.3757e-11 1.97651e-13 -4.28026e-12 -1.57492e-11 -4.28026e-12 3.96421e-13
Strain 0.00133333 0 0 0 0 0 0 0 0
Strain mean 0.00133333 5.52575e-13 8.53133e-14 5.52575e-13 -0.000517698 -2.91777e-17 8.53133e-14 -2.91777e-17 -0.000517698
Plastic strain_mean 2.88801e-05 5.52779e-13 8.53868e-14 5.52779e-13 -1.444e-05 -9.21606e-18 8.53868e-14 -9.21606e-18 -1.444e-05
Plastic strain_rate_mean 0 0 0 0 0 0 0 0 0
Dissipation 0.000380946
End step 1
Begin step 2
Stress 313.028 -8.53641e-11 -3.39648e-12 -8.53641e-11 1.14045e-12 2.13815e-12 -3.39648e-12 2.13815e-12 -1.46934e-13
Strain 0.00266667 0 0 0 0 0 0 0 0
Strain mean 0.00266667 5.48648e-13 8.48754e-14 5.48648e-13 -0.00103873 -1.53504e-16 8.48754e-14 -1.53504e-16 -0.00103873
Plastic strain_mean 8.69926e-05 5.49046e-13 8.48913e-14 5.49046e-13 -4.34963e-05 -1.63475e-16 8.48913e-14 -1.63475e-16 -4.34963e-05
Plastic strain_rate_mean 0 0 0 0 0 0 0 0 0
Dissipation 0.0015159
End step 2
Begin step 3
Stress 464.051 -1.30215e-10 6.12006e-12 -1.30215e-10 5.03914e-13 -1.42109e-11 6.12006e-12 -1.42109e-11 -8.94202e-14
Strain 0.004 0 0 0 0 0 0 0 0
Strain mean 0.004 5.70499e-13 8.8793e-14 5.70499e-13 -0.00156327 -9.20657e-16 8.8793e-14 -9.20657e-16 -0.00156327
Plastic strain_mean 0.00017574 5.71106e-13 8.87645e-14 5.71106e-13 -8.78701e-05 -8.54382e-16 8.87645e-14 -8.54382e-16 -8.78701e-05
Plastic strain_rate_mean 0 0 0 0 0 0 0 0 0
Dissipation 0.00343195
End step 3
Begin step 4
Stress 611.024 -2.04263e-10 4.90625e-11 -2.04263e-10 2.4136e-12 3.64751e-11 4.90625e-11 3.64751e-11 1.78572e-12
Strain 0.00533333 0 0 0 0 0 0 0 0
Strain mean 0.00533333 5.70134e-13 8.90019e-14 5.70134e-13 -0.00209162 -6.90248e-16 8.90019e-14 -6.90248e-16 -0.00209162
Plastic strain_mean 0.000297866 5.71087e-13 8.87731e-14 5.71087e-13 -0.000148933 -8.60355e-16 8.87731e-14 -8.60355e-16 -0.000148933
Plastic strain_rate_mean 0 0 0 0 0 0 0 0 0
Dissipation 0.00621847
End step 4
Begin step 5
Stress 753.365 -2.00178e-10 2.31672e-11 -2.00178e-10 -2.34675e-12 1.02646e-11 2.31672e-11 1.02646e-11 1.12654e-12
Strain 0.00666667 0 0 0 0 0 0 0 0
Strain mean 0.00666667 5.70118e-13 8.88907e-14 5.70118e-13 -0.00262432 -8.74723e-16 8.88907e-14 -8.74723e-16 -0.00262432
Plastic strain_mean 0.000458161 5.71051e-13 8.87826e-14 5.71051e-13 -0.00022908 -9.22594e-16 8.87826e-14 -9.22594e-16 -0.00022908
Plastic strain_rate_mean 0 0 0 0 0 0 0 0 0
Dissipation 0.0100634
End step 5
Begin step 6
Stress 890.038 -2.4712e-10 -1.87993e-12 -2.4712e-10 -4.34261e-13 5.22453e-12 -1.87993e-12 5.22453e-12 -7.05296e-14
Strain 0.008 0 0 0 0 0 0 0 0
Strain mean 0.008 5.69711e-13 8.87329e-14 5.69711e-13 -0.00316236 -1.32457e-15 8.87329e-14 -1.32457e-15 -0.00316236
Plastic strain_mean 0.00066517 5.70864e-13 8.87416e-14 5.70864e-13 -0.000332585 -1.34894e-15 8.87416e-14 -1.34894e-15 -0.000332585
Plastic strain_rate_mean 0 0 0 0 0 0 0 0 0
Dissipation 0.0153538
End step 6
Begin step 7
Stress 1018.96 -2.84394e-10 1.63208e-12 -2.84394e-10 -1.04072e-13 8.43607e-12 1.63208e-12 8.43607e-12 7.21314e-14
Strain 0.00933333 0 0 0 0 0 0 0 0
Strain mean 0.00933333 5.66537e-13 8.52061e-14 5.66537e-13 -0.0037077 -5.43526e-15 8.52061e-14 -5.43526e-15 -0.0037077
Plastic strain_mean 0.000936084 5.67863e-13 8.51985e-14 5.67863e-13 -0.000468042 -5.4746e-15 8.51985e-14 -5.4746e-15 -0.000468042
Plastic strain_rate_mean 0 0 0 0 0 0 0 0 0
Dissipation 0.0230042
End step 7
Begin step 8
Stress 1134.46 -3.09483e-10 -2.52369e-11 -3.09483e-10 -2.78568e-11 -3.32661e-12 -2.52369e-11 -3.32661e-12 -4.05729e-13
Strain 0.0106667 0 0 0 0 0 0 0 0
Strain mean 0.0106667 5.66237e-13 8.55413e-14 5.66237e-13 -0.00426566 -7.01399e-15 8.55413e-14 -7.01399e-15 -0.00426566
Plastic strain_mean 0.00131755 5.6768e-13 8.5659e-14 5.6768e-13 -0.000658777 -6.99848e-15 8.5659e-14 -6.99848e-15 -0.000658777
Plastic strain_rate_mean 0 0 0 0 0 0 0 0 0
Dissipation 0.0360634
End step 8
Begin step 9
Stress 1205.01 -3.41326e-10 4.98418e-12 -3.41326e-10 -1.67072e-11 1.88702e-12 4.98418e-12 1.88702e-12 1.33079e-13
Strain 0.012 0 0 0 0 0 0 0 0
Strain mean 0.012 5.61693e-13 8.87958e-14 5.61693e-13 -0.00486594 -1.92488e-14 8.87958e-14 -1.92488e-14 -0.00486594
Plastic strain_mean 0.0020695 5.63285e-13 8.87726e-14 5.63285e-13 -0.00103475 -1.92576e-14 8.87726e-14 -1.92576e-14 -0.00103475
Plastic strain_rate_mean 0 0 0 0 0 0 0 0 0
Dissipation 0.0755083
End step 9
Begin step 10
Stress 1211.83 -3.36941e-10 -1.34395e-13 -3.36941e-10 -2.64102e-13 -1.5696e-13 -1.34395e-13 -1.5696e-13 -2.32872e-13
Strain 0.0133333 0 0 0 0 0 0 0 0
Strain mean 0.0133333 2.09522e-13 4.85893e-13 2.09522e-13 -0.00552619 -1.47528e-12 4.85893e-13 -1.47528e-12 -0.00552619
Plastic strain_mean 0.00334663 2.11094e-13 4.85893e-13 2.11094e-13 -0.00167331 -1.47528e-12 4.85893e-13 -1.47528e-12 -0.00167331
Plastic strain_rate_mean 0 0 0 0 0 0 0 0 0
Dissipation 0.128972
End step 10
Begin step 11
Stress 1216.32 -3.37656e-10 -2.15965e-13 -3.37656e-10 -1.01314e-13 4.54935e-14 -2.15965e-13 4.54935e-14 -1.37607e-13
Strain 0.0146667 0 0 0 0 0 0 0 0
Strain mean 0.0146667 1.20555e-13 3.04331e-13 1.20555e-13 -0.00618862 -8.01813e-13 3.04331e-13 -8.01813e-13 -0.00618862
Plastic strain_mean 0.00464292 1.22129e-13 3.04332e-13 1.22129e-13 -0.00232146 -8.01813e-13 3.04332e-13 -8.01813e-13 -0.00232146
Plastic strain_rate_mean 0 0 0 0 0 0 0 0 0
Dissipation 0.131392
End step 11
Begin step 12
Stress 1220.81 -3.36916e-10 -6.91511e-12 -3.36916e-10 3.52891e-11 -1.76077e-11 -6.91511e-12 -1.76077e-11 -2.24984e-13
Strain 0.016 0 0 0 0 0 0 0 0
Strain mean 0.016 2.18403e-14 5.37544e-13 2.18403e-14 -0.00685106 -1.81561e-12 5.37544e-13 -1.81561e-12 -0.00685106
Plastic strain_mean 0.00593924 2.34116e-14 5.37576e-13 2.34116e-14 -0.00296962 -1.81553e-12 5.37576e-13 -1.81553e-12 -0.00296962
Plastic strain_rate_mean 0 0 0 0 0 0 0 0 0
Dissipation 0.13188
End step 12
Begin step 13
Stress 1225.3 -3.45906e-10 -5.49101e-12 -3.45906e-10 -7.90803e-12 -7.9264e-12 -5.49101e-12 -7.9264e-12 -3.81376e-13
Strain 0.0173333 0 0 0 0 0 0 0 0
Strain mean 0.0173333 3.2236e-14 2.99834e-13 3.2236e-14 -0.0075135 -8.84242e-13 2.99834e-13 -8.84242e-13 -0.0075135
Plastic strain_mean 0.00723556 3.38492e-14 2.99859e-13 3.38492e-14 -0.00361778 -8.84205e-13 2.99859e-13 -8.84205e-13 -0.00361778
Plastic strain_rate_mean 0 0 0 0 0 0 0 0 0
Dissipation 0.132365
End step 13
Begin step 14
Stress 1229.8 -3.55065e-10 -3.53741e-12 -3.55065e-10 -5.11411e-11 1.48401e-12 -3.53741e-12 1.48401e-12 -5.60735e-13
Strain 0.0186667 0 0 0 0 0 0 0 0
Strain mean 0.0186667 4.26309e-14 6.21256e-14 4.26309e-14 -0.00817594 4.71295e-14 6.21256e-14 4.71295e-14 -0.00817594
Plastic strain_mean 0.00853187 4.42868e-14 6.21421e-14 4.42868e-14 -0.00426594 4.71226e-14 6.21421e-14 4.71226e-14 -0.00426594
Plastic strain_rate_mean 0 0 0 0 0 0 0 0 0
Dissipation 0.132851
End step 14
Begin step 15
Stress 1234.29 -3.64061e-10 -1.39486e-12 -3.64061e-10 -9.4727e-11 1.0995e-11 -1.39486e-12 1.0995e-11 -1.03252e-12
Strain 0.02 0 0 0 0 0 0 0 0
Strain mean 0.02 5.30265e-14 -1.75582e-13 5.30265e-14 -0.00883838 9.78502e-13 -1.75582e-13 9.78502e-13 -0.00883838
Plastic strain_mean 0.00982819 5.47244e-14 -1.75575e-13 5.47244e-14 -0.0049141 9.7845e-13 -1.75575e-13 9.7845e-13 -0.0049141
Plastic strain_rate_mean 0 0 0 0 0 0 0 0 0
Dissipation 0.133336
End step 15
