Begin step 0
Stress 0 0 0 0 0 0 0 0 0
Strain 0 0 0 0 0 0 0 0 0
Strain mean 0 0 0 0 0 0 0 0 0
Plastic strain_mean 0 0 0 0 0 0 0 0 0
Plastic strain_rate_mean 0 0 0 0 0 0 0 0 0
Dissipation 0
End step 0
Begin step 1
Stress 3.8421e-13 55.7042 -1.73699e-12 55.7042 -3.95787e-13 -3.41301e-12 -1.73699e-12 -3.41301e-12 -3.47601e-15
Strain 0 0.000333333 0 0.000333333 0 0 0 0 0
Strain mean -2.3122e-20 0.000333333 -8.68494e-18 0.000333333 8.06483e-34 -1.7065e-17 -8.68494e-18 -1.7065e-17 3.23797e-33
Plastic strain_mean -1.96155e-18 5.48123e-05 0 5.48123e-05 1.96155e-18 0 0 0 0
Plastic strain_rate_mean 0 0 0 0 0 0 0 0 0
Dissipation 0.00305207
End step 1
Begin step 2
Stress 5.16636e-13 87.2058 1.14436e-12 87.2058 -4.94123e-13 6.84191e-12 1.14436e-12 6.84191e-12 6.75988e-15
Strain 0 0.000666667 0 0.000666667 0 0 0 0 0
Strain mean 4.49659e-20 0.000666667 5.72179e-18 0.000666667 -4.547e-33 3.42096e-17 5.72179e-18 3.42096e-17 1.40834e-33
Plastic strain_mean -2.50442e-18 0.000230638 0 0.000230638 2.50442e-18 0 0 0 0
Plastic strain_rate_mean 0 0 0 0 0 0 0 0 0
Dissipation 0.0153143
End step 2
Begin step 3
Stress 3.35993e-13 93.807 1.10736e-12 93.807 -3.36458e-13 -1.3773e-12 1.10736e-12 -1.3773e-12 -1.39739e-16
Strain 0 0.001 0 0.001 0 0 0 0 0
Strain mean -9.29529e-22 0.001 5.53681e-18 0.001 -1.28797e-33 -6.88652e-18 5.53681e-18 -6.88652e-18 -1.73785e-33
Plastic strain_mean -1.68159e-18 0.000530965 0 0.000530965 1.68159e-18 0 0 0 0
Plastic strain_rate_mean 0 0 0 0 0 0 0 0 0
Dissipation 0.0281117
End step 3
Begin step 4
Stress 7.82388e-13 94.827 -1.38582e-13 94.827 -6.06531e-13 1.56475e-13 -1.38582e-13 1.56475e-13 5.28039e-14
Strain 0 0.00133333 0 0.00133333 0 0 0 0 0
Strain mean 3.51246e-19 0.00133333 -6.92912e-19 0.00133333 2.0463e-34 7.82375e-19 -6.92912e-19 7.82375e-19 -1.72356e-33
Plastic strain_mean -3.29668e-18 0.000859198 0 0.000859198 3.29668e-18 0 0 0 0
Plastic strain_rate_mean 0 0 0 0 0 0 0 0 0
Dissipation 0.0310343
End step 4
Begin step 5
Stress -5.39967e-13 95.1416 -1.10486e-13 95.1416 5.09019e-13 3.2152e-13 -1.10486e-13 3.2152e-13 -9.29265e-15
Strain 0 0.00166667 0 0.00166667 0 0 0 0 0
Strain mean -6.18137e-20 0.00166667 -5.52428e-19 0.00166667 -3.55093e-34 1.6076e-18 -5.52428e-19 1.6076e-18 -2.72038e-33
Plastic strain_mean 2.59156e-18 0.00119096 0 0.00119096 -2.59156e-18 0 0 0 0
Plastic strain_rate_mean 0 0 0 0 0 0 0 0 0
Dissipation 0.0314512
End step 5
Begin step 6
Stress -8.11935e-14 95.37 -6.8707e-13 95.37 7.64814e-14 -6.49101e-13 -6.8707e-13 -6.49101e-13 -1.41486e-15
Strain 0 0.002 0 0.002 0 0 0 0 0
Strain mean -9.41148e-21 0.002 -3.43535e-18 0.002 -3.55093e-34 -3.2455e-18 -3.43535e-18 -3.2455e-18 -2.13056e-33
Plastic strain_mean 3.89481e-19 0.00152315 0 0.00152315 -3.89481e-19 0 0 0 0
Plastic strain_rate_mean 0 0 0 0 0 0 0 0 0
Dissipation 0.0315495
End step 6
Begin step 7
Stress 1.75996e-13 95.5846 -4.21353e-13 95.5846 1.10914e-13 -6.0085e-13 -4.21353e-13 -6.0085e-13 8.61492e-14
Strain 0 0.00233333 0 0.00233333 0 0 0 0 0
Strain mean 5.73054e-19 0.00233333 -2.10677e-18 0.00233333 1.56482e-34 -3.00425e-18 -2.10677e-18 -3.00425e-18 -1.67315e-33
Plastic strain_mean 1.23822e-19 0.00185541 0 0.00185541 -1.23822e-19 0 0 0 0
Plastic strain_rate_mean 0 0 0 0 0 0 0 0 0
Dissipation 0.0316108
End step 7
Begin step 8
Stress -6.50745e-13 95.7945 -3.19012e-12 95.7945 8.77474e-13 -2.04027e-12 -3.19012e-12 -2.04027e-12 6.80792e-14
Strain 0 0.00266667 0 0.00266667 0 0 0 0 0
Strain mean 4.52855e-19 0.00266667 -1.59506e-17 0.00266667 -5.77779e-34 -1.02013e-17 -1.59506e-17 -1.02013e-17 -1.59867e-33
Plastic strain_mean 4.04697e-18 0.00218769 0 0.00218769 -4.04697e-18 0 0 0 0
Plastic strain_rate_mean 0 0 0 0 0 0 0 0 0
Dissipation 0.0316673
End step 8
Begin step 9
Stress -6.38044e-13 96.0015 -2.48415e-12 96.0015 7.28794e-13 -1.58435e-12 -2.48415e-12 -1.58435e-12 2.72491e-14
Strain 0 0.003 0 0.003 0 0 0 0 0
Strain mean 1.81258e-19 0.003 -1.24208e-17 0.003 -9.87039e-34 -7.92175e-18 -1.24208e-17 -7.92175e-18 -1.88305e-33
Plastic strain_mean 3.50772e-18 0.00251999 0 0.00251999 -3.50772e-18 0 0 0 0
Plastic strain_rate_mean 0 0 0 0 0 0 0 0 0
Dissipation 0.0317229
End step 9
Begin step 10
Stress -6.52507e-13 96.2064 -2.12419e-12 96.2064 5.1772e-13 -1.27381e-12 -2.12419e-12 -1.27381e-12 -4.04719e-14
Strain 0 0.00333333 0 0.00333333 0 0 0 0 0
Strain mean -2.69215e-19 0.00333333 -1.06209e-17 0.00333333 1.61297e-33 -6.36907e-18 -1.06209e-17 -6.36907e-18 -1.50426e-33
Plastic strain_mean 2.79096e-18 0.0028523 0 0.0028523 -2.79096e-18 0 0 0 0
Plastic strain_rate_mean 0 0 0 0 0 0 0 0 0
Dissipation 0.0317782
End step 10
Begin step 11
Stress -4.66225e-13 96.4097 -1.28356e-12 96.4097 5.32687e-13 -1.04524e-12 -1.28356e-12 -1.04524e-12 1.99565e-14
Strain 0 0.00366667 0 0.00366667 0 0 0 0 0
Strain mean 1.32748e-19 0.00366667 -6.41782e-18 0.00366667 5.59723e-34 -5.22619e-18 -6.41782e-18 -5.22619e-18 -2.31864e-33
Plastic strain_mean 2.56366e-18 0.00318462 0 0.00318462 -2.56366e-18 0 0 0 0
Plastic strain_rate_mean 0 0 0 0 0 0 0 0 0
Dissipation 0.0318333
End step 11
Begin step 12
Stress -4.13115e-13 96.6115 -1.08402e-12 96.6115 4.87809e-13 -8.84972e-13 -1.08402e-12 -8.84972e-13 2.24281e-14
Strain 0 0.004 0 0.004 0 0 0 0 0
Strain mean 1.49189e-19 0.004 -5.42008e-18 0.004 7.94446e-34 -4.42486e-18 -5.42008e-18 -4.42486e-18 -8.93752e-34
Plastic strain_mean 2.3269e-18 0.00351694 0 0.00351694 -2.3269e-18 0 0 0 0
Plastic strain_rate_mean 0 0 0 0 0 0 0 0 0
Dissipation 0.0318882
End step 12
Begin step 13
Stress -2.38514e-13 96.8123 -1.03203e-12 96.8123 6.38512e-13 -7.45552e-13 -1.03203e-12 -7.45552e-13 1.20106e-13
Strain 0 0.00433333 0 0.00433333 0 0 0 0 0
Strain mean 7.9893e-19 0.00433333 -5.16015e-18 0.00433333 6.65048e-34 -3.72776e-18 -5.16015e-18 -3.72776e-18 -8.08364e-34
Plastic strain_mean 2.59203e-18 0.00384927 0 0.00384927 -2.59203e-18 0 0 0 0
Plastic strain_rate_mean 0 0 0 0 0 0 0 0 0
Dissipation 0.0319431
End step 13
Begin step 14
Stress -3.48515e-13 97.0122 -7.52348e-13 97.0122 4.78241e-13 -6.23706e-13 -7.52348e-13 -6.23706e-13 3.89523e-14
Strain 0 0.00466667 0 0.00466667 0 0 0 0 0
Strain mean 2.59106e-19 0.00466667 -3.76174e-18 0.00466667 -3.82177e-34 -3.11853e-18 -3.76174e-18 -3.11853e-18 -3.83117e-34
Plastic strain_mean 2.19644e-18 0.00418161 0 0.00418161 -2.19644e-18 0 0 0 0
Plastic strain_rate_mean 0 0 0 0 0 0 0 0 0
Dissipation 0.0319979
End step 14
Begin step 15
Stress 2.42304e-12 97.2112 -2.64628e-12 97.2112 -2.03567e-12 -4.3762e-12 -2.64628e-12 -4.3762e-12 1.16315e-13
Strain 0 0.005 0 0.005 0 0 0 0 0
Strain mean 7.73716e-19 0.005 -1.32314e-17 0.005 4.1889e-33 -2.1881e-17 -1.32314e-17 -2.1881e-17 3.1176e-33
Plastic strain_mean -1.07599e-17 0.00451394 0 0.00451394 1.07599e-17 0 0 0 0
Plastic strain_rate_mean 0 0 0 0 0 0 0 0 0
Dissipation 0.0320527
End step 15
Begin step 16
Stress 1.66984e-12 97.4097 -2.16573e-12 97.4097 -1.94808e-12 -3.69672e-12 -2.16573e-12 -3.69672e-12 -8.35465e-14
Strain 0 0.00533333 0 0.00533333 0 0 0 0 0
Strain mean -5.55742e-19 0.00533333 -1.08287e-17 0.00533333 1.61297e-33 -1.84836e-17 -1.08287e-17 -1.84836e-17 2.06737e-33
Plastic strain_mean -9.32268e-18 0.00484628 0 0.00484628 9.32268e-18 0 0 0 0
Plastic strain_rate_mean 0 0 0 0 0 0 0 0 0
Dissipation 0.0321075
End step 16
Begin step 17
Stress 1.33987e-12 97.6076 -1.77268e-12 97.6076 -1.60875e-12 -3.14411e-12 -1.77268e-12 -3.14411e-12 -8.07343e-14
Strain 0 0.00566667 0 0.00566667 0 0 0 0 0
Strain mean -5.37035e-19 0.00566667 -8.86342e-18 0.00566667 -2.52778e-34 -1.57206e-17 -8.86342e-18 -1.57206e-17 1.99815e-33
Plastic strain_mean -7.64007e-18 0.00517863 0 0.00517863 7.64007e-18 0 0 0 0
Plastic strain_rate_mean 0 0 0 0 0 0 0 0 0
Dissipation 0.0321622
End step 17
Begin step 18
Stress 9.93776e-13 97.805 -1.3815e-12 97.805 -1.70849e-12 -2.67985e-12 -1.3815e-12 -2.67985e-12 -2.14604e-13
Strain 0 0.006 0 0.006 0 0 0 0 0
Strain mean -1.42752e-18 0.006 -6.90749e-18 0.006 -7.58335e-34 -1.33993e-17 -6.90749e-18 -1.33993e-17 1.29549e-33
Plastic strain_mean -7.46943e-18 0.00551097 0 0.00551097 7.46943e-18 0 0 0 0
Plastic strain_rate_mean 0 0 0 0 0 0 0 0 0
Dissipation 0.0322169
End step 18
Begin step 19
Stress 7.49786e-13 98.0021 -1.02455e-12 98.0021 -8.99349e-13 -2.28025e-12 -1.02455e-12 -2.28025e-12 -4.49087e-14
Strain 0 0.00633333 0 0.00633333 0 0 0 0 0
Strain mean -2.98727e-19 0.00633333 -5.12275e-18 0.00633333 -2.05834e-33 -1.14013e-17 -5.12275e-18 -1.14013e-17 8.81715e-34
Plastic strain_mean -4.2722e-18 0.00584332 0 0.00584332 4.2722e-18 0 0 0 0
Plastic strain_rate_mean 0 0 0 0 0 0 0 0 0
Dissipation 0.0322717
End step 19
Begin step 20
Stress 1.42263e-12 98.1988 -8.97548e-13 98.1988 -6.53351e-13 -1.9537e-12 -8.97548e-13 -1.9537e-12 2.30989e-13
Strain 0 0.00666667 0 0.00666667 0 0 0 0 0
Strain mean 1.53651e-18 0.00666667 -4.48774e-18 0.00666667 -6.37964e-34 -9.76851e-18 -4.48774e-18 -9.76851e-18 6.92131e-34
Plastic strain_mean -4.4217e-18 0.00617567 0 0.00617567 4.4217e-18 0 0 0 0
Plastic strain_rate_mean 0 0 0 0 0 0 0 0 0
Dissipation 0.0323264
End step 20
Begin step 21
Stress 4.00029e-13 98.3952 -4.45573e-13 98.3952 -9.14045e-13 -1.65843e-12 -4.45573e-13 -1.65843e-12 -1.54342e-13
Strain 0 0.007 0 0.007 0 0 0 0 0
Strain mean -1.02666e-18 0.007 -2.22787e-18 0.007 1.28797e-33 -8.29215e-18 -2.22787e-18 -8.29215e-18 8.79458e-34
Plastic strain_mean -3.79852e-18 0.00650802 0 0.00650802 3.79852e-18 0 0 0 0
Plastic strain_rate_mean 0 0 0 0 0 0 0 0 0
Dissipation 0.0323812
End step 21
Begin step 22
Stress 7.22142e-14 98.5914 -7.18078e-13 98.5914 -7.67033e-13 -1.43942e-12 -7.18078e-13 -1.43942e-12 -2.08631e-13
Strain 0 0.00733333 0 0.00733333 0 0 0 0 0
Strain mean -1.38779e-18 0.00733333 -3.59039e-18 0.00733333 1.09537e-33 -7.19709e-18 -3.59039e-18 -7.19709e-18 1.34589e-33
Plastic strain_mean -2.79201e-18 0.00684038 0 0.00684038 2.79201e-18 0 0 0 0
Plastic strain_rate_mean 0 0 0 0 0 0 0 0 0
Dissipation 0.032436
End step 22
Begin step 23
Stress 9.19662e-13 98.7874 -5.54182e-13 98.7874 -2.6539e-13 -1.20405e-12 -5.54182e-13 -1.20405e-12 1.96456e-13
Strain 0 0.00766667 0 0.00766667 0 0 0 0 0
Strain mean 1.3068e-18 0.00766667 -2.77091e-18 0.00766667 1.68519e-34 -6.02025e-18 -2.77091e-18 -6.02025e-18 3.86691e-34
Plastic strain_mean -2.30923e-18 0.00717273 0 0.00717273 2.30923e-18 0 0 0 0
Plastic strain_rate_mean 0 0 0 0 0 0 0 0 0
Dissipation 0.0324908
End step 23
Begin step 24
Stress 3.34001e-13 98.9832 -7.17317e-13 98.9832 -5.63901e-13 -1.07955e-12 -7.17317e-13 -1.07955e-12 -6.90311e-14
Strain 0 0.008 0 0.008 0 0 0 0 0
Strain mean -4.59187e-19 0.008 -3.58659e-18 0.008 -1.32408e-34 -5.39775e-18 -3.58659e-18 -5.39775e-18 4.54963e-34
Plastic strain_mean -2.47435e-18 0.00750508 0 0.00750508 2.47435e-18 0 0 0 0
Plastic strain_rate_mean 0 0 0 0 0 0 0 0 0
Dissipation 0.0325456
End step 24
Begin step 25
Stress 2.04858e-12 99.1788 2.05631e-12 99.1788 -2.11438e-12 -2.57399e-12 2.05631e-12 -2.57399e-12 -1.97556e-14
Strain 0 0.00833333 0 0.00833333 0 0 0 0 0
Strain mean -1.31412e-19 0.00833333 1.02816e-17 0.00833333 2.61204e-33 -1.28699e-17 1.02816e-17 -1.28699e-17 -2.94908e-33
Plastic strain_mean -1.04731e-17 0.00783744 0 0.00783744 1.04731e-17 0 0 0 0
Plastic strain_rate_mean 0 0 0 0 0 0 0 0 0
Dissipation 0.0326005
End step 25
Begin step 26
Stress 1.79376e-12 99.3743 1.27044e-12 99.3743 -2.09992e-12 -2.24041e-12 1.27044e-12 -2.24041e-12 -9.19309e-14
Strain 0 0.00866667 0 0.00866667 0 0 0 0 0
Strain mean -6.11514e-19 0.00866667 6.3522e-18 0.00866667 1.08334e-34 -1.12021e-17 6.3522e-18 -1.12021e-17 -1.19468e-33
Plastic strain_mean -1.004e-17 0.00816979 0 0.00816979 1.004e-17 0 0 0 0
Plastic strain_rate_mean 0 0 0 0 0 0 0 0 0
Dissipation 0.0326554
End step 26
Begin step 27
Stress 2.32776e-12 99.5697 1.63069e-12 99.5697 -1.46552e-12 -1.95939e-12 1.63069e-12 -1.95939e-12 2.58902e-13
Strain 0 0.009 0 0.009 0 0 0 0 0
Strain mean 1.72218e-18 0.009 8.15344e-18 0.009 2.09445e-33 -9.79694e-18 8.15344e-18 -9.79694e-18 -1.33611e-33
Plastic strain_mean -8.62212e-18 0.00850215 0 0.00850215 8.62212e-18 0 0 0 0
Plastic strain_rate_mean 0 0 0 0 0 0 0 0 0
Dissipation 0.0327103
End step 27
Begin step 28
Stress 1.42993e-12 99.7651 1.31544e-12 99.7651 -1.72755e-12 -1.69407e-12 1.31544e-12 -1.69407e-12 -8.93632e-14
Strain 0 0.00933333 0 0.00933333 0 0 0 0 0
Strain mean -5.94434e-19 0.00933333 6.57721e-18 0.00933333 -1.14352e-33 -8.47037e-18 6.57721e-18 -8.47037e-18 6.01853e-35
Plastic strain_mean -8.19092e-18 0.00883451 0 0.00883451 8.19092e-18 0 0 0 0
Plastic strain_rate_mean 0 0 0 0 0 0 0 0 0
Dissipation 0.0327652
End step 28
Begin step 29
Stress 1.84459e-12 99.9603 5.2473e-13 99.9603 -1.23633e-12 -1.49506e-12 5.2473e-13 -1.49506e-12 1.82639e-13
Strain 0 0.00966667 0 0.00966667 0 0 0 0 0
Strain mean 1.21489e-18 0.00966667 2.62365e-18 0.00966667 -2.62408e-33 -7.47528e-18 2.62365e-18 -7.47528e-18 -9.26854e-34
Plastic strain_mean -7.09486e-18 0.00916687 0 0.00916687 7.09486e-18 0 0 0 0
Plastic strain_rate_mean 0 0 0 0 0 0 0 0 0
Dissipation 0.0328202
End step 29
Begin step 30
Stress 1.31442e-12 100.156 7.01346e-13 100.156 -1.48411e-12 -1.33465e-12 7.01346e-13 -1.33465e-12 -5.09524e-14
Strain 0 0.01 0 0.01 0 0 0 0 0
Strain mean -3.38929e-19 0.01 3.50673e-18 0.01 -8.54631e-34 -6.67324e-18 3.50673e-18 -6.67324e-18 -1.83565e-34
Plastic strain_mean -7.16581e-18 0.00949922 0 0.00949922 7.16581e-18 0 0 0 0
Plastic strain_rate_mean 0 0 0 0 0 0 0 0 0
Dissipation 0.0328752
End step 30
