Begin step 0
Stress 0 0 0 0 0 0 0 0 0
Strain 0 0 0 0 0 0 0 0 0
Strain mean 0 0 0 0 0 0 0 0 0
Plastic strain_mean 0 0 0 0 0 0 0 0 0
Plastic strain_rate_mean 0 0 0 0 0 0 0 0 0
Dissipation 0
End step 0
Begin step 1
Stress 3.63907e-13 55.7088 -1.55445e-12 55.7088 -3.51509e-13 -3.08821e-12 -1.55445e-12 -3.08821e-12 3.72274e-15
Strain 0 0.000333333 0 0.000333333 0 0 0 0 0
Strain mean 2.47632e-20 0.000333333 -7.77224e-18 0.000333333 2.52778e-34 -1.54411e-17 -7.77224e-18 -1.54411e-17 2.95811e-33
Plastic strain_mean -1.77616e-18 5.47891e-05 0 5.47891e-05 1.77616e-18 0 0 0 0
Plastic strain_rate_mean 0 0 0 0 0 0 0 0 0
Dissipation 0.00305104
End step 1
Begin step 2
Stress 1.09865e-12 87.7448 3.92186e-13 87.7448 -1.15944e-12 6.01697e-12 3.92186e-13 6.01697e-12 -1.82534e-14
Strain 0 0.000666667 0 0.000666667 0 0 0 0 0
Strain mean -1.2142e-19 0.000666667 1.96093e-18 0.000666667 -4.00834e-33 3.00848e-17 1.96093e-18 3.00848e-17 -3.8985e-33
Plastic strain_mean -5.70595e-18 0.000227943 0 0.000227943 5.70595e-18 0 0 0 0
Plastic strain_rate_mean 0 0 0 0 0 0 0 0 0
Dissipation 0.0151753
End step 2
Begin step 3
Stress -6.39763e-13 94.8932 3.47319e-13 94.8932 5.749e-13 -7.05361e-13 3.47319e-13 -7.05361e-13 -1.94761e-14
Strain 0 0.001 0 0.001 0 0 0 0 0
Strain mean -1.29553e-19 0.001 1.7366e-18 0.001 -1.75741e-33 -3.5268e-18 1.7366e-18 -3.5268e-18 2.60076e-33
Plastic strain_mean 2.97188e-18 0.000525534 0 0.000525534 -2.97188e-18 0 0 0 0
Plastic strain_rate_mean 0 0 0 0 0 0 0 0 0
Dissipation 0.0281789
End step 3
Begin step 4
Stress -1.33597e-12 96.0494 -1.11266e-12 96.0494 1.38869e-12 -2.24698e-12 -1.11266e-12 -2.24698e-12 1.58298e-14
Strain 0 0.00133333 0 0.00133333 0 0 0 0 0
Strain mean 1.05298e-19 0.00133333 -5.56328e-18 0.00133333 9.62965e-34 -1.12349e-17 -5.56328e-18 -1.12349e-17 5.29631e-34
Plastic strain_mean 6.86428e-18 0.000853087 0 0.000853087 -6.86428e-18 0 0 0 0
Plastic strain_rate_mean 0 0 0 0 0 0 0 0 0
Dissipation 0.0313696
End step 4
Begin step 5
Stress -2.07981e-12 96.3908 -1.5296e-12 96.3908 2.05264e-12 -2.66204e-13 -1.5296e-12 -2.66204e-13 -8.15727e-15
Strain 0 0.00166667 0 0.00166667 0 0 0 0 0
Strain mean -5.42612e-20 0.00166667 -7.64798e-18 0.00166667 -5.65742e-34 -1.33102e-18 -7.64798e-18 -1.33102e-18 -3.2154e-33
Plastic strain_mean 1.0304e-17 0.00118471 0 0.00118471 -1.0304e-17 0 0 0 0
Plastic strain_rate_mean 0 0 0 0 0 0 0 0 0
Dissipation 0.0318514
End step 5
Begin step 6
Stress -1.03011e-12 96.627 -2.32826e-12 96.627 8.6757e-13 -1.58466e-12 -2.32826e-12 -1.58466e-12 -4.88039e-14
Strain 0 0.002 0 0.002 0 0 0 0 0
Strain mean -3.24638e-19 0.002 -1.16413e-17 0.002 -6.92131e-34 -7.92328e-18 -1.16413e-17 -7.92328e-18 -2.65116e-33
Plastic strain_mean 4.58187e-18 0.00151687 0 0.00151687 -4.58187e-18 0 0 0 0
Plastic strain_rate_mean 0 0 0 0 0 0 0 0 0
Dissipation 0.0319615
End step 6
Begin step 7
Stress -5.42687e-13 96.8461 -1.5183e-12 96.8461 4.75119e-13 -1.31548e-12 -1.5183e-12 -1.31548e-12 -2.02884e-14
Strain 0 0.00233333 0 0.00233333 0 0 0 0 0
Strain mean -1.34956e-19 0.00233333 -7.59151e-18 0.00233333 6.74075e-34 -6.57738e-18 -7.59151e-18 -6.57738e-18 -1.04572e-33
Plastic strain_mean 2.47704e-18 0.0018491 0 0.0018491 -2.47704e-18 0 0 0 0
Plastic strain_rate_mean 0 0 0 0 0 0 0 0 0
Dissipation 0.0320254
End step 7
Begin step 8
Stress -6.66825e-13 97.0599 -1.34502e-12 97.0599 2.04379e-13 -1.02753e-12 -1.34502e-12 -1.02753e-12 -1.38857e-13
Strain 0 0.00266667 0 0.00266667 0 0 0 0 0
Strain mean -9.23661e-19 0.00266667 -6.72508e-18 0.00266667 1.51065e-33 -5.13763e-18 -6.72508e-18 -5.13763e-18 -1.60845e-33
Plastic strain_mean 1.71618e-18 0.00218137 0 0.00218137 -1.71618e-18 0 0 0 0
Plastic strain_rate_mean 0 0 0 0 0 0 0 0 0
Dissipation 0.0320831
End step 8
Begin step 9
Stress -3.0773e-13 97.2706 -1.03617e-12 97.2706 2.23612e-13 -8.11714e-13 -1.03617e-12 -8.11714e-13 -2.52578e-14
Strain 0 0.003 0 0.003 0 0 0 0 0
Strain mean -1.68012e-19 0.003 -5.18086e-18 0.003 1.56482e-34 -4.05857e-18 -5.18086e-18 -4.05857e-18 -8.12502e-34
Plastic strain_mean 1.24435e-18 0.00251365 0 0.00251365 -1.24435e-18 0 0 0 0
Plastic strain_rate_mean 0 0 0 0 0 0 0 0 0
Dissipation 0.0321397
End step 9
Begin step 10
Stress -4.22523e-13 97.4791 -6.63551e-13 97.4791 7.04018e-14 -6.57634e-13 -6.63551e-13 -6.57634e-13 -1.0573e-13
Strain 0 0.00333333 0 0.00333333 0 0 0 0 0
Strain mean -7.03305e-19 0.00333333 -3.31776e-18 0.00333333 -6.89122e-34 -3.28817e-18 -3.31776e-18 -3.28817e-18 -1.1818e-33
Plastic strain_mean 8.8066e-19 0.00284594 0 0.00284594 -8.8066e-19 0 0 0 0
Plastic strain_rate_mean 0 0 0 0 0 0 0 0 0
Dissipation 0.0321959
End step 10
Begin step 11
Stress 2.21051e-12 97.6858 -1.73677e-12 97.6858 -2.48462e-12 -4.29185e-12 -1.73677e-12 -4.29185e-12 -8.23063e-14
Strain 0 0.00366667 0 0.00366667 0 0 0 0 0
Strain mean -5.47492e-19 0.00366667 -8.68383e-18 0.00366667 -2.40741e-35 -2.14592e-17 -8.68383e-18 -2.14592e-17 1.85672e-33
Plastic strain_mean -1.20116e-17 0.00317824 0 0.00317824 1.20116e-17 0 0 0 0
Plastic strain_rate_mean 0 0 0 0 0 0 0 0 0
Dissipation 0.0322519
End step 11
Begin step 12
Stress 2.11459e-12 97.8911 -1.2735e-12 97.8911 -2.11383e-12 -3.49558e-12 -1.2735e-12 -3.49558e-12 2.27076e-16
Strain 0 0.004 0 0.004 0 0 0 0 0
Strain mean 1.51048e-21 0.004 -6.36751e-18 0.004 -2.4676e-33 -1.74779e-17 -6.36751e-18 -1.74779e-17 1.58287e-33
Plastic strain_mean -1.05703e-17 0.00351054 0 0.00351054 1.05703e-17 0 0 0 0
Plastic strain_rate_mean 0 0 0 0 0 0 0 0 0
Dissipation 0.0323078
End step 12
Begin step 13
Stress 1.67924e-12 98.0952 -1.10431e-12 98.0952 -1.61816e-12 -2.91562e-12 -1.10431e-12 -2.91562e-12 1.83408e-14
Strain 0 0.00433333 0 0.00433333 0 0 0 0 0
Strain mean 1.22001e-19 0.00433333 -5.52154e-18 0.00433333 -2.64815e-34 -1.45781e-17 -5.52154e-18 -1.45781e-17 1.1706e-33
Plastic strain_mean -8.18248e-18 0.00384286 0 0.00384286 8.18248e-18 0 0 0 0
Plastic strain_rate_mean 0 0 0 0 0 0 0 0 0
Dissipation 0.0323635
End step 13
Begin step 14
Stress 1.80155e-12 98.2983 -8.00891e-13 98.2983 -9.40943e-13 -2.44296e-12 -8.00891e-13 -2.44296e-12 2.58413e-13
Strain 0 0.00466667 0 0.00466667 0 0 0 0 0
Strain mean 1.71893e-18 0.00466667 -4.00445e-18 0.00466667 4.9352e-34 -1.22148e-17 -4.00445e-18 -1.22148e-17 9.67479e-34
Plastic strain_mean -5.99678e-18 0.00417518 0 0.00417518 5.99678e-18 0 0 0 0
Plastic strain_rate_mean 0 0 0 0 0 0 0 0 0
Dissipation 0.0324192
End step 14
Begin step 15
Stress 5.27319e-13 98.5005 -7.31098e-13 98.5005 -1.07862e-12 -2.06249e-12 -7.31098e-13 -2.06249e-12 -1.65538e-13
Strain 0 0.005 0 0.005 0 0 0 0 0
Strain mean -1.10114e-18 0.005 -3.65549e-18 0.005 -6.43983e-34 -1.03124e-17 -3.65549e-18 -1.03124e-17 1.37975e-33
Plastic strain_mean -4.56543e-18 0.0045075 0 0.0045075 4.56543e-18 0 0 0 0
Plastic strain_rate_mean 0 0 0 0 0 0 0 0 0
Dissipation 0.0324748
End step 15
Begin step 16
Stress 1.01914e-12 98.7021 -8.51239e-13 98.7021 -8.74636e-13 -1.74747e-12 -8.51239e-13 -1.74747e-12 4.3389e-14
Strain 0 0.00533333 0 0.00533333 0 0 0 0 0
Strain mean 2.88619e-19 0.00533333 -4.25619e-18 0.00533333 -5.83798e-34 -8.73734e-18 -4.25619e-18 -8.73734e-18 5.47686e-34
Plastic strain_mean -4.59012e-18 0.00483982 0 0.00483982 4.59012e-18 0 0 0 0
Plastic strain_rate_mean 0 0 0 0 0 0 0 0 0
Dissipation 0.0325304
End step 16
Begin step 17
Stress 5.47091e-13 98.903 -6.76044e-13 98.903 -7.58549e-13 -1.49581e-12 -6.76044e-13 -1.49581e-12 -6.3494e-14
Strain 0 0.00566667 0 0.00566667 0 0 0 0 0
Strain mean -4.22355e-19 0.00566667 -3.38022e-18 0.00566667 -1.20371e-34 -7.47904e-18 -3.38022e-18 -7.47904e-18 2.49017e-34
Plastic strain_mean -3.47528e-18 0.00517215 0 0.00517215 3.47528e-18 0 0 0 0
Plastic strain_rate_mean 0 0 0 0 0 0 0 0 0
Dissipation 0.0325859
End step 17
Begin step 18
Stress 5.39761e-13 99.1035 -6.88904e-13 99.1035 -5.70767e-13 -1.27332e-12 -6.88904e-13 -1.27332e-12 -9.31012e-15
Strain 0 0.006 0 0.006 0 0 0 0 0
Strain mean -6.19298e-20 0.006 -3.44452e-18 0.006 -9.68984e-34 -6.36659e-18 -3.44452e-18 -6.36659e-18 3.14468e-34
Plastic strain_mean -2.80729e-18 0.00550448 0 0.00550448 2.80729e-18 0 0 0 0
Plastic strain_rate_mean 0 0 0 0 0 0 0 0 0
Dissipation 0.0326415
End step 18
Begin step 19
Stress 1.79265e-12 99.3035 2.48881e-12 99.3035 -2.26426e-12 -3.04803e-12 2.48881e-12 -3.04803e-12 -1.41608e-13
Strain 0 0.00633333 0 0.00633333 0 0 0 0 0
Strain mean -9.41961e-19 0.00633333 1.24441e-17 0.00633333 2.76852e-34 -1.52402e-17 1.24441e-17 -1.52402e-17 -2.02824e-33
Plastic strain_mean -1.06132e-17 0.00583682 0 0.00583682 1.06132e-17 0 0 0 0
Plastic strain_rate_mean 0 0 0 0 0 0 0 0 0
Dissipation 0.032697
End step 19
Begin step 20
Stress 1.65446e-12 99.5031 1.96539e-12 99.5031 -2.11053e-12 -2.6376e-12 1.96539e-12 -2.6376e-12 -1.36944e-13
Strain 0 0.00666667 0 0.00666667 0 0 0 0 0
Strain mean -9.10938e-19 0.00666667 9.82696e-18 0.00666667 -1.84167e-33 -1.3188e-17 9.82696e-18 -1.3188e-17 -2.24491e-33
Plastic strain_mean -9.86794e-18 0.00616915 0 0.00616915 9.86794e-18 0 0 0 0
Plastic strain_rate_mean 0 0 0 0 0 0 0 0 0
Dissipation 0.0327526
End step 20
Begin step 21
Stress 1.70192e-12 99.7024 1.67829e-12 99.7024 -1.63909e-12 -2.28171e-12 1.67829e-12 -2.28171e-12 1.88648e-14
Strain 0 0.007 0 0.007 0 0 0 0 0
Strain mean 1.25486e-19 0.007 8.39146e-18 0.007 1.08334e-34 -1.14086e-17 8.39146e-18 -1.14086e-17 -1.77547e-33
Plastic strain_mean -8.28978e-18 0.00650149 0 0.00650149 8.28978e-18 0 0 0 0
Plastic strain_rate_mean 0 0 0 0 0 0 0 0 0
Dissipation 0.0328081
End step 21
Begin step 22
Stress 1.34992e-12 99.9014 1.45885e-12 99.9014 -1.67563e-12 -2.01209e-12 1.45885e-12 -2.01209e-12 -9.77999e-14
Strain 0 0.00733333 0 0.00733333 0 0 0 0 0
Strain mean -6.50554e-19 0.00733333 7.29424e-18 0.00733333 9.38891e-34 -1.00605e-17 7.29424e-18 -1.00605e-17 -1.51667e-33
Plastic strain_mean -7.88914e-18 0.00683383 0 0.00683383 7.88914e-18 0 0 0 0
Plastic strain_rate_mean 0 0 0 0 0 0 0 0 0
Dissipation 0.0328637
End step 22
Begin step 23
Stress 7.50093e-13 100.1 1.58774e-12 100.1 -1.42723e-12 -1.74617e-12 1.58774e-12 -1.74617e-12 -2.0332e-13
Strain 0 0.00766667 0 0.00766667 0 0 0 0 0
Strain mean -1.35246e-18 0.00766667 7.93868e-18 0.00766667 5.23612e-34 -8.73085e-18 7.93868e-18 -8.73085e-18 -1.05625e-33
Plastic strain_mean -6.11953e-18 0.00716617 0 0.00716617 6.11953e-18 0 0 0 0
Plastic strain_rate_mean 0 0 0 0 0 0 0 0 0
Dissipation 0.0329193
End step 23
Begin step 24
Stress 9.58403e-13 100.299 1.22133e-12 100.299 -1.16131e-12 -1.52196e-12 1.22133e-12 -1.52196e-12 -6.09263e-14
Strain 0 0.008 0 0.008 0 0 0 0 0
Strain mean -4.05274e-19 0.008 6.10666e-18 0.008 -1.17963e-33 -7.60982e-18 6.10666e-18 -7.60982e-18 -1.41135e-33
Plastic strain_mean -5.50192e-18 0.00749851 0 0.00749851 5.50192e-18 0 0 0 0
Plastic strain_rate_mean 0 0 0 0 0 0 0 0 0
Dissipation 0.0329749
End step 24
Begin step 25
Stress 1.37944e-12 100.497 9.06101e-13 100.497 -1.2308e-12 -1.32891e-12 9.06101e-13 -1.32891e-12 4.46292e-14
Strain 0 0.00833333 0 0.00833333 0 0 0 0 0
Strain mean 2.96868e-19 0.00833333 4.53051e-18 0.00833333 -1.26389e-33 -6.64456e-18 4.53051e-18 -6.64456e-18 -7.55326e-34
Plastic strain_mean -6.37716e-18 0.00783085 0 0.00783085 6.37716e-18 0 0 0 0
Plastic strain_rate_mean 0 0 0 0 0 0 0 0 0
Dissipation 0.0330305
End step 25
Begin step 26
Stress 1.29339e-12 100.695 1.14499e-12 100.695 -7.2469e-13 -1.18813e-12 1.14499e-12 -1.18813e-12 1.70761e-13
Strain 0 0.00866667 0 0.00866667 0 0 0 0 0
Strain mean 1.13588e-18 0.00866667 5.72497e-18 0.00866667 7.82409e-34 -5.94065e-18 5.72497e-18 -5.94065e-18 -8.10997e-34
Plastic strain_mean -4.47726e-18 0.00816319 0 0.00816319 4.47726e-18 0 0 0 0
Plastic strain_rate_mean 0 0 0 0 0 0 0 0 0
Dissipation 0.0330862
End step 26
Begin step 27
Stress 1.01148e-12 100.893 1.197e-12 100.893 -3.56454e-13 -9.99899e-13 1.197e-12 -9.99899e-13 1.96683e-13
Strain 0 0.009 0 0.009 0 0 0 0 0
Strain mean 1.30831e-18 0.009 5.98498e-18 0.009 3.73149e-34 -4.9995e-18 5.98498e-18 -4.9995e-18 -1.26991e-33
Plastic strain_mean -2.76568e-18 0.00849553 0 0.00849553 2.76568e-18 0 0 0 0
Plastic strain_rate_mean 0 0 0 0 0 0 0 0 0
Dissipation 0.0331418
End step 27
Begin step 28
Stress 6.59075e-13 101.091 7.7115e-13 101.091 -6.04509e-13 -8.89129e-13 7.7115e-13 -8.89129e-13 1.63844e-14
Strain 0 0.00933333 0 0.00933333 0 0 0 0 0
Strain mean 1.08987e-19 0.00933333 3.85575e-18 0.00933333 -2.25695e-34 -4.44564e-18 3.85575e-18 -4.44564e-18 -7.71877e-34
Plastic strain_mean -3.10447e-18 0.00882788 0 0.00882788 3.10447e-18 0 0 0 0
Plastic strain_rate_mean 0 0 0 0 0 0 0 0 0
Dissipation 0.0331975
End step 28
Begin step 29
Stress 6.88667e-13 101.289 4.46706e-14 101.289 -8.55158e-13 -7.85319e-13 4.46706e-14 -7.85319e-13 -4.99917e-14
Strain 0 0.00966667 0 0.00966667 0 0 0 0 0
Strain mean -3.32539e-19 0.00966667 2.23353e-19 0.00966667 5.05557e-34 -3.92659e-18 2.23353e-19 -3.92659e-18 -6.62038e-34
Plastic strain_mean -4.02583e-18 0.00916022 0 0.00916022 4.02583e-18 0 0 0 0
Plastic strain_rate_mean 0 0 0 0 0 0 0 0 0
Dissipation 0.0332533
End step 29
Begin step 30
Stress -7.27639e-13 101.487 6.82186e-13 101.487 4.25937e-14 -2.95732e-12 6.82186e-13 -2.95732e-12 -2.05696e-13
Strain 0 0.01 0 0.01 0 0 0 0 0
Strain mean -1.36827e-18 0.01 3.41093e-18 0.01 3.22593e-33 -1.47866e-17 3.41093e-18 -1.47866e-17 -2.72339e-33
Plastic strain_mean 1.24145e-18 0.00949256 0 0.00949256 -1.24145e-18 0 0 0 0
Plastic strain_rate_mean 0 0 0 0 0 0 0 0 0
Dissipation 0.033309
End step 30
