Begin step 0
Stress 0 0 0 0 0 0 0 0 0
Strain 0 0 0 0 0 0 0 0 0
Strain mean 0 0 0 0 0 0 0 0 0
Plastic strain_mean 0 0 0 0 0 0 0 0 0
Plastic strain_rate_mean 0 0 0 0 0 0 0 0 0
Dissipation 0
End step 0
Begin step 1
Stress -2.35072e-13 6.45914 -6.19626e-12 6.45914 2.30364e-13 1.7495e-12 -6.19626e-12 1.7495e-12 -1.41377e-15
Strain 0 3.33333e-05 0 3.33333e-05 0 0 0 0 0
Strain mean -9.40422e-21 3.33333e-05 -3.09813e-17 3.33333e-05 -5.66946e-33 8.74748e-18 -3.09813e-17 8.74748e-18 -1.89283e-33
Plastic strain_mean 1.15889e-18 1.03761e-06 0 1.03761e-06 -1.15889e-18 0 0 0 0
Plastic strain_rate_mean 0 0 0 0 0 0 0 0 0
Dissipation 6.70171e-06
End step 1
Begin step 2
Stress -4.28157e-13 12.7172 -5.81238e-12 12.7172 4.28317e-13 1.64112e-12 -5.81238e-12 1.64112e-12 4.80353e-17
Strain 0 6.66667e-05 0 6.66667e-05 0 0 0 0 0
Strain mean 3.19525e-22 6.66667e-05 -2.90619e-17 6.66667e-05 1.47334e-32 8.2056e-18 -2.90619e-17 8.2056e-18 -1.6551e-34
Plastic strain_mean 2.14135e-18 3.08046e-06 0 3.08046e-06 -2.14135e-18 0 0 0 0
Plastic strain_rate_mean 0 0 0 0 0 0 0 0 0
Dissipation 2.59772e-05
End step 2
Begin step 3
Stress -5.9245e-13 18.7806 -5.4556e-12 18.7806 5.93679e-13 1.53114e-12 -5.4556e-12 1.53114e-12 3.68999e-16
Strain 0 0.0001 0 0.0001 0 0 0 0 0
Strain mean 2.45454e-21 0.0001 -2.7278e-17 0.0001 7.49909e-33 7.65572e-18 -2.7278e-17 7.65572e-18 -1.43241e-33
Plastic strain_mean 2.96655e-18 6.09717e-06 0 6.09717e-06 -2.96655e-18 0 0 0 0
Plastic strain_rate_mean 0 0 0 0 0 0 0 0 0
Dissipation 5.66488e-05
End step 3
Begin step 4
Stress -7.31404e-13 24.6552 -5.11612e-12 24.6552 7.3011e-13 1.43196e-12 -5.11612e-12 1.43196e-12 -3.88649e-16
Strain 0 0.000133333 0 0.000133333 0 0 0 0 0
Strain mean -2.58525e-21 0.000133333 -2.55806e-17 0.000133333 5.41668e-34 7.15981e-18 -2.55806e-17 7.15981e-18 -1.42037e-33
Plastic strain_mean 3.65249e-18 1.00573e-05 0 1.00573e-05 -3.65249e-18 0 0 0 0
Plastic strain_rate_mean 0 0 0 0 0 0 0 0 0
Dissipation 9.7624e-05
End step 4
Begin step 5
Stress -8.41454e-13 30.347 -4.78554e-12 30.347 8.44309e-13 1.33874e-12 -4.78554e-12 1.33874e-12 8.56994e-16
Strain 0 0.000166667 0 0.000166667 0 0 0 0 0
Strain mean 5.70062e-21 0.000166667 -2.39277e-17 0.000166667 1.48417e-32 6.69372e-18 -2.39277e-17 6.69372e-18 -1.03218e-33
Plastic strain_mean 4.21726e-18 1.49314e-05 0 1.49314e-05 -4.21726e-18 0 0 0 0
Plastic strain_rate_mean 0 0 0 0 0 0 0 0 0
Dissipation 0.000147889
End step 5
Begin step 6
Stress -9.31584e-13 35.8618 -4.492e-12 35.8618 9.36271e-13 1.25252e-12 -4.492e-12 1.25252e-12 1.40722e-15
Strain 0 0.0002 0 0.0002 0 0 0 0 0
Strain mean 9.36064e-21 0.0002 -2.246e-17 0.0002 -2.40741e-34 6.26258e-18 -2.246e-17 6.26258e-18 -1.31505e-33
Plastic strain_mean 4.67432e-18 2.06909e-05 0 2.06909e-05 -4.67432e-18 0 0 0 0
Plastic strain_rate_mean 0 0 0 0 0 0 0 0 0
Dissipation 0.000206504
End step 6
Begin step 7
Stress -8.9804e-13 41.205 4.77924e-13 41.205 8.83672e-13 -2.05367e-12 4.77924e-13 -2.05367e-12 -4.31445e-15
Strain 0 0.000233333 0 0.000233333 0 0 0 0 0
Strain mean -2.86992e-20 0.000233333 2.38962e-18 0.000233333 -4.5606e-31 -1.02684e-17 2.38962e-18 -1.02684e-17 -1.55278e-33
Plastic strain_mean 4.43993e-18 2.73082e-05 0 2.73082e-05 -4.43993e-18 0 0 0 0
Plastic strain_rate_mean 0 0 0 0 0 0 0 0 0
Dissipation 0.0002726
End step 7
Begin step 8
Stress -1.02957e-12 46.3807 1.2564e-12 46.3807 1.03859e-12 -4.71401e-12 1.2564e-12 -4.71401e-12 2.70745e-15
Strain 0 0.000266667 0 0.000266667 0 0 0 0 0
Strain mean 1.80096e-20 0.000266667 6.28198e-18 0.000266667 9.07113e-32 -2.357e-17 6.28198e-18 -2.357e-17 3.05741e-33
Plastic strain_mean 5.1794e-18 3.47631e-05 0 3.47631e-05 -5.1794e-18 0 0 0 0
Plastic strain_rate_mean 0 0 0 0 0 0 0 0 0
Dissipation 0.000345673
End step 8
Begin step 9
Stress -1.02954e-12 51.3879 -6.08224e-13 51.3879 1.06743e-12 3.98206e-13 -6.08224e-13 3.98206e-13 1.13756e-14
Strain 0 0.0003 0 0.0003 0 0 0 0 0
Strain mean 7.56694e-20 0.0003 -3.04112e-18 0.0003 1.09297e-31 1.99103e-18 -3.04112e-18 1.99103e-18 1.76644e-33
Plastic strain_mean 5.28025e-18 4.30607e-05 0 4.30607e-05 -5.28025e-18 0 0 0 0
Plastic strain_rate_mean 0 0 0 0 0 0 0 0 0
Dissipation 0.000426263
End step 9
Begin step 10
Stress -1.18129e-12 56.2069 -2.11363e-12 56.2069 1.17299e-12 -2.41074e-12 -2.11363e-12 -2.41074e-12 -2.49129e-15
Strain 0 0.000333333 0 0.000333333 0 0 0 0 0
Strain mean -1.65718e-20 0.000333333 -1.05681e-17 0.000333333 1.36741e-32 -1.20537e-17 -1.05681e-17 -1.20537e-17 -1.91088e-33
Plastic strain_mean 5.8774e-18 5.2299e-05 0 5.2299e-05 -5.8774e-18 0 0 0 0
Plastic strain_rate_mean 0 0 0 0 0 0 0 0 0
Dissipation 0.000519069
End step 10
Begin step 11
Stress -1.21203e-12 60.8073 4.28916e-13 60.8073 1.25314e-12 -2.06839e-13 4.28916e-13 -2.06839e-13 1.23429e-14
Strain 0 0.000366667 0 0.000366667 0 0 0 0 0
Strain mean 8.21035e-20 0.000366667 2.14458e-18 0.000366667 2.71941e-31 -1.0342e-18 2.14458e-18 -1.0342e-18 1.1044e-33
Plastic strain_mean 6.20399e-18 6.263e-05 0 6.263e-05 -6.20399e-18 0 0 0 0
Plastic strain_rate_mean 0 0 0 0 0 0 0 0 0
Dissipation 0.000627944
End step 11
Begin step 12
Stress -4.80703e-13 65.155 1.79843e-12 65.155 5.03638e-13 2.98584e-12 1.79843e-12 2.98584e-12 6.88652e-15
Strain 0 0.0004 0 0.0004 0 0 0 0 0
Strain mean 4.58083e-20 0.0004 8.99215e-18 0.0004 9.53335e-32 1.49292e-17 8.99215e-18 1.49292e-17 1.625e-34
Plastic strain_mean 2.48376e-18 7.42249e-05 0 7.42249e-05 -2.48376e-18 0 0 0 0
Plastic strain_rate_mean 0 0 0 0 0 0 0 0 0
Dissipation 0.000755113
End step 12
Begin step 13
Stress -3.10929e-13 69.211 -3.38353e-13 69.211 3.25465e-13 -1.32162e-12 -3.38353e-13 -1.32162e-12 4.36466e-15
Strain 0 0.000433333 0 0.000433333 0 0 0 0 0
Strain mean 2.90332e-20 0.000433333 -1.69176e-18 0.000433333 -1.43482e-32 -6.60811e-18 -1.69176e-18 -6.60811e-18 -2.272e-33
Plastic strain_mean 1.6055e-18 8.72783e-05 0 8.72783e-05 -1.6055e-18 0 0 0 0
Plastic strain_rate_mean 0 0 0 0 0 0 0 0 0
Dissipation 0.000902967
End step 13
Begin step 14
Stress 8.23045e-14 72.9315 -1.09672e-12 72.9315 -1.94486e-14 -3.15406e-12 -1.09672e-12 -3.15406e-12 1.88735e-14
Strain 0 0.000466667 0 0.000466667 0 0 0 0 0
Strain mean 1.25544e-19 0.000466667 -5.48361e-18 0.000466667 1.87778e-33 -1.57703e-17 -5.48361e-18 -1.57703e-17 -1.95301e-33
Plastic strain_mean -1.91611e-19 0.000102009 0 0.000102009 1.91611e-19 0 0 0 0
Plastic strain_rate_mean 0 0 0 0 0 0 0 0 0
Dissipation 0.0010737
End step 14
Begin step 15
Stress 1.06156e-12 76.2735 5.9546e-14 76.2735 -1.03829e-12 -6.22488e-12 5.9546e-14 -6.22488e-12 6.98696e-15
Strain 0 0.0005 0 0.0005 0 0 0 0 0
Strain mean 4.64764e-20 0.0005 2.9773e-19 0.0005 2.16667e-32 -3.11244e-17 2.9773e-19 -3.11244e-17 -2.68126e-33
Plastic strain_mean -5.2264e-18 0.000118632 0 0.000118632 5.2264e-18 0 0 0 0
Plastic strain_rate_mean 0 0 0 0 0 0 0 0 0
Dissipation 0.00126706
End step 15
Begin step 16
Stress -8.56062e-13 79.2007 -3.44704e-13 79.2007 8.58186e-13 3.69827e-12 -3.44704e-13 3.69827e-12 6.3756e-16
Strain 0 0.000533333 0 0.000533333 0 0 0 0 0
Strain mean 4.24097e-21 0.000533333 -1.72352e-18 0.000533333 4.56445e-32 1.84914e-17 -1.72352e-18 1.84914e-17 -4.53797e-33
Plastic strain_mean 4.28774e-18 0.00013733 0 0.00013733 -4.28774e-18 0 0 0 0
Plastic strain_rate_mean 0 0 0 0 0 0 0 0 0
Dissipation 0.00147973
End step 16
Begin step 17
Stress -8.85235e-13 81.6909 -2.2203e-12 81.6909 8.19078e-13 2.46243e-12 -2.2203e-12 2.46243e-12 -1.98648e-14
Strain 0 0.000566667 0 0.000566667 0 0 0 0 0
Strain mean -1.32138e-19 0.000566667 -1.11015e-17 0.000566667 -5.68149e-33 1.23122e-17 -1.11015e-17 1.23122e-17 3.62917e-33
Plastic strain_mean 4.19471e-18 0.000158212 0 0.000158212 -4.19471e-18 0 0 0 0
Plastic strain_rate_mean 0 0 0 0 0 0 0 0 0
Dissipation 0.00170442
End step 17
Begin step 18
Stress -1.21935e-12 83.7432 -1.75257e-12 83.7432 1.21452e-12 5.5498e-12 -1.75257e-12 5.5498e-12 -1.44979e-15
Strain 0 0.0006 0 0.0006 0 0 0 0 0
Strain mean -9.64386e-21 0.0006 -8.76283e-18 0.0006 2.05112e-32 2.7749e-17 -8.76283e-18 2.7749e-17 3.73751e-33
Plastic strain_mean 6.07987e-18 0.000181284 0 0.000181284 -6.07987e-18 0 0 0 0
Plastic strain_rate_mean 0 0 0 0 0 0 0 0 0
Dissipation 0.00193025
End step 18
Begin step 19
Stress -9.2411e-13 85.3809 -6.20572e-13 85.3809 9.35599e-13 8.38091e-13 -6.20572e-13 8.38091e-13 3.44981e-15
Strain 0 0.000633333 0 0.000633333 0 0 0 0 0
Strain mean 2.29477e-20 0.000633333 -3.10286e-18 0.000633333 -2.61926e-32 4.19046e-18 -3.10286e-18 4.19046e-18 1.74537e-33
Plastic strain_mean 4.66074e-18 0.000206429 0 0.000206429 -4.66074e-18 0 0 0 0
Plastic strain_rate_mean 0 0 0 0 0 0 0 0 0
Dissipation 0.0021446
End step 19
Begin step 20
Stress -9.87706e-13 86.6484 1.0856e-12 86.6484 9.67752e-13 -9.49029e-13 1.0856e-12 -9.49029e-13 -5.99131e-15
Strain 0 0.000666667 0 0.000666667 0 0 0 0 0
Strain mean -3.98535e-20 0.000666667 5.42801e-18 0.000666667 9.18669e-32 -4.74514e-18 5.42801e-18 -4.74514e-18 -1.26389e-34
Plastic strain_mean 4.86872e-18 0.000233424 0 0.000233424 -4.86872e-18 0 0 0 0
Plastic strain_rate_mean 0 0 0 0 0 0 0 0 0
Dissipation 0.00233628
End step 20
Begin step 21
Stress -1.49186e-12 87.6041 2.63655e-12 87.6041 1.44767e-12 2.08819e-12 2.63655e-12 2.08819e-12 -1.32665e-14
Strain 0 0.0007 0 0.0007 0 0 0 0 0
Strain mean -8.82471e-20 0.0007 1.31827e-17 0.0007 -2.59808e-31 1.0441e-17 1.31827e-17 1.0441e-17 -2.70834e-34
Plastic strain_mean 7.3047e-18 0.000261979 0 0.000261979 -7.3047e-18 0 0 0 0
Plastic strain_rate_mean 0 0 0 0 0 0 0 0 0
Dissipation 0.00249819
End step 21
Begin step 22
Stress 3.62023e-13 88.3098 -1.01441e-12 88.3098 -3.74647e-13 -6.3195e-13 -1.01441e-12 -6.3195e-13 -3.79042e-15
Strain 0 0.000733333 0 0.000733333 0 0 0 0 0
Strain mean -2.52135e-20 0.000733333 -5.07205e-18 0.000733333 -1.07852e-32 -3.15975e-18 -5.07205e-18 -3.15975e-18 -2.90996e-33
Plastic strain_mean -1.85428e-18 0.000291784 0 0.000291784 1.85428e-18 0 0 0 0
Plastic strain_rate_mean 0 0 0 0 0 0 0 0 0
Dissipation 0.00262818
End step 22
Begin step 23
Stress -1.03607e-12 88.8236 7.01665e-13 88.8236 1.02584e-12 2.04135e-12 7.01665e-13 2.04135e-12 -3.07426e-15
Strain 0 0.000766667 0 0.000766667 0 0 0 0 0
Strain mean -2.04496e-20 0.000766667 3.50832e-18 0.000766667 -2.55788e-33 1.02068e-17 3.50832e-18 1.02068e-17 2.679e-33
Plastic strain_mean 5.14455e-18 0.000322549 0 0.000322549 -5.14455e-18 0 0 0 0
Plastic strain_rate_mean 0 0 0 0 0 0 0 0 0
Dissipation 0.00272826
End step 23
Begin step 24
Stress -1.44813e-12 89.1946 5.42648e-13 89.1946 1.51733e-12 -2.16799e-13 5.42648e-13 -2.16799e-13 2.07775e-14
Strain 0 0.0008 0 0.0008 0 0 0 0 0
Strain mean 1.38209e-19 0.0008 2.71324e-18 0.0008 6.04862e-34 -1.08399e-18 2.71324e-18 -1.08399e-18 8.09492e-34
Plastic strain_mean 7.48274e-18 0.000354027 0 0.000354027 -7.48274e-18 0 0 0 0
Plastic strain_rate_mean 0 0 0 0 0 0 0 0 0
Dissipation 0.00280282
End step 24
Begin step 25
Stress -1.63716e-12 89.4623 1.3267e-13 89.4623 1.65438e-12 -8.73732e-13 1.3267e-13 -8.73732e-13 5.17035e-15
Strain 0 0.000833333 0 0.000833333 0 0 0 0 0
Strain mean 3.43926e-20 0.000833333 6.63349e-19 0.000833333 1.58889e-33 -4.36866e-18 6.63349e-19 -4.36866e-18 5.25869e-34
Plastic strain_mean 8.24606e-18 0.000386022 0 0.000386022 -8.24606e-18 0 0 0 0
Plastic strain_rate_mean 0 0 0 0 0 0 0 0 0
Dissipation 0.00285703
End step 25
Begin step 26
Stress -4.19502e-13 89.6563 -1.49789e-12 89.6563 5.21945e-13 1.21179e-12 -1.49789e-12 1.21179e-12 3.07601e-14
Strain 0 0.000866667 0 0.000866667 0 0 0 0 0
Strain mean 2.04612e-19 0.000866667 -7.48945e-18 0.000866667 -5.63335e-33 6.05895e-18 -7.48945e-18 6.05895e-18 8.36576e-34
Plastic strain_mean 2.45592e-18 0.000418385 0 0.000418385 -2.45592e-18 0 0 0 0
Plastic strain_rate_mean 0 0 0 0 0 0 0 0 0
Dissipation 0.00289578
End step 26
Begin step 27
Stress 1.12825e-12 89.7987 1.18958e-13 89.7987 -1.20046e-12 -1.27423e-12 1.18958e-13 -1.27423e-12 -2.16814e-14
Strain 0 0.0009 0 0.0009 0 0 0 0 0
Strain mean -1.44222e-19 0.0009 5.94791e-19 0.0009 1.08574e-32 -6.37117e-18 5.94791e-19 -6.37117e-18 1.6551e-33
Plastic strain_mean -5.89387e-18 0.000451006 0 0.000451006 5.89387e-18 0 0 0 0
Plastic strain_rate_mean 0 0 0 0 0 0 0 0 0
Dissipation 0.00292318
End step 27
Begin step 28
Stress 1.47689e-12 89.9051 3.69243e-13 89.9051 -1.48614e-12 -7.63146e-13 3.69243e-13 -7.63146e-13 -2.77732e-15
Strain 0 0.000933333 0 0.000933333 0 0 0 0 0
Strain mean -1.84744e-20 0.000933333 1.84622e-18 0.000933333 1.3e-32 -3.81573e-18 1.84622e-18 -3.81573e-18 7.74886e-34
Plastic strain_mean -7.4168e-18 0.000483808 0 0.000483808 7.4168e-18 0 0 0 0
Plastic strain_rate_mean 0 0 0 0 0 0 0 0 0
Dissipation 0.00294243
End step 28
Begin step 29
Stress 1.5265e-12 89.9865 1.71834e-12 89.9865 -1.55031e-12 -1.94153e-12 1.71834e-12 -1.94153e-12 -7.14853e-15
Strain 0 0.000966667 0 0.000966667 0 0 0 0 0
Strain mean -4.75512e-20 0.000966667 8.59171e-18 0.000966667 2.85615e-31 -9.70764e-18 8.59171e-18 -9.70764e-18 4.39353e-34
Plastic strain_mean -7.71579e-18 0.000516734 0 0.000516734 7.71579e-18 0 0 0 0
Plastic strain_rate_mean 0 0 0 0 0 0 0 0 0
Dissipation 0.00295594
End step 29
Begin step 30
Stress 1.39152e-12 90.0507 2.84531e-12 90.0507 -1.46356e-12 1.84349e-12 2.84531e-12 1.84349e-12 -2.16334e-14
Strain 0 0.001 0 0.001 0 0 0 0 0
Strain mean -1.43903e-19 0.001 1.42265e-17 0.001 9.45632e-32 9.21743e-18 1.42265e-17 9.21743e-18 -1.2338e-33
Plastic strain_mean -7.20965e-18 0.000549746 0 0.000549746 7.20965e-18 0 0 0 0
Plastic strain_rate_mean 0 0 0 0 0 0 0 0 0
Dissipation 0.00296544
End step 30
