Begin step 0
Stress 0 0 0 0 0 0 0 0 0
Strain 0 0 0 0 0 0 0 0 0
Strain mean 0 0 0 0 0 0 0 0 0
Plastic strain_mean 0 0 0 0 0 0 0 0 0
Plastic strain_rate_mean 0 0 0 0 0 0 0 0 0
Dissipation 0
End step 0
Begin step 1
Stress -2.58409e-12 65.2967 3.0637e-12 65.2967 2.57472e-12 -7.26623e-12 3.0637e-12 -7.26623e-12 -2.81225e-15
Strain 0 0.000333333 0 0.000333333 0 0 0 0 0
Strain mean -1.87068e-20 0.000333333 1.53185e-17 0.000333333 4.81482e-35 -3.63311e-17 1.53185e-17 -3.63311e-17 -1.57159e-33
Plastic strain_mean 1.28877e-17 6.84976e-06 0 6.84976e-06 -1.28877e-17 0 0 0 0
Plastic strain_rate_mean 0 0 0 0 0 0 0 0 0
Dissipation 0.000447247
End step 1
Begin step 2
Stress 2.02429e-12 91.7202 -2.998e-13 91.7202 -2.07862e-12 -3.18542e-12 -2.998e-13 -3.18542e-12 -1.63145e-14
Strain 0 0.000666667 0 0.000666667 0 0 0 0 0
Strain mean -1.08522e-19 0.000666667 -1.499e-18 0.000666667 -1.21574e-33 -1.59271e-17 -1.499e-18 -1.59271e-17 9.62965e-34
Plastic strain_mean -1.03115e-17 0.000208065 0 0.000208065 1.03115e-17 0 0 0 0
Plastic strain_rate_mean 0 0 0 0 0 0 0 0 0
Dissipation 0.018441
End step 2
Begin step 3
Stress 2.80517e-13 96.0614 1.06004e-12 96.0614 -1.78511e-13 -1.54384e-12 1.06004e-12 -1.54384e-12 3.06291e-14
Strain 0 0.001 0 0.001 0 0 0 0 0
Strain mean 2.03741e-19 0.001 5.30018e-18 0.001 1.14051e-33 -7.71921e-18 5.30018e-18 -7.71921e-18 -1.6062e-34
Plastic strain_mean -1.0457e-18 0.000519693 0 0.000519693 1.0457e-18 0 0 0 0
Plastic strain_rate_mean 0 0 0 0 0 0 0 0 0
Dissipation 0.0298873
End step 3
Begin step 4
Stress -1.24455e-12 96.84 -2.14941e-12 96.84 1.30354e-12 -1.51764e-12 -2.14941e-12 -1.51764e-12 1.77119e-14
Strain 0 0.00133333 0 0.00133333 0 0 0 0 0
Strain mean 1.17818e-19 0.00133333 -1.07471e-17 0.00133333 6.9815e-34 -7.58822e-18 -1.07471e-17 -7.58822e-18 2.70834e-34
Plastic strain_mean 6.42914e-18 0.000849133 0 0.000849133 -6.42914e-18 0 0 0 0
Plastic strain_rate_mean 0 0 0 0 0 0 0 0 0
Dissipation 0.0318296
End step 4
Begin step 5
Stress 2.19938e-12 97.1455 -1.42077e-12 97.1455 -2.12655e-12 -2.43714e-12 -1.42077e-12 -2.43714e-12 2.18692e-14
Strain 0 0.00166667 0 0.00166667 0 0 0 0 0
Strain mean 1.45471e-19 0.00166667 -7.10387e-18 0.00166667 -2.03426e-33 -1.21857e-17 -7.10387e-18 -1.21857e-17 -1.58739e-33
Plastic strain_mean -1.07421e-17 0.00118094 0 0.00118094 1.07421e-17 0 0 0 0
Plastic strain_rate_mean 0 0 0 0 0 0 0 0 0
Dissipation 0.0321404
End step 5
Begin step 6
Stress 2.0589e-12 97.3852 -5.96041e-13 97.3852 -1.94907e-12 -3.16599e-12 -5.96041e-13 -3.16599e-12 3.29784e-14
Strain 0 0.002 0 0.002 0 0 0 0 0
Strain mean 2.19369e-19 0.002 -2.98021e-18 0.002 2.6963e-33 -1.58299e-17 -2.98021e-18 -1.58299e-17 -5.83798e-34
Plastic strain_mean -9.91023e-18 0.00151307 0 0.00151307 9.91023e-18 0 0 0 0
Plastic strain_rate_mean 0 0 0 0 0 0 0 0 0
Dissipation 0.0322349
End step 6
Begin step 7
Stress 1.50303e-12 97.6124 -4.63524e-13 97.6124 -1.47197e-12 -2.41127e-12 -4.63524e-13 -2.41127e-12 9.32759e-15
Strain 0 0.00233333 0 0.00233333 0 0 0 0 0
Strain mean 6.2046e-20 0.00233333 -2.31762e-18 0.00233333 7.40279e-34 -1.20564e-17 -2.31762e-18 -1.20564e-17 2.2419e-34
Plastic strain_mean -7.40649e-18 0.00184527 0 0.00184527 7.40649e-18 0 0 0 0
Plastic strain_rate_mean 0 0 0 0 0 0 0 0 0
Dissipation 0.032301
End step 7
Begin step 8
Stress 1.03627e-12 97.8348 -3.05692e-13 97.8348 -1.13112e-12 -1.79589e-12 -3.05692e-13 -1.79589e-12 -2.84806e-14
Strain 0 0.00266667 0 0.00266667 0 0 0 0 0
Strain mean -1.8945e-19 0.00266667 -1.52846e-18 0.00266667 -1.74537e-34 -8.97945e-18 -1.52846e-18 -8.97945e-18 3.26505e-34
Plastic strain_mean -5.51318e-18 0.00217749 0 0.00217749 5.51318e-18 0 0 0 0
Plastic strain_rate_mean 0 0 0 0 0 0 0 0 0
Dissipation 0.0323628
End step 8
Begin step 9
Stress 5.96335e-13 98.0543 -2.22495e-13 98.0543 -1.00869e-12 -1.33169e-12 -2.22495e-13 -1.33169e-12 -1.23818e-13
Strain 0 0.003 0 0.003 0 0 0 0 0
Strain mean -8.2362e-19 0.003 -1.11247e-18 0.003 -8.81715e-34 -6.65843e-18 -1.11247e-18 -6.65843e-18 -2.8588e-35
Plastic strain_mean -4.42439e-18 0.00250973 0 0.00250973 4.42439e-18 0 0 0 0
Plastic strain_rate_mean 0 0 0 0 0 0 0 0 0
Dissipation 0.0324236
End step 9
Begin step 10
Stress 1.44099e-12 98.2713 4.10809e-12 98.2713 -1.53473e-12 -2.6459e-12 4.10809e-12 -2.6459e-12 -2.81487e-14
Strain 0 0.00333333 0 0.00333333 0 0 0 0 0
Strain mean -1.87242e-19 0.00333333 2.05405e-17 0.00333333 3.01265e-33 -1.32295e-17 2.05405e-17 -1.32295e-17 -4.30175e-33
Plastic strain_mean -7.53292e-18 0.00284198 0 0.00284198 7.53292e-18 0 0 0 0
Plastic strain_rate_mean 0 0 0 0 0 0 0 0 0
Dissipation 0.0324839
End step 10
Begin step 11
Stress 1.4258e-12 98.4865 3.2766e-12 98.4865 -1.33776e-12 -1.94822e-12 3.2766e-12 -1.94822e-12 2.64369e-14
Strain 0 0.00366667 0 0.00366667 0 0 0 0 0
Strain mean 1.75855e-19 0.00366667 1.6383e-17 0.00366667 9.0278e-35 -9.7411e-18 1.6383e-17 -9.7411e-18 -2.7294e-33
Plastic strain_mean -6.82098e-18 0.00317423 0 0.00317423 6.82098e-18 0 0 0 0
Plastic strain_rate_mean 0 0 0 0 0 0 0 0 0
Dissipation 0.0325438
End step 11
Begin step 12
Stress 1.49013e-12 98.7001 2.51696e-12 98.7001 -1.15285e-12 -1.49523e-12 2.51696e-12 -1.49523e-12 1.01276e-13
Strain 0 0.004 0 0.004 0 0 0 0 0
Strain mean 6.73676e-19 0.004 1.25848e-17 0.004 6.9815e-34 -7.47615e-18 1.25848e-17 -7.47615e-18 -2.74144e-33
Plastic strain_mean -6.2706e-18 0.0035065 0 0.0035065 6.2706e-18 0 0 0 0
Plastic strain_rate_mean 0 0 0 0 0 0 0 0 0
Dissipation 0.0326034
End step 12
Begin step 13
Stress 1.0963e-12 98.9123 1.85143e-12 98.9123 -1.20956e-12 -1.18609e-12 1.85143e-12 -1.18609e-12 -3.4009e-14
Strain 0 0.00433333 0 0.00433333 0 0 0 0 0
Strain mean -2.26224e-19 0.00433333 9.25715e-18 0.00433333 -2.24378e-34 -5.93047e-18 9.25715e-18 -5.93047e-18 -1.4437e-33
Plastic strain_mean -5.87776e-18 0.00383877 0 0.00383877 5.87776e-18 0 0 0 0
Plastic strain_rate_mean 0 0 0 0 0 0 0 0 0
Dissipation 0.0326628
End step 13
Begin step 14
Stress 9.68159e-13 99.1235 1.45235e-12 99.1235 -1.119e-12 -9.79657e-13 1.45235e-12 -9.79657e-13 -4.52929e-14
Strain 0 0.00466667 0 0.00466667 0 0 0 0 0
Strain mean -3.01283e-19 0.00466667 7.26177e-18 0.00466667 6.62791e-34 -4.89829e-18 7.26177e-18 -4.89829e-18 -1.29323e-33
Plastic strain_mean -5.36854e-18 0.00417105 0 0.00417105 5.36854e-18 0 0 0 0
Plastic strain_rate_mean 0 0 0 0 0 0 0 0 0
Dissipation 0.032722
End step 14
Begin step 15
Stress 1.06914e-12 99.3336 1.05852e-12 99.3336 -8.44125e-13 -8.07791e-13 1.05852e-12 -8.07791e-13 6.75639e-14
Strain 0 0.005 0 0.005 0 0 0 0 0
Strain mean 4.49427e-19 0.005 5.29261e-18 0.005 1.05776e-33 -4.03896e-18 5.29261e-18 -4.03896e-18 -1.47078e-33
Plastic strain_mean -4.55844e-18 0.00450333 0 0.00450333 4.55844e-18 0 0 0 0
Plastic strain_rate_mean 0 0 0 0 0 0 0 0 0
Dissipation 0.032781
End step 15
Begin step 16
Stress 8.75008e-13 99.543 9.08449e-13 99.543 -5.77453e-13 -7.05229e-13 9.08449e-13 -7.05229e-13 8.93457e-14
Strain 0 0.00533333 0 0.00533333 0 0 0 0 0
Strain mean 5.94317e-19 0.00533333 4.54225e-18 0.00533333 -8.27548e-34 -3.52615e-18 4.54225e-18 -3.52615e-18 -5.46558e-34
Plastic strain_mean -3.33399e-18 0.00483562 0 0.00483562 3.33399e-18 0 0 0 0
Plastic strain_rate_mean 0 0 0 0 0 0 0 0 0
Dissipation 0.0328399
End step 16
Begin step 17
Stress 4.1473e-13 99.7515 5.41422e-13 99.7515 -7.14321e-13 -6.22895e-13 5.41422e-13 -6.22895e-13 -8.99571e-14
Strain 0 0.00566667 0 0.00566667 0 0 0 0 0
Strain mean -5.98384e-19 0.00566667 2.70711e-18 0.00566667 3.74842e-34 -3.11448e-18 2.70711e-18 -3.11448e-18 -5.13526e-34
Plastic strain_mean -3.12182e-18 0.00516791 0 0.00516791 3.12182e-18 0 0 0 0
Plastic strain_rate_mean 0 0 0 0 0 0 0 0 0
Dissipation 0.0328987
End step 17
Begin step 18
Stress -9.926e-13 99.9595 2.66714e-12 99.9595 1.17294e-12 -2.6105e-12 2.66714e-12 -2.6105e-12 5.41489e-14
Strain 0 0.006 0 0.006 0 0 0 0 0
Strain mean 3.60192e-19 0.006 1.33357e-17 0.006 -1.22778e-33 -1.30525e-17 1.33357e-17 -1.30525e-17 1.34213e-33
Plastic strain_mean 5.59394e-18 0.0055002 0 0.0055002 -5.59394e-18 0 0 0 0
Plastic strain_rate_mean 0 0 0 0 0 0 0 0 0
Dissipation 0.0329573
End step 18
Begin step 19
Stress -8.29536e-13 100.167 1.51133e-12 100.167 1.01104e-12 -2.28814e-12 1.51133e-12 -2.28814e-12 5.44983e-14
Strain 0 0.00633333 0 0.00633333 0 0 0 0 0
Strain mean 3.62516e-19 0.00633333 7.55667e-18 0.00633333 1.51667e-33 -1.14407e-17 7.55667e-18 -1.14407e-17 2.06737e-33
Plastic strain_mean 4.78269e-18 0.0058325 0 0.0058325 -4.78269e-18 0 0 0 0
Plastic strain_rate_mean 0 0 0 0 0 0 0 0 0
Dissipation 0.0330159
End step 19
Begin step 20
Stress -9.9685e-13 100.374 1.4968e-12 100.374 6.40832e-13 -2.00918e-12 1.4968e-12 -2.00918e-12 -1.069e-13
Strain 0 0.00666667 0 0.00666667 0 0 0 0 0
Strain mean -7.11089e-19 0.00666667 7.48401e-18 0.00666667 5.53705e-34 -1.00459e-17 7.48401e-18 -1.00459e-17 1.00509e-33
Plastic strain_mean 3.73866e-18 0.0061648 0 0.0061648 -3.73866e-18 0 0 0 0
Plastic strain_rate_mean 0 0 0 0 0 0 0 0 0
Dissipation 0.0330744
End step 20
Begin step 21
Stress -1.41043e-12 100.58 1.00882e-12 100.58 5.73436e-13 -1.76355e-12 1.00882e-12 -1.76355e-12 -2.51321e-13
Strain 0 0.007 0 0.007 0 0 0 0 0
Strain mean -1.67176e-18 0.007 5.04409e-18 0.007 4.81482e-34 -8.81773e-18 5.04409e-18 -8.81773e-18 4.30325e-34
Plastic strain_mean 4.12378e-18 0.0064971 0 0.0064971 -4.12378e-18 0 0 0 0
Plastic strain_rate_mean 0 0 0 0 0 0 0 0 0
Dissipation 0.0331328
End step 21
Begin step 22
Stress -7.86751e-13 100.786 6.5142e-13 100.786 2.25789e-13 -1.5717e-12 6.5142e-13 -1.5717e-12 -1.68438e-13
Strain 0 0.00733333 0 0.00733333 0 0 0 0 0
Strain mean -1.12043e-18 0.00733333 3.2571e-18 0.00733333 -6.1389e-34 -7.85849e-18 3.2571e-18 -7.85849e-18 1.17963e-33
Plastic strain_mean 1.97114e-18 0.0068294 0 0.0068294 -1.97114e-18 0 0 0 0
Plastic strain_rate_mean 0 0 0 0 0 0 0 0 0
Dissipation 0.0331911
End step 22
Begin step 23
Stress -8.2224e-13 100.992 8.49241e-13 100.992 1.09272e-13 -1.36475e-12 8.49241e-13 -1.36475e-12 -2.1408e-13
Strain 0 0.00766667 0 0.00766667 0 0 0 0 0
Strain mean -1.42404e-18 0.00766667 4.2462e-18 0.00766667 9.75002e-34 -6.82376e-18 4.2462e-18 -6.82376e-18 4.00232e-34
Plastic strain_mean 1.61676e-18 0.00716171 0 0.00716171 -1.61676e-18 0 0 0 0
Plastic strain_rate_mean 0 0 0 0 0 0 0 0 0
Dissipation 0.0332494
End step 23
Begin step 24
Stress -2.30414e-13 101.197 5.73315e-13 101.197 4.19709e-13 -1.21774e-12 5.73315e-13 -1.21774e-12 5.68389e-14
Strain 0 0.008 0 0.008 0 0 0 0 0
Strain mean 3.78086e-19 0.008 2.86658e-18 0.008 -2.40741e-35 -6.0887e-18 2.86658e-18 -6.0887e-18 7.80904e-34
Plastic strain_mean 1.81435e-18 0.00749402 0 0.00749402 -1.81435e-18 0 0 0 0
Plastic strain_rate_mean 0 0 0 0 0 0 0 0 0
Dissipation 0.0333077
End step 24
Begin step 25
Stress -4.71274e-13 101.402 1.43172e-13 101.402 2.74184e-13 -1.07756e-12 1.43172e-13 -1.07756e-12 -5.91795e-14
Strain 0 0.00833333 0 0.00833333 0 0 0 0 0
Strain mean -3.93655e-19 0.00833333 7.1586e-19 0.00833333 -1.37223e-33 -5.38779e-18 7.1586e-19 -5.38779e-18 6.16899e-34
Plastic strain_mean 1.66682e-18 0.00782632 0 0.00782632 -1.66682e-18 0 0 0 0
Plastic strain_rate_mean 0 0 0 0 0 0 0 0 0
Dissipation 0.0333659
End step 25
Begin step 26
Stress -2.83528e-13 101.607 5.58231e-13 101.607 3.55197e-13 -9.62618e-13 5.58231e-13 -9.62618e-13 2.15198e-14
Strain 0 0.00866667 0 0.00866667 0 0 0 0 0
Strain mean 1.43147e-19 0.00866667 2.79116e-18 0.00866667 6.86113e-34 -4.81309e-18 2.79116e-18 -4.81309e-18 -2.52778e-34
Plastic strain_mean 1.66839e-18 0.00815863 0 0.00815863 -1.66839e-18 0 0 0 0
Plastic strain_rate_mean 0 0 0 0 0 0 0 0 0
Dissipation 0.033424
End step 26
Begin step 27
Stress -3.82384e-13 101.811 2.50499e-13 101.811 3.17695e-13 -8.47806e-13 2.50499e-13 -8.47806e-13 -1.94237e-14
Strain 0 0.009 0 0.009 0 0 0 0 0
Strain mean -1.29204e-19 0.009 1.2525e-18 0.009 -8.1852e-34 -4.23903e-18 1.2525e-18 -4.23903e-18 2.40741e-35
Plastic strain_mean 1.68559e-18 0.00849094 0 0.00849094 -1.68559e-18 0 0 0 0
Plastic strain_rate_mean 0 0 0 0 0 0 0 0 0
Dissipation 0.0334821
End step 27
Begin step 28
Stress -1.7117e-12 102.015 -4.02996e-13 102.015 1.89855e-12 -4.87281e-12 -4.02996e-13 -4.87281e-12 5.61053e-14
Strain 0 0.00933333 0 0.00933333 0 0 0 0 0
Strain mean 3.73206e-19 0.00933333 -2.01498e-18 0.00933333 -1.4625e-33 -2.43641e-17 -2.01498e-18 -2.43641e-17 -3.76986e-33
Plastic strain_mean 9.21222e-18 0.00882326 0 0.00882326 -9.21222e-18 0 0 0 0
Plastic strain_rate_mean 0 0 0 0 0 0 0 0 0
Dissipation 0.0335402
End step 28
Begin step 29
Stress -2.31839e-12 102.22 -5.38139e-13 102.22 1.83044e-12 -4.42909e-12 -5.38139e-13 -4.42909e-12 -1.46516e-13
Strain 0 0.00966667 0 0.00966667 0 0 0 0 0
Strain mean -9.74611e-19 0.00966667 -2.6907e-18 0.00966667 1.05685e-32 -2.21454e-17 -2.6907e-18 -2.21454e-17 -4.16605e-33
Plastic strain_mean 9.88476e-18 0.00915557 0 0.00915557 -9.88476e-18 0 0 0 0
Plastic strain_rate_mean 0 0 0 0 0 0 0 0 0
Dissipation 0.0335982
End step 29
Begin step 30
Stress -2.16154e-12 102.423 -7.12184e-13 102.423 1.49441e-12 -3.98649e-12 -7.12184e-13 -3.98649e-12 -2.00316e-13
Strain 0 0.01 0 0.01 0 0 0 0 0
Strain mean -1.33248e-18 0.01 -3.56092e-18 0.01 -1.22778e-32 -1.99325e-17 -3.56092e-18 -1.99325e-17 -3.93236e-33
Plastic strain_mean 8.47364e-18 0.00948788 0 0.00948788 -8.47364e-18 0 0 0 0
Plastic strain_rate_mean 0 0 0 0 0 0 0 0 0
Dissipation 0.0336562
End step 30
