Begin step 0
Stress 0 0 0 0 0 0 0 0 0
Strain 0 0 0 0 0 0 0 0 0
Strain mean 0 0 0 0 0 0 0 0 0
Plastic strain_mean 0 0 0 0 0 0 0 0 0
Plastic strain_rate_mean 0 0 0 0 0 0 0 0 0
Dissipation 0
End step 0
Begin step 1
Stress -5.80474e-14 6.64532 -2.89012e-12 6.64532 5.29081e-14 1.69645e-12 -2.89012e-12 1.69645e-12 -1.54313e-15
Strain 0 3.33333e-05 0 3.33333e-05 0 0 0 0 0
Strain mean -1.02648e-20 3.33333e-05 -1.44506e-17 3.33333e-05 -4.11668e-33 8.48227e-18 -1.44506e-17 8.48227e-18 -1.78449e-33
Plastic strain_mean 2.72256e-19 1.06758e-07 0 1.06758e-07 -2.72256e-19 0 0 0 0
Plastic strain_rate_mean 0 0 0 0 0 0 0 0 0
Dissipation 7.09438e-07
End step 1
Begin step 2
Stress -6.50271e-14 13.2693 -2.52432e-13 13.2693 6.33983e-14 2.34038e-12 -2.52432e-13 2.34038e-12 -4.89087e-16
Strain 0 6.66667e-05 0 6.66667e-05 0 0 0 0 0
Strain mean -3.25335e-21 6.66667e-05 -1.26216e-18 6.66667e-05 1.68519e-34 1.17019e-17 -1.26216e-18 1.17019e-17 1.4783e-33
Plastic strain_mean 3.19437e-19 3.19931e-07 0 3.19931e-07 -3.19437e-19 0 0 0 0
Plastic strain_rate_mean 0 0 0 0 0 0 0 0 0
Dissipation 2.82865e-06
End step 2
Begin step 3
Stress -6.63649e-14 19.8722 -2.47871e-13 19.8722 7.6138e-14 2.33127e-12 -2.47871e-13 2.33127e-12 2.93452e-15
Strain 0 0.0001 0 0.0001 0 0 0 0 0
Strain mean 1.95201e-20 0.0001 -1.23936e-18 0.0001 8.1852e-34 1.16564e-17 -1.23936e-18 1.16564e-17 1.37223e-33
Plastic strain_mean 3.66017e-19 6.39178e-07 0 6.39178e-07 -3.66017e-19 0 0 0 0
Plastic strain_rate_mean 0 0 0 0 0 0 0 0 0
Dissipation 6.34405e-06
End step 3
Begin step 4
Stress -8.77115e-14 26.4538 -2.45327e-13 26.4538 8.01235e-14 2.3225e-12 -2.45327e-13 2.3225e-12 -2.2784e-15
Strain 0 0.000133333 0 0.000133333 0 0 0 0 0
Strain mean -1.51557e-20 0.000133333 -1.22663e-18 0.000133333 -1.10741e-33 1.16125e-17 -1.22663e-18 1.16125e-17 1.20295e-33
Plastic strain_mean 4.1201e-19 1.06416e-06 0 1.06416e-06 -4.1201e-19 0 0 0 0
Plastic strain_rate_mean 0 0 0 0 0 0 0 0 0
Dissipation 1.12422e-05
End step 4
Begin step 5
Stress -9.25412e-14 33.0144 -2.35613e-13 33.0144 9.10905e-14 2.31453e-12 -2.35613e-13 2.31453e-12 -4.35593e-16
Strain 0 0.000166667 0 0.000166667 0 0 0 0 0
Strain mean -2.89751e-21 0.000166667 -1.17806e-18 0.000166667 -4.30927e-33 1.15727e-17 -1.17806e-18 1.15727e-17 1.38501e-33
Plastic strain_mean 4.57631e-19 1.59453e-06 0 1.59453e-06 -4.57631e-19 0 0 0 0
Plastic strain_rate_mean 0 0 0 0 0 0 0 0 0
Dissipation 1.75096e-05
End step 5
Begin step 6
Stress -9.99404e-14 39.554 -2.30318e-13 39.554 1.00784e-13 2.305e-12 -2.30318e-13 2.305e-12 2.53277e-16
Strain 0 0.0002 0 0.0002 0 0 0 0 0
Strain mean 1.68477e-21 0.0002 -1.15159e-18 0.0002 -4.57408e-34 1.1525e-17 -1.15159e-18 1.1525e-17 1.16609e-33
Plastic strain_mean 5.02653e-19 2.22996e-06 0 2.22996e-06 -5.02653e-19 0 0 0 0
Plastic strain_rate_mean 0 0 0 0 0 0 0 0 0
Dissipation 2.51331e-05
End step 6
Begin step 7
Stress -9.27344e-14 46.0725 -2.20389e-12 46.0725 1.09277e-13 1.36414e-12 -2.20389e-12 1.36414e-12 4.96729e-15
Strain 0 0.000233333 0 0.000233333 0 0 0 0 0
Strain mean 3.30418e-20 0.000233333 -1.10195e-17 0.000233333 -1.45889e-32 6.82069e-18 -1.10195e-17 6.82069e-18 3.55093e-33
Plastic strain_mean 5.2155e-19 2.97073e-06 0 2.97073e-06 -5.2155e-19 0 0 0 0
Plastic strain_rate_mean 0 0 0 0 0 0 0 0 0
Dissipation 3.41287e-05
End step 7
Begin step 8
Stress -1.61425e-13 52.5688 5.78669e-12 52.5688 1.56328e-13 -4.28632e-12 5.78669e-12 -4.28632e-12 -1.53058e-15
Strain 0 0.000266667 0 0.000266667 0 0 0 0 0
Strain mean -1.01812e-20 0.000266667 2.89334e-17 0.000266667 -3.36556e-32 -2.14316e-17 2.89334e-17 -2.14316e-17 6.89724e-33
Plastic strain_mean 7.89291e-19 3.8225e-06 0 3.8225e-06 -7.89291e-19 0 0 0 0
Plastic strain_rate_mean 0 0 0 0 0 0 0 0 0
Dissipation 4.47751e-05
End step 8
Begin step 9
Stress -1.19916e-13 59.0376 7.64206e-13 59.0376 9.32439e-14 -1.8379e-12 7.64206e-13 -1.8379e-12 -8.0088e-15
Strain 0 0.0003 0 0.0003 0 0 0 0 0
Strain mean -5.32736e-20 0.0003 3.82103e-18 0.0003 1.22658e-32 -9.18952e-18 3.82103e-18 -9.18952e-18 -6.31946e-34
Plastic strain_mean 5.06263e-19 4.81197e-06 0 4.81197e-06 -5.06263e-19 0 0 0 0
Plastic strain_rate_mean 0 0 0 0 0 0 0 0 0
Dissipation 5.84142e-05
End step 9
Begin step 10
Stress -2.57517e-13 65.47 2.34758e-12 65.47 2.4101e-13 2.88065e-12 2.34758e-12 2.88065e-12 -4.95637e-15
Strain 0 0.000333333 0 0.000333333 0 0 0 0 0
Strain mean -3.29692e-20 0.000333333 1.17379e-17 0.000333333 2.60964e-32 1.44032e-17 1.17379e-17 1.44032e-17 5.38358e-33
Plastic strain_mean 1.22983e-18 5.98344e-06 0 5.98344e-06 -1.22983e-18 0 0 0 0
Plastic strain_rate_mean 0 0 0 0 0 0 0 0 0
Dissipation 7.6693e-05
End step 10
Begin step 11
Stress -2.50768e-13 71.8519 1.2889e-12 71.8519 2.62447e-13 -1.09226e-13 1.2889e-12 -1.09226e-13 3.50658e-15
Strain 0 0.000366667 0 0.000366667 0 0 0 0 0
Strain mean 2.33254e-20 0.000366667 6.4445e-18 0.000366667 -8.85928e-32 -5.46129e-19 6.4445e-18 -5.46129e-19 4.35368e-33
Plastic strain_mean 1.2947e-18 7.40733e-06 0 7.40733e-06 -1.2947e-18 0 0 0 0
Plastic strain_rate_mean 0 0 0 0 0 0 0 0 0
Dissipation 0.000102305
End step 11
Begin step 12
Stress -3.57307e-13 78.1589 -4.36992e-12 78.1589 3.35288e-13 3.09841e-12 -4.36992e-12 3.09841e-12 -6.61141e-15
Strain 0 0.0004 0 0.0004 0 0 0 0 0
Strain mean -4.39783e-20 0.0004 -2.18496e-17 0.0004 1.58889e-33 1.5492e-17 -2.18496e-17 1.5492e-17 -7.46298e-34
Plastic strain_mean 1.7095e-18 9.20572e-06 0 9.20572e-06 -1.7095e-18 0 0 0 0
Plastic strain_rate_mean 0 0 0 0 0 0 0 0 0
Dissipation 0.000140553
End step 12
Begin step 13
Stress -2.42954e-13 84.3454 1.81939e-12 84.3454 2.16689e-13 -1.08323e-12 1.81939e-12 -1.08323e-12 -7.88653e-15
Strain 0 0.000433333 0 0.000433333 0 0 0 0 0
Strain mean -5.24603e-20 0.000433333 9.09693e-18 0.000433333 3.06283e-32 -5.41616e-18 9.09693e-18 -5.41616e-18 1.45141e-33
Plastic strain_mean 1.12288e-18 1.16062e-05 0 1.16062e-05 -1.12288e-18 0 0 0 0
Plastic strain_rate_mean 0 0 0 0 0 0 0 0 0
Dissipation 0.000202454
End step 13
Begin step 14
Stress -3.51721e-13 90.3155 1.28032e-12 90.3155 4.39446e-13 1.48643e-12 1.28032e-12 1.48643e-12 2.63408e-14
Strain 0 0.000466667 0 0.000466667 0 0 0 0 0
Strain mean 1.75216e-19 0.000466667 6.40159e-18 0.000466667 -1.36934e-31 7.43216e-18 6.40159e-18 7.43216e-18 3.18982e-33
Plastic strain_mean 2.06553e-18 1.50893e-05 0 1.50893e-05 -2.06553e-18 0 0 0 0
Plastic strain_rate_mean 0 0 0 0 0 0 0 0 0
Dissipation 0.000314552
End step 14
Begin step 15
Stress -1.82566e-12 95.8334 1.02681e-12 95.8334 1.79343e-12 3.2927e-12 1.02681e-12 3.2927e-12 -9.67693e-15
Strain 0 0.0005 0 0.0005 0 0 0 0 0
Strain mean -6.43699e-20 0.0005 5.13407e-18 0.0005 2.54704e-32 1.64635e-17 5.13407e-18 1.64635e-17 -3.18681e-33
Plastic strain_mean 9.01555e-18 2.08331e-05 0 2.08331e-05 -9.01555e-18 0 0 0 0
Plastic strain_rate_mean 0 0 0 0 0 0 0 0 0
Dissipation 0.000550388
End step 15
Begin step 16
Stress -1.72157e-12 100.256 3.47793e-13 100.256 1.76409e-12 -1.60325e-12 3.47793e-13 -1.60325e-12 1.27687e-14
Strain 0 0.000533333 0 0.000533333 0 0 0 0 0
Strain mean 8.49357e-20 0.000533333 1.73896e-18 0.000533333 -6.25927e-33 -8.01624e-18 1.73896e-18 -8.01624e-18 4.45672e-33
Plastic strain_mean 8.75661e-18 3.20545e-05 0 3.20545e-05 -8.75661e-18 0 0 0 0
Plastic strain_rate_mean 0 0 0 0 0 0 0 0 0
Dissipation 0.00112483
End step 16
Begin step 17
Stress -2.02367e-12 102.632 -7.96796e-13 102.632 2.0974e-12 1.41421e-12 -7.96796e-13 1.41421e-12 2.21399e-14
Strain 0 0.000566667 0 0.000566667 0 0 0 0 0
Strain mean 1.47272e-19 0.000566667 -3.98398e-18 0.000566667 -2.92501e-33 7.07107e-18 -3.98398e-18 7.07107e-18 8.48237e-35
Plastic strain_mean 1.03763e-17 5.3505e-05 0 5.3505e-05 -1.03763e-17 0 0 0 0
Plastic strain_rate_mean 0 0 0 0 0 0 0 0 0
Dissipation 0.00220096
End step 17
Begin step 18
Stress 1.23364e-12 103.399 9.9431e-13 103.399 -1.20016e-12 -3.85131e-12 9.9431e-13 -3.85131e-12 1.00525e-14
Strain 0 0.0006 0 0.0006 0 0 0 0 0
Strain mean 6.6868e-20 0.0006 4.97155e-18 0.0006 -1.24584e-33 -1.92566e-17 4.97155e-18 -1.92566e-17 1.03218e-33
Plastic strain_mean -6.05108e-18 8.3004e-05 0 8.3004e-05 6.05108e-18 0 0 0 0
Plastic strain_rate_mean 0 0 0 0 0 0 0 0 0
Dissipation 0.00304914
End step 18
Begin step 19
Stress -1.22999e-12 103.601 -1.03964e-12 103.601 1.22663e-12 7.79694e-13 -1.03964e-12 7.79694e-13 -1.00874e-15
Strain 0 0.000633333 0 0.000633333 0 0 0 0 0
Strain mean -6.71003e-21 0.000633333 -5.19821e-18 0.000633333 1.4926e-33 3.89847e-18 -5.19821e-18 3.89847e-18 -1.29097e-33
Plastic strain_mean 6.13821e-18 0.000115327 0 0.000115327 -6.13821e-18 0 0 0 0
Plastic strain_rate_mean 0 0 0 0 0 0 0 0 0
Dissipation 0.00334732
End step 19
Begin step 20
Stress -1.16238e-12 103.665 -1.34988e-12 103.665 1.16473e-12 2.26582e-12 -1.34988e-12 2.26582e-12 7.07429e-16
Strain 0 0.000666667 0 0.000666667 0 0 0 0 0
Strain mean 4.70574e-21 0.000666667 -6.7494e-18 0.000666667 8.36576e-34 1.13291e-17 -6.7494e-18 1.13291e-17 1.22928e-33
Plastic strain_mean 5.82013e-18 0.000148341 0 0.000148341 -5.82013e-18 0 0 0 0
Plastic strain_rate_mean 0 0 0 0 0 0 0 0 0
Dissipation 0.00342069
End step 20
Begin step 21
Stress -2.8084e-13 103.698 4.14918e-14 103.698 2.70253e-13 -5.79198e-14 4.14918e-14 -5.79198e-14 -3.17907e-15
Strain 0 0.0007 0 0.0007 0 0 0 0 0
Strain mean -2.11468e-20 0.0007 2.07459e-19 0.0007 1.57385e-33 -2.89599e-19 2.07459e-19 -2.89599e-19 8.42594e-34
Plastic strain_mean 1.36716e-18 0.000181509 0 0.000181509 -1.36716e-18 0 0 0 0
Plastic strain_rate_mean 0 0 0 0 0 0 0 0 0
Dissipation 0.00343755
End step 21
Begin step 22
Stress -2.70447e-14 103.724 1.21233e-13 103.724 3.77486e-14 -8.39799e-14 1.21233e-13 -8.39799e-14 3.214e-15
Strain 0 0.000733333 0 0.000733333 0 0 0 0 0
Strain mean 2.13792e-20 0.000733333 6.06166e-19 0.000733333 2.9914e-34 -4.19899e-19 6.06166e-19 -4.19899e-19 -7.64353e-34
Plastic strain_mean 1.72673e-19 0.000214713 0 0.000214713 -1.72673e-19 0 0 0 0
Plastic strain_rate_mean 0 0 0 0 0 0 0 0 0
Dissipation 0.00344186
End step 22
Begin step 23
Stress 6.50082e-14 103.748 1.58902e-13 103.748 4.15938e-14 -5.46003e-14 1.58902e-13 -5.46003e-14 3.2009e-14
Strain 0 0.000766667 0 0.000766667 0 0 0 0 0
Strain mean 2.1292e-19 0.000766667 7.94511e-19 0.000766667 -1.35266e-33 -2.73002e-19 7.94511e-19 -2.73002e-19 -3.88195e-34
Plastic strain_mean 4.79242e-20 0.000247926 0 0.000247926 -4.79242e-20 0 0 0 0
Plastic strain_rate_mean 0 0 0 0 0 0 0 0 0
Dissipation 0.00344341
End step 23
Begin step 24
Stress -2.76275e-15 103.772 1.24495e-13 103.772 3.21837e-14 -1.96127e-14 1.24495e-13 -1.96127e-14 8.83413e-15
Strain 0 0.0008 0 0.0008 0 0 0 0 0
Strain mean 5.87636e-20 0.0008 6.22477e-19 0.0008 1.01713e-33 -9.80633e-20 6.22477e-19 -9.80633e-20 -3.76158e-34
Plastic strain_mean 1.16748e-19 0.000281142 0 0.000281142 -1.16748e-19 0 0 0 0
Plastic strain_rate_mean 0 0 0 0 0 0 0 0 0
Dissipation 0.00344434
End step 24
Begin step 25
Stress 8.46738e-13 103.795 5.59552e-12 103.795 -9.48395e-13 1.42302e-12 5.59552e-12 1.42302e-12 -3.05243e-14
Strain 0 0.000833333 0 0.000833333 0 0 0 0 0
Strain mean -2.03044e-19 0.000833333 2.79776e-17 0.000833333 -3.37038e-34 7.1151e-18 2.79776e-17 7.1151e-18 -8.06483e-34
Plastic strain_mean -4.58935e-18 0.00031436 0 0.00031436 4.58935e-18 0 0 0 0
Plastic strain_rate_mean 0 0 0 0 0 0 0 0 0
Dissipation 0.00344511
End step 25
Begin step 26
Stress 9.59755e-13 103.817 4.78778e-12 103.817 -8.1409e-13 1.30255e-12 4.78778e-12 1.30255e-12 4.37383e-14
Strain 0 0.000866667 0 0.000866667 0 0 0 0 0
Strain mean 2.90942e-19 0.000866667 2.39389e-17 0.000866667 4.52594e-33 6.51275e-18 2.39389e-17 6.51275e-18 -1.61898e-33
Plastic strain_mean -4.28914e-18 0.000347579 0 0.000347579 4.28914e-18 0 0 0 0
Plastic strain_rate_mean 0 0 0 0 0 0 0 0 0
Dissipation 0.00344583
End step 26
Begin step 27
Stress 8.06711e-13 103.84 4.10288e-12 103.84 -7.7556e-13 1.15666e-12 4.10288e-12 1.15666e-12 9.35379e-15
Strain 0 0.0009 0 0.0009 0 0 0 0 0
Strain mean 6.22203e-20 0.0009 2.05144e-17 0.0009 -2.39538e-33 5.7833e-18 2.05144e-17 5.7833e-18 -1.23229e-33
Plastic strain_mean -3.92457e-18 0.0003808 0 0.0003808 3.92457e-18 0 0 0 0
Plastic strain_rate_mean 0 0 0 0 0 0 0 0 0
Dissipation 0.00344652
End step 27
Begin step 28
Stress 6.96724e-13 103.862 3.48275e-12 103.862 -7.51988e-13 9.99253e-13 3.48275e-12 9.99253e-13 -1.6594e-14
Strain 0 0.000933333 0 0.000933333 0 0 0 0 0
Strain mean -1.10382e-19 0.000933333 1.74138e-17 0.000933333 -2.3713e-33 4.99626e-18 1.74138e-17 4.99626e-18 -8.78706e-34
Plastic strain_mean -3.67697e-18 0.000414021 0 0.000414021 3.67697e-18 0 0 0 0
Plastic strain_rate_mean 0 0 0 0 0 0 0 0 0
Dissipation 0.00344719
End step 28
Begin step 29
Stress 7.23078e-13 103.885 3.01599e-12 103.885 -6.59887e-13 8.3864e-13 3.01599e-12 8.3864e-13 1.8974e-14
Strain 0 0.000966667 0 0.000966667 0 0 0 0 0
Strain mean 1.26213e-19 0.000966667 1.50799e-17 0.000966667 -1.58889e-33 4.1932e-18 1.50799e-17 4.1932e-18 -1.89584e-34
Plastic strain_mean -3.39431e-18 0.000447243 0 0.000447243 3.39431e-18 0 0 0 0
Plastic strain_rate_mean 0 0 0 0 0 0 0 0 0
Dissipation 0.00344785
End step 29
Begin step 30
Stress 5.73912e-13 103.907 2.57647e-12 103.907 -6.36157e-13 6.78858e-13 2.57647e-12 6.78858e-13 -1.86901e-14
Strain 0 0.001 0 0.001 0 0 0 0 0
Strain mean -1.24324e-19 0.001 1.28823e-17 0.001 8.30557e-34 3.39429e-18 1.28823e-17 3.39429e-18 -6.04862e-34
Plastic strain_mean -3.08733e-18 0.000480465 0 0.000480465 3.08733e-18 0 0 0 0
Plastic strain_rate_mean 0 0 0 0 0 0 0 0 0
Dissipation 0.0034485
End step 30
