Begin step 0
Stress 0 0 0 0 0 0 0 0 0
Strain 0 0 0 0 0 0 0 0 0
Strain mean 0 0 0 0 0 0 0 0 0
Plastic strain_mean 0 0 0 0 0 0 0 0 0
Plastic strain_rate_mean 0 0 0 0 0 0 0 0 0
Dissipation 0
End step 0
Begin step 1
Stress -2.01309e-14 6.65597 -3.30512e-12 6.65597 2.19598e-14 2.22241e-12 -3.30512e-12 2.22241e-12 5.49131e-16
Strain 0 3.33333e-05 0 3.33333e-05 0 0 0 0 0
Strain mean 3.65276e-21 3.33333e-05 -1.65256e-17 3.33333e-05 -4.23705e-33 1.11121e-17 -1.65256e-17 1.11121e-17 5.78907e-34
Plastic strain_mean 1.07053e-19 5.34648e-08 0 5.34648e-08 -1.07053e-19 0 0 0 0
Plastic strain_rate_mean 0 0 0 0 0 0 0 0 0
Dissipation 3.5586e-07
End step 1
Begin step 2
Stress -9.37832e-14 13.3013 1.79459e-12 13.3013 9.65919e-14 -5.63004e-12 1.79459e-12 -5.63004e-12 8.43347e-16
Strain 0 6.66667e-05 0 6.66667e-05 0 0 0 0 0
Strain mean 5.60985e-21 6.66667e-05 8.97297e-18 6.66667e-05 -2.03186e-32 -2.81502e-17 8.97297e-18 -2.81502e-17 -4.78473e-34
Plastic strain_mean 4.78743e-19 1.60308e-07 0 1.60308e-07 -4.78743e-19 0 0 0 0
Plastic strain_rate_mean 0 0 0 0 0 0 0 0 0
Dissipation 1.42115e-06
End step 2
Begin step 3
Stress -1.66824e-13 19.9359 1.79607e-12 19.9359 1.70504e-13 -5.62509e-12 1.79607e-12 -5.62509e-12 1.10481e-15
Strain 0 0.0001 0 0.0001 0 0 0 0 0
Strain mean 7.34909e-21 0.0001 8.98036e-18 0.0001 5.72964e-33 -2.81254e-17 8.98036e-18 -2.81254e-17 -9.93058e-35
Plastic strain_mean 8.46994e-19 3.20445e-07 0 3.20445e-07 -8.46994e-19 0 0 0 0
Plastic strain_rate_mean 0 0 0 0 0 0 0 0 0
Dissipation 3.19245e-06
End step 3
Begin step 4
Stress -2.32095e-13 26.5599 1.79655e-12 26.5599 2.47155e-13 -5.60786e-12 1.79655e-12 -5.60786e-12 4.52187e-15
Strain 0 0.000133333 0 0.000133333 0 0 0 0 0
Strain mean 3.0079e-20 0.000133333 8.98275e-18 0.000133333 1.34815e-33 -2.80393e-17 8.98275e-18 -2.80393e-17 -1.08634e-33
Plastic strain_mean 1.21317e-18 5.33789e-07 0 5.33789e-07 -1.21317e-18 0 0 0 0
Plastic strain_rate_mean 0 0 0 0 0 0 0 0 0
Dissipation 5.66635e-06
End step 4
Begin step 5
Stress -3.33009e-13 33.1733 1.80497e-12 33.1733 3.07849e-13 -5.59504e-12 1.80497e-12 -5.59504e-12 -7.55465e-15
Strain 0 0.000166667 0 0.000166667 0 0 0 0 0
Strain mean -5.02526e-20 0.000166667 9.02485e-18 0.000166667 1.4926e-32 -2.79752e-17 9.02485e-18 -2.79752e-17 -8.72687e-34
Plastic strain_mean 1.57702e-18 8.00254e-07 0 8.00254e-07 -1.57702e-18 0 0 0 0
Plastic strain_rate_mean 0 0 0 0 0 0 0 0 0
Dissipation 8.83945e-06
End step 5
Begin step 6
Stress -3.9185e-13 39.776 1.79622e-12 39.776 3.85945e-13 -5.5831e-12 1.79622e-12 -5.5831e-12 -1.77294e-15
Strain 0 0.0002 0 0.0002 0 0 0 0 0
Strain mean -1.17934e-20 0.0002 8.98112e-18 0.0002 1.19408e-32 -2.79155e-17 8.98112e-18 -2.79155e-17 -1.28496e-33
Plastic strain_mean 1.93859e-18 1.11976e-06 0 1.11976e-06 -1.93859e-18 0 0 0 0
Plastic strain_rate_mean 0 0 0 0 0 0 0 0 0
Dissipation 1.27084e-05
End step 6
Begin step 7
Stress -2.53614e-13 46.3681 -5.68732e-13 46.3681 2.34169e-13 3.55344e-12 -5.68732e-13 3.55344e-12 -5.83848e-15
Strain 0 0.000233333 0 0.000233333 0 0 0 0 0
Strain mean -3.88369e-20 0.000233333 -2.84366e-18 0.000233333 2.78056e-32 1.77672e-17 -2.84366e-18 1.77672e-17 -8.68474e-33
Plastic strain_mean 1.20004e-18 1.49259e-06 0 1.49259e-06 -1.20004e-18 0 0 0 0
Plastic strain_rate_mean 0 0 0 0 0 0 0 0 0
Dissipation 1.72877e-05
End step 7
Begin step 8
Stress -2.60691e-13 52.9489 3.7917e-12 52.9489 2.46773e-13 -2.47241e-12 3.7917e-12 -2.47241e-12 -4.17907e-15
Strain 0 0.000266667 0 0.000266667 0 0 0 0 0
Strain mean -2.77987e-20 0.000266667 1.89585e-17 0.000266667 -1.89524e-32 -1.2362e-17 1.89585e-17 -1.2362e-17 3.8639e-33
Plastic strain_mean 1.25476e-18 1.9223e-06 0 1.9223e-06 -1.25476e-18 0 0 0 0
Plastic strain_rate_mean 0 0 0 0 0 0 0 0 0
Dissipation 2.27521e-05
End step 8
Begin step 9
Stress -2.42806e-13 59.5151 3.88226e-12 59.5151 2.73536e-13 -2.45685e-12 3.88226e-12 -2.45685e-12 9.22715e-15
Strain 0 0.0003 0 0.0003 0 0 0 0 0
Strain mean 6.13779e-20 0.0003 1.94113e-17 0.0003 -7.02964e-33 -1.22842e-17 1.94113e-17 -1.22842e-17 7.46749e-33
Plastic strain_mean 1.32154e-18 2.42447e-06 0 2.42447e-06 -1.32154e-18 0 0 0 0
Plastic strain_rate_mean 0 0 0 0 0 0 0 0 0
Dissipation 2.98862e-05
End step 9
Begin step 10
Stress -1.61367e-13 66.0616 6.43324e-13 66.0616 2.15715e-13 -1.82256e-12 6.43324e-13 -1.82256e-12 1.63189e-14
Strain 0 0.000333333 0 0.000333333 0 0 0 0 0
Strain mean 1.08552e-19 0.000333333 3.21662e-18 0.000333333 -3.52084e-32 -9.1128e-18 3.21662e-18 -9.1128e-18 -8.84724e-34
Plastic strain_mean 9.96979e-19 3.02549e-06 0 3.02549e-06 -9.96979e-19 0 0 0 0
Plastic strain_rate_mean 0 0 0 0 0 0 0 0 0
Dissipation 3.97036e-05
End step 10
Begin step 11
Stress -1.70384e-13 72.5791 4.38439e-12 72.5791 1.77161e-13 -5.76448e-12 4.38439e-12 -5.76448e-12 2.03495e-15
Strain 0 0.000366667 0 0.000366667 0 0 0 0 0
Strain mean 1.35363e-20 0.000366667 2.19219e-17 0.000366667 -4.90623e-33 -2.88224e-17 2.19219e-17 -2.88224e-17 8.29805e-33
Plastic strain_mean 8.75629e-19 3.77119e-06 0 3.77119e-06 -8.75629e-19 0 0 0 0
Plastic strain_rate_mean 0 0 0 0 0 0 0 0 0
Dissipation 5.41211e-05
End step 11
Begin step 12
Stress -1.40564e-13 79.0499 -3.444e-12 79.0499 1.13222e-13 1.59955e-12 -3.444e-12 1.59955e-12 -8.20967e-15
Strain 0 0.0004 0 0.0004 0 0 0 0 0
Strain mean -5.46098e-20 0.0004 -1.722e-17 0.0004 -8.89238e-34 7.99774e-18 -1.722e-17 7.99774e-18 -4.58161e-34
Plastic strain_mean 6.0716e-19 4.75027e-06 0 4.75027e-06 -6.0716e-19 0 0 0 0
Plastic strain_rate_mean 0 0 0 0 0 0 0 0 0
Dissipation 7.73944e-05
End step 12
Begin step 13
Stress -3.38509e-13 85.434 7.00411e-12 85.434 3.37811e-13 -3.72032e-12 7.00411e-12 -3.72032e-12 -2.09609e-16
Strain 0 0.000433333 0 0.000433333 0 0 0 0 0
Strain mean -1.39429e-21 0.000433333 3.50205e-17 0.000433333 9.094e-32 -1.86016e-17 3.50205e-17 -1.86016e-17 7.90233e-33
Plastic strain_mean 1.6901e-18 6.16315e-06 0 6.16315e-06 -1.6901e-18 0 0 0 0
Plastic strain_rate_mean 0 0 0 0 0 0 0 0 0
Dissipation 0.000120703
End step 13
Begin step 14
Stress -1.61217e-13 91.6122 -1.36615e-12 91.6122 1.05225e-13 -2.26612e-12 -1.36615e-12 -2.26612e-12 -1.68124e-14
Strain 0 0.000466667 0 0.000466667 0 0 0 0 0
Strain mean -1.11834e-19 0.000466667 -6.83075e-18 0.000466667 1.15556e-33 -1.13306e-17 -6.83075e-18 -1.13306e-17 8.94655e-33
Plastic strain_mean 6.10188e-19 8.60542e-06 0 8.60542e-06 -6.10188e-19 0 0 0 0
Plastic strain_rate_mean 0 0 0 0 0 0 0 0 0
Dissipation 0.000223731
End step 14
Begin step 15
Stress 1.51294e-12 96.9854 -4.06487e-12 96.9854 -1.50631e-12 3.28246e-12 -4.06487e-12 3.28246e-12 1.99128e-15
Strain 0 0.0005 0 0.0005 0 0 0 0 0
Strain mean 1.32458e-20 0.0005 -2.03244e-17 0.0005 -4.27749e-31 1.64123e-17 -2.03244e-17 1.64123e-17 -6.0727e-33
Plastic strain_mean -7.54152e-18 1.5073e-05 0 1.5073e-05 7.54152e-18 0 0 0 0
Plastic strain_rate_mean 0 0 0 0 0 0 0 0 0
Dissipation 0.000627211
End step 15
Begin step 16
Stress -2.10095e-13 99.3037 -1.10604e-12 99.3037 1.58976e-13 6.19675e-12 -1.10604e-12 6.19675e-12 -1.53495e-14
Strain 0 0.000533333 0 0.000533333 0 0 0 0 0
Strain mean -1.02103e-19 0.000533333 -5.5302e-18 0.000533333 -3.04538e-33 3.09838e-17 -5.5302e-18 3.09838e-17 3.04162e-33
Plastic strain_mean 8.71627e-19 3.68149e-05 0 3.68149e-05 -8.71627e-19 0 0 0 0
Plastic strain_rate_mean 0 0 0 0 0 0 0 0 0
Dissipation 0.0021587
End step 16
Begin step 17
Stress -1.46038e-12 99.6328 2.63299e-13 99.6328 1.50883e-12 2.06095e-12 2.63299e-13 2.06095e-12 1.4546e-14
Strain 0 0.000566667 0 0.000566667 0 0 0 0 0
Strain mean 9.67581e-20 0.000566667 1.3165e-18 0.000566667 3.25001e-34 1.03047e-17 1.3165e-18 1.03047e-17 1.03368e-33
Plastic strain_mean 7.4714e-18 6.85028e-05 0 6.85028e-05 -7.4714e-18 0 0 0 0
Plastic strain_rate_mean 0 0 0 0 0 0 0 0 0
Dissipation 0.00315643
End step 17
Begin step 18
Stress 2.81114e-14 99.6834 4.97986e-13 99.6834 3.7246e-14 1.25439e-12 4.97986e-13 1.25439e-12 1.96246e-14
Strain 0 0.0006 0 0.0006 0 0 0 0 0
Strain mean 1.30541e-19 0.0006 2.48993e-18 0.0006 8.42594e-35 6.27194e-18 2.48993e-18 6.27194e-18 7.67363e-35
Plastic strain_mean 8.8107e-20 0.000101583 0 0.000101583 -8.8107e-20 0 0 0 0
Plastic strain_rate_mean 0 0 0 0 0 0 0 0 0
Dissipation 0.0032966
End step 18
Begin step 19
Stress 7.94782e-14 99.7079 1.55359e-12 99.7079 1.07684e-15 -5.64773e-13 1.55359e-12 -5.64773e-13 2.4188e-14
Strain 0 0.000633333 0 0.000633333 0 0 0 0 0
Strain mean 1.60896e-19 0.000633333 7.76795e-18 0.000633333 -2.16667e-33 -2.82387e-18 7.76795e-18 -2.82387e-18 -4.91112e-33
Plastic strain_mean -1.15556e-19 0.000134794 0 0.000134794 1.15556e-19 0 0 0 0
Plastic strain_rate_mean 0 0 0 0 0 0 0 0 0
Dissipation 0.00331027
End step 19
Begin step 20
Stress 2.64903e-13 99.7297 9.56377e-13 99.7297 -2.37881e-13 -8.59631e-13 9.56377e-13 -8.59631e-13 8.1136e-15
Strain 0 0.000666667 0 0.000666667 0 0 0 0 0
Strain mean 5.39708e-20 0.000666667 4.78188e-18 0.000666667 1.87778e-33 -4.29815e-18 4.78188e-18 -4.29815e-18 -4.04445e-33
Plastic strain_mean -1.22997e-18 0.000168018 0 0.000168018 1.22997e-18 0 0 0 0
Plastic strain_rate_mean 0 0 0 0 0 0 0 0 0
Dissipation 0.00331218
End step 20
Begin step 21
Stress 2.25195e-13 99.7509 7.48198e-13 99.7509 -2.88618e-13 -6.78532e-13 7.48198e-13 -6.78532e-13 -1.90438e-14
Strain 0 0.0007 0 0.0007 0 0 0 0 0
Strain mean -1.26677e-19 0.0007 3.74099e-18 0.0007 -6.01853e-34 -3.39266e-18 3.74099e-18 -3.39266e-18 -1.75741e-33
Plastic strain_mean -1.34787e-18 0.000201245 0 0.000201245 1.34787e-18 0 0 0 0
Plastic strain_rate_mean 0 0 0 0 0 0 0 0 0
Dissipation 0.003313
End step 21
Begin step 22
Stress 2.48198e-13 99.7719 5.70908e-13 99.7719 -2.6408e-13 -5.37038e-13 5.70908e-13 -5.37038e-13 -4.7686e-15
Strain 0 0.000733333 0 0.000733333 0 0 0 0 0
Strain mean -3.17202e-20 0.000733333 2.85454e-18 0.000733333 2.64815e-34 -2.68519e-18 2.85454e-18 -2.68519e-18 -1.8838e-33
Plastic strain_mean -1.29656e-18 0.000234474 0 0.000234474 1.29656e-18 0 0 0 0
Plastic strain_rate_mean 0 0 0 0 0 0 0 0 0
Dissipation 0.00331368
End step 22
Begin step 23
Stress 2.85625e-13 99.7927 4.39162e-13 99.7927 -2.21795e-13 -4.34578e-13 4.39162e-13 -4.34578e-13 1.91661e-14
Strain 0 0.000766667 0 0.000766667 0 0 0 0 0
Strain mean 1.27491e-19 0.000766667 2.19581e-18 0.000766667 -2.40741e-34 -2.17289e-18 2.19581e-18 -2.17289e-18 -9.62965e-34
Plastic strain_mean -1.2048e-18 0.000267703 0 0.000267703 1.2048e-18 0 0 0 0
Plastic strain_rate_mean 0 0 0 0 0 0 0 0 0
Dissipation 0.00331433
End step 23
Begin step 24
Stress 2.00816e-13 99.8134 4.36109e-13 99.8134 -1.88135e-13 -3.59e-13 4.36109e-13 -3.59e-13 3.80789e-15
Strain 0 0.0008 0 0.0008 0 0 0 0 0
Strain mean 2.53297e-20 0.0008 2.18054e-18 0.0008 -6.9815e-34 -1.795e-18 2.18054e-18 -1.795e-18 -7.73381e-34
Plastic strain_mean -9.59713e-19 0.000300933 0 0.000300933 9.59713e-19 0 0 0 0
Plastic strain_rate_mean 0 0 0 0 0 0 0 0 0
Dissipation 0.00331495
End step 24
Begin step 25
Stress -7.54939e-13 99.834 -1.65708e-12 99.834 8.58327e-13 -5.16703e-13 -1.65708e-12 -5.16703e-13 3.10439e-14
Strain 0 0.000833333 0 0.000833333 0 0 0 0 0
Strain mean 2.06501e-19 0.000833333 -8.28541e-18 0.000833333 4.81482e-34 -2.58351e-18 -8.28541e-18 -2.58351e-18 -2.9365e-34
Plastic strain_mean 4.13642e-18 0.000334163 0 0.000334163 -4.13642e-18 0 0 0 0
Plastic strain_rate_mean 0 0 0 0 0 0 0 0 0
Dissipation 0.00331557
End step 25
Begin step 26
Stress -8.90101e-13 99.8545 -1.14664e-12 99.8545 7.87629e-13 -4.24241e-13 -1.14664e-12 -4.24241e-13 -3.07688e-14
Strain 0 0.000866667 0 0.000866667 0 0 0 0 0
Strain mean -2.04671e-19 0.000866667 -5.73321e-18 0.000866667 1.36019e-33 -2.12121e-18 -5.73321e-18 -2.12121e-18 -3.25941e-34
Plastic strain_mean 4.09199e-18 0.000367394 0 0.000367394 -4.09199e-18 0 0 0 0
Plastic strain_rate_mean 0 0 0 0 0 0 0 0 0
Dissipation 0.00331617
End step 26
Begin step 27
Stress -8.04184e-13 99.8749 -8.67138e-13 99.8749 7.30289e-13 -3.53114e-13 -8.67138e-13 -3.53114e-13 -2.2188e-14
Strain 0 0.0009 0 0.0009 0 0 0 0 0
Strain mean -1.47592e-19 0.0009 -4.33569e-18 0.0009 3.49075e-34 -1.76557e-18 -4.33569e-18 -1.76557e-18 4.51014e-34
Plastic strain_mean 3.76239e-18 0.000400625 0 0.000400625 -3.76239e-18 0 0 0 0
Plastic strain_rate_mean 0 0 0 0 0 0 0 0 0
Dissipation 0.00331676
End step 27
Begin step 28
Stress -6.02814e-13 99.8953 -6.43471e-13 99.8953 6.96313e-13 -2.86356e-13 -6.43471e-13 -2.86356e-13 2.80745e-14
Strain 0 0.000933333 0 0.000933333 0 0 0 0 0
Strain mean 1.86748e-19 0.000933333 -3.21736e-18 0.000933333 -4.0926e-34 -1.43178e-18 -3.21736e-18 -1.43178e-18 -4.19793e-34
Plastic strain_mean 3.34119e-18 0.000433857 0 0.000433857 -3.34119e-18 0 0 0 0
Plastic strain_rate_mean 0 0 0 0 0 0 0 0 0
Dissipation 0.00331735
End step 28
Begin step 29
Stress -6.50184e-13 99.9156 -4.93333e-13 99.9156 6.31322e-13 -2.3086e-13 -4.93333e-13 -2.3086e-13 -5.6638e-15
Strain 0 0.000966667 0 0.000966667 0 0 0 0 0
Strain mean -3.7675e-20 0.000966667 -2.46666e-18 0.000966667 -5.95835e-34 -1.1543e-18 -2.46666e-18 -1.1543e-18 -4.7095e-34
Plastic strain_mean 3.18493e-18 0.000467089 0 0.000467089 -3.18493e-18 0 0 0 0
Plastic strain_rate_mean 0 0 0 0 0 0 0 0 0
Dissipation 0.00331794
End step 29
Begin step 30
Stress -5.32504e-13 99.9359 -3.15384e-13 99.9359 5.105e-13 -1.87747e-13 -3.15384e-13 -1.87747e-13 -6.60704e-15
Strain 0 0.001 0 0.001 0 0 0 0 0
Strain mean -4.39493e-20 0.001 -1.57692e-18 0.001 2.4676e-34 -9.38737e-19 -1.57692e-18 -9.38737e-19 -5.26998e-34
Plastic strain_mean 2.58553e-18 0.00050032 0 0.00050032 -2.58553e-18 0 0 0 0
Plastic strain_rate_mean 0 0 0 0 0 0 0 0 0
Dissipation 0.00331852
End step 30
