Begin step 0
Stress 0 0 0 0 0 0 0 0 0
Strain 0 0 0 0 0 0 0 0 0
Strain mean 0 0 0 0 0 0 0 0 0
Plastic strain_mean 0 0 0 0 0 0 0 0 0
Plastic strain_rate_mean 0 0 0 0 0 0 0 0 0
Dissipation 0
End step 0
Begin step 1
Stress -1.24354e-16 6.66453 -6.69622e-14 6.66453 4.91571e-16 1.72495e-12 -6.69622e-14 1.72495e-12 1.10263e-16
Strain 0 3.33333e-05 0 3.33333e-05 0 0 0 0 0
Strain mean 7.33456e-22 3.33333e-05 -3.34811e-19 3.33333e-05 6.01853e-34 8.62473e-18 -3.34811e-19 8.62473e-18 1.6393e-33
Plastic strain_mean 1.90654e-21 1.07067e-08 0 1.07067e-08 -1.90654e-21 0 0 0 0
Plastic strain_rate_mean 0 0 0 0 0 0 0 0 0
Dissipation 7.13552e-08
End step 1
Begin step 2
Stress 2.00825e-14 13.3269 2.55e-12 13.3269 -1.58068e-14 1.77899e-12 2.55e-12 1.77899e-12 1.28385e-15
Strain 0 6.66667e-05 0 6.66667e-05 0 0 0 0 0
Strain mean 8.54004e-21 6.66667e-05 1.275e-17 6.66667e-05 -1.28484e-31 8.89494e-18 1.275e-17 8.89494e-18 4.46575e-33
Plastic strain_mean -8.54531e-20 3.21167e-08 0 3.21167e-08 8.54531e-20 0 0 0 0
Plastic strain_rate_mean 0 0 0 0 0 0 0 0 0
Dissipation 2.85329e-07
End step 2
Begin step 3
Stress -2.09192e-14 19.9872 -5.5945e-14 19.9872 2.48895e-14 7.63239e-12 -5.5945e-14 7.63239e-12 1.19215e-15
Strain 0 0.0001 0 0.0001 0 0 0 0 0
Strain mean 7.93004e-21 0.0001 -2.79725e-19 0.0001 4.19853e-32 3.8162e-17 -2.79725e-19 3.8162e-17 -1.625e-34
Plastic strain_mean 1.18487e-19 6.42266e-08 0 6.42266e-08 -1.18487e-19 0 0 0 0
Plastic strain_rate_mean 0 0 0 0 0 0 0 0 0
Dissipation 6.41784e-07
End step 3
Begin step 4
Stress -4.10262e-14 26.6453 -5.68481e-14 26.6453 7.44975e-14 7.64153e-12 -5.68481e-14 7.64153e-12 1.00503e-14
Strain 0 0.000133333 0 0.000133333 0 0 0 0 0
Strain mean 6.68534e-20 0.000133333 -2.8424e-19 0.000133333 -2.00778e-32 3.82077e-17 -2.8424e-19 3.82077e-17 -5.77779e-34
Plastic strain_mean 3.22236e-19 1.07033e-07 0 1.07033e-07 -3.22236e-19 0 0 0 0
Plastic strain_rate_mean 0 0 0 0 0 0 0 0 0
Dissipation 1.14058e-06
End step 4
Begin step 5
Stress -9.80673e-14 33.3012 -6.44911e-14 33.3012 1.08498e-13 7.67653e-12 -6.44911e-14 7.67653e-12 3.13212e-15
Strain 0 0.000166667 0 0.000166667 0 0 0 0 0
Strain mean 2.08345e-20 0.000166667 -3.22456e-19 0.000166667 -6.94298e-32 3.83827e-17 -3.22456e-19 3.83827e-17 -1.92593e-34
Plastic strain_mean 5.26832e-19 1.60532e-07 0 1.60532e-07 -5.26832e-19 0 0 0 0
Plastic strain_rate_mean 0 0 0 0 0 0 0 0 0
Dissipation 1.78158e-06
End step 5
Begin step 6
Stress -1.42951e-13 39.9551 -6.52471e-14 39.9551 1.47634e-13 7.67202e-12 -6.52471e-14 7.67202e-12 1.40612e-15
Strain 0 0.0002 0 0.0002 0 0 0 0 0
Strain mean 9.35338e-21 0.0002 -3.26236e-19 0.0002 1.44397e-31 3.83601e-17 -3.26236e-19 3.83601e-17 -5.77779e-34
Plastic strain_mean 7.31137e-19 2.24721e-07 0 2.24721e-07 -7.31137e-19 0 0 0 0
Plastic strain_rate_mean 0 0 0 0 0 0 0 0 0
Dissipation 2.56466e-06
End step 6
Begin step 7
Stress -1.58832e-13 46.6067 2.03586e-12 46.6067 1.45772e-13 1.65744e-12 2.03586e-12 1.65744e-12 -3.92143e-15
Strain 0 0.000233333 0 0.000233333 0 0 0 0 0
Strain mean -2.60849e-20 0.000233333 1.01793e-17 0.000233333 -3.97223e-34 8.28718e-18 1.01793e-17 8.28718e-18 -6.2352e-33
Plastic strain_mean 7.48466e-19 2.99682e-07 0 2.99682e-07 -7.48466e-19 0 0 0 0
Plastic strain_rate_mean 0 0 0 0 0 0 0 0 0
Dissipation 3.4937e-06
End step 7
Begin step 8
Stress -1.52936e-13 53.2561 -1.96668e-12 53.2561 1.65596e-13 1.63448e-12 -1.96668e-12 1.63448e-12 3.80134e-15
Strain 0 0.000266667 0 0.000266667 0 0 0 0 0
Strain mean 2.52861e-20 0.000266667 -9.83342e-18 0.000266667 6.62038e-34 8.17239e-18 -9.83342e-18 8.17239e-18 2.12153e-34
Plastic strain_mean 8.08971e-19 3.86214e-07 0 3.86214e-07 -8.08971e-19 0 0 0 0
Plastic strain_rate_mean 0 0 0 0 0 0 0 0 0
Dissipation 4.60832e-06
End step 8
Begin step 9
Stress -2.01077e-13 59.9025 -3.37004e-12 59.9025 2.11737e-13 3.52703e-12 -3.37004e-12 3.52703e-12 3.2009e-15
Strain 0 0.0003 0 0.0003 0 0 0 0 0
Strain mean 2.1292e-20 0.0003 -1.68502e-17 0.0003 7.22224e-35 1.76351e-17 -1.68502e-17 1.76351e-17 -3.97524e-33
Plastic strain_mean 1.04268e-18 4.87643e-07 0 4.87643e-07 -1.04268e-18 0 0 0 0
Plastic strain_rate_mean 0 0 0 0 0 0 0 0 0
Dissipation 6.07583e-06
End step 9
Begin step 10
Stress -2.82016e-13 66.5447 -4.15036e-12 66.5447 3.38517e-13 5.9943e-12 -4.15036e-12 5.9943e-12 1.69652e-14
Strain 0 0.000333333 0 0.000333333 0 0 0 0 0
Strain mean 1.12851e-19 0.000333333 -2.07518e-17 0.000333333 -2.43149e-33 2.99715e-17 -2.07518e-17 2.99715e-17 -7.25233e-33
Plastic strain_mean 1.60776e-18 6.09584e-07 0 6.09584e-07 -1.60776e-18 0 0 0 0
Plastic strain_rate_mean 0 0 0 0 0 0 0 0 0
Dissipation 8.11454e-06
End step 10
Begin step 11
Stress -2.57695e-13 73.1809 -3.67325e-12 73.1809 2.5286e-13 -1.12839e-12 -3.67325e-12 -1.12839e-12 -1.45198e-15
Strain 0 0.000366667 0 0.000366667 0 0 0 0 0
Strain mean -9.65838e-21 0.000366667 -1.83663e-17 0.000366667 -8.42594e-34 -5.64194e-18 -1.83663e-17 -5.64194e-18 1.2338e-34
Plastic strain_mean 1.27156e-18 7.62047e-07 0 7.62047e-07 -1.27156e-18 0 0 0 0
Plastic strain_rate_mean 0 0 0 0 0 0 0 0 0
Dissipation 1.11573e-05
End step 11
Begin step 12
Stress -3.3724e-13 79.807 5.39122e-12 79.807 3.03179e-13 -1.20401e-12 5.39122e-12 -1.20401e-12 -1.02272e-14
Strain 0 0.0004 0 0.0004 0 0 0 0 0
Strain mean -6.80299e-20 0.0004 2.69561e-17 0.0004 1.80556e-33 -6.02007e-18 2.69561e-17 -6.02007e-18 -2.00116e-33
Plastic strain_mean 1.56703e-18 9.65084e-07 0 9.65084e-07 -1.56703e-18 0 0 0 0
Plastic strain_rate_mean 0 0 0 0 0 0 0 0 0
Dissipation 1.62036e-05
End step 12
Begin step 13
Stress -3.65657e-13 86.4132 1.14483e-12 86.4132 3.74644e-13 -1.27658e-13 1.14483e-12 -1.27658e-13 2.69871e-15
Strain 0 0.000433333 0 0.000433333 0 0 0 0 0
Strain mean 1.79515e-20 0.000433333 5.72415e-18 0.000433333 4.35742e-33 -6.38289e-19 5.72415e-18 -6.38289e-19 -2.08768e-34
Plastic strain_mean 1.85973e-18 1.26738e-06 0 1.26738e-06 -1.85973e-18 0 0 0 0
Plastic strain_rate_mean 0 0 0 0 0 0 0 0 0
Dissipation 2.61221e-05
End step 13
Begin step 14
Stress -3.84612e-13 92.9648 2.05054e-12 92.9648 3.7734e-13 1.81537e-12 2.05054e-12 1.81537e-12 -2.18342e-15
Strain 0 0.000466667 0 0.000466667 0 0 0 0 0
Strain mean -1.45239e-20 0.000466667 1.02527e-17 0.000466667 -1.55037e-32 9.07685e-18 1.02527e-17 9.07685e-18 -5.81315e-33
Plastic strain_mean 1.89762e-18 1.84279e-06 0 1.84279e-06 -1.89762e-18 0 0 0 0
Plastic strain_rate_mean 0 0 0 0 0 0 0 0 0
Dissipation 5.3492e-05
End step 14
Begin step 15
Stress -1.65233e-13 98.9984 3.71991e-13 98.9984 1.60492e-13 -3.17985e-12 3.71991e-13 -3.17985e-12 -1.42359e-15
Strain 0 0.0005 0 0.0005 0 0 0 0 0
Strain mean -9.46957e-21 0.0005 1.85995e-18 0.0005 -1.04e-32 -1.58993e-17 1.85995e-18 -1.58993e-17 -2.8588e-34
Plastic strain_mean 8.09576e-19 5.00821e-06 0 5.00821e-06 -8.09576e-19 0 0 0 0
Plastic strain_rate_mean 0 0 0 0 0 0 0 0 0
Dissipation 0.000313363
End step 15
Begin step 16
Stress 1.3465e-12 100.216 -1.10418e-12 100.216 -1.30472e-12 -5.21814e-13 -1.10418e-12 -5.21814e-13 1.2546e-14
Strain 0 0.000533333 0 0.000533333 0 0 0 0 0
Strain mean 8.34542e-20 0.000533333 -5.52088e-18 0.000533333 -5.05557e-33 -2.60907e-18 -5.52088e-18 -2.60907e-18 -1.81459e-33
Plastic strain_mean -6.58631e-18 3.22511e-05 0 3.22511e-05 6.58631e-18 0 0 0 0
Plastic strain_rate_mean 0 0 0 0 0 0 0 0 0
Dissipation 0.00272996
End step 16
Begin step 17
Stress -3.02931e-12 100.265 -5.27156e-12 100.265 3.0212e-12 -1.06299e-12 -5.27156e-12 -1.06299e-12 -2.4367e-15
Strain 0 0.000566667 0 0.000566667 0 0 0 0 0
Strain mean -1.62087e-20 0.000566667 -2.63578e-17 0.000566667 -1.68519e-33 -5.31497e-18 -2.63578e-17 -5.31497e-18 -1.80255e-33
Plastic strain_mean 1.51182e-17 6.53416e-05 0 6.53416e-05 -1.51182e-17 0 0 0 0
Plastic strain_rate_mean 0 0 0 0 0 0 0 0 0
Dissipation 0.00331743
End step 17
Begin step 18
Stress 3.251e-13 100.286 -2.97451e-12 100.286 -2.81819e-13 -3.10513e-12 -2.97451e-12 -3.10513e-12 1.29957e-14
Strain 0 0.0006 0 0.0006 0 0 0 0 0
Strain mean 8.64462e-20 0.0006 -1.48725e-17 0.0006 5.29631e-34 -1.55257e-17 -1.48725e-17 -1.55257e-17 1.28665e-33
Plastic strain_mean -1.47407e-18 9.85695e-05 0 9.85695e-05 1.47407e-18 0 0 0 0
Plastic strain_rate_mean 0 0 0 0 0 0 0 0 0
Dissipation 0.00333179
End step 18
Begin step 19
Stress 5.9632e-13 100.307 1.1362e-12 100.307 -6.1226e-13 1.28088e-13 1.1362e-12 1.28088e-13 -4.78606e-15
Strain 0 0.000633333 0 0.000633333 0 0 0 0 0
Strain mean -3.18364e-20 0.000633333 5.68102e-18 0.000633333 -7.89631e-33 6.40438e-19 5.68102e-18 6.40438e-19 -1.84769e-33
Plastic strain_mean -3.03737e-18 0.000131801 0 0.000131801 3.03737e-18 0 0 0 0
Plastic strain_rate_mean 0 0 0 0 0 0 0 0 0
Dissipation 0.0033327
End step 19
Begin step 20
Stress 1.8768e-12 100.327 -2.33746e-12 100.327 -1.83309e-12 -2.40063e-12 -2.33746e-12 -2.40063e-12 1.31267e-14
Strain 0 0.000666667 0 0.000666667 0 0 0 0 0
Strain mean 8.73176e-20 0.000666667 -1.16873e-17 0.000666667 -2.47963e-33 -1.20031e-17 -1.16873e-17 -1.20031e-17 6.78589e-34
Plastic strain_mean -9.23107e-18 0.000165033 0 0.000165033 9.23107e-18 0 0 0 0
Plastic strain_rate_mean 0 0 0 0 0 0 0 0 0
Dissipation 0.00333332
End step 20
Begin step 21
Stress -1.36898e-12 100.347 3.37531e-12 100.347 1.37064e-12 -1.97217e-12 3.37531e-12 -1.97217e-12 4.97821e-16
Strain 0 0.0007 0 0.0007 0 0 0 0 0
Strain mean 3.31145e-21 0.0007 1.68766e-17 0.0007 -6.71668e-33 -9.86085e-18 1.68766e-17 -9.86085e-18 -5.38659e-34
Plastic strain_mean 6.85072e-18 0.000198264 0 0.000198264 -6.85072e-18 0 0 0 0
Plastic strain_rate_mean 0 0 0 0 0 0 0 0 0
Dissipation 0.0033339
End step 21
Begin step 22
Stress -4.65862e-13 100.367 1.47868e-12 100.367 4.48963e-13 -1.06257e-12 1.47868e-12 -1.06257e-12 -5.07428e-15
Strain 0 0.000733333 0 0.000733333 0 0 0 0 0
Strain mean -3.37535e-20 0.000733333 7.39341e-18 0.000733333 -6.62038e-34 -5.31287e-18 7.39341e-18 -5.31287e-18 1.625e-34
Plastic strain_mean 2.27019e-18 0.000231496 0 0.000231496 -2.27019e-18 0 0 0 0
Plastic strain_rate_mean 0 0 0 0 0 0 0 0 0
Dissipation 0.00333447
End step 22
Begin step 23
Stress -2.03694e-13 100.388 9.05054e-13 100.388 1.55367e-13 -6.73732e-13 9.05054e-13 -6.73732e-13 -1.4511e-14
Strain 0 0.000766667 0 0.000766667 0 0 0 0 0
Strain mean -9.65257e-20 0.000766667 4.52527e-18 0.000766667 -3.19847e-33 -3.36866e-18 4.52527e-18 -3.36866e-18 -1.33912e-34
Plastic strain_mean 8.49389e-19 0.000264728 0 0.000264728 -8.49389e-19 0 0 0 0
Plastic strain_rate_mean 0 0 0 0 0 0 0 0 0
Dissipation 0.00333504
End step 23
Begin step 24
Stress -2.07756e-12 100.408 -4.35241e-12 100.408 2.05934e-12 -1.37682e-12 -4.35241e-12 -1.37682e-12 -5.47166e-15
Strain 0 0.0008 0 0.0008 0 0 0 0 0
Strain mean -3.63969e-20 0.0008 -2.17621e-17 0.0008 -4.5139e-33 -6.88408e-18 -2.17621e-17 -6.88408e-18 -1.1375e-33
Plastic strain_mean 1.03241e-17 0.000297959 0 0.000297959 -1.03241e-17 0 0 0 0
Plastic strain_rate_mean 0 0 0 0 0 0 0 0 0
Dissipation 0.00333561
End step 24
Begin step 25
Stress -1.36645e-12 100.429 -2.95185e-12 100.429 1.39754e-12 -9.35497e-13 -2.95185e-12 -9.35497e-13 9.33632e-15
Strain 0 0.000833333 0 0.000833333 0 0 0 0 0
Strain mean 6.21041e-20 0.000833333 -1.47592e-17 0.000833333 -1.13901e-33 -4.67748e-18 -1.47592e-17 -4.67748e-18 -1.27894e-33
Plastic strain_mean 6.94103e-18 0.00033119 0 0.00033119 -6.94103e-18 0 0 0 0
Plastic strain_rate_mean 0 0 0 0 0 0 0 0 0
Dissipation 0.00333618
End step 25
Begin step 26
Stress -9.40392e-13 100.449 -2.05383e-12 100.449 9.24598e-13 -6.38543e-13 -2.05383e-12 -6.38543e-13 -4.7424e-15
Strain 0 0.000866667 0 0.000866667 0 0 0 0 0
Strain mean -3.15459e-20 0.000866667 -1.02691e-17 0.000866667 -1.54977e-34 -3.19272e-18 -1.02691e-17 -3.19272e-18 -3.54341e-34
Plastic strain_mean 4.6467e-18 0.000364421 0 0.000364421 -4.6467e-18 0 0 0 0
Plastic strain_rate_mean 0 0 0 0 0 0 0 0 0
Dissipation 0.00333676
End step 26
Begin step 27
Stress 5.7111e-12 100.47 3.66453e-12 100.47 -5.76354e-12 -2.09734e-12 3.66453e-12 -2.09734e-12 -1.57469e-14
Strain 0 0.0009 0 0.0009 0 0 0 0 0
Strain mean -1.04746e-19 0.0009 1.83226e-17 0.0009 -5.46483e-33 -1.04867e-17 1.83226e-17 -1.04867e-17 7.29277e-33
Plastic strain_mean -2.8739e-17 0.000397652 0 0.000397652 2.8739e-17 0 0 0 0
Plastic strain_rate_mean 0 0 0 0 0 0 0 0 0
Dissipation 0.00333733
End step 27
Begin step 28
Stress -3.03724e-12 100.49 -1.35357e-12 100.49 3.13137e-12 4.52719e-13 -1.35357e-12 4.52719e-13 2.82622e-14
Strain 0 0.000933333 0 0.000933333 0 0 0 0 0
Strain mean 1.87997e-19 0.000933333 -6.76783e-18 0.000933333 -6.40372e-33 2.2636e-18 -6.76783e-18 2.2636e-18 -3.5924e-33
Plastic strain_mean 1.55155e-17 0.000430883 0 0.000430883 -1.55155e-17 0 0 0 0
Plastic strain_rate_mean 0 0 0 0 0 0 0 0 0
Dissipation 0.0033379
End step 28
Begin step 29
Stress 4.11309e-12 100.51 8.16637e-13 100.51 -4.12828e-12 -1.25751e-12 8.16637e-13 -1.25751e-12 -4.55899e-15
Strain 0 0.000966667 0 0.000966667 0 0 0 0 0
Strain mean -3.03259e-20 0.000966667 4.08318e-18 0.000966667 -2.92741e-32 -6.28753e-18 4.08318e-18 -6.28753e-18 1.37223e-33
Plastic strain_mean -2.06186e-17 0.000464114 0 0.000464114 2.06186e-17 0 0 0 0
Plastic strain_rate_mean 0 0 0 0 0 0 0 0 0
Dissipation 0.00333848
End step 29
Begin step 30
Stress -2.08461e-12 100.531 -5.9901e-13 100.531 2.15888e-12 3.17253e-13 -5.9901e-13 3.17253e-13 2.23015e-14
Strain 0 0.001 0 0.001 0 0 0 0 0
Strain mean 1.48347e-19 0.001 -2.99505e-18 0.001 1.56482e-32 1.58626e-18 -2.99505e-18 1.58626e-18 -2.43722e-33
Plastic strain_mean 1.06829e-17 0.000497345 0 0.000497345 -1.06829e-17 0 0 0 0
Plastic strain_rate_mean 0 0 0 0 0 0 0 0 0
Dissipation 0.00333906
End step 30
