Begin step 0
Stress 0 0 0 0 0 0 0 0 0
Strain 0 0 0 0 0 0 0 0 0
Strain mean 0 0 0 0 0 0 0 0 0
Plastic strain_mean 0 0 0 0 0 0 0 0 0
Plastic strain_rate_mean 0 0 0 0 0 0 0 0 0
Dissipation 0
End step 0
Begin step 1
Stress -7.95707e-13 4.81249 -7.67934e-13 4.81249 7.97106e-13 -8.55282e-13 -7.67934e-13 -8.55282e-13 4.20309e-16
Strain 0 3.33333e-05 0 3.33333e-05 0 0 0 0 0
Strain mean 2.79585e-21 3.33333e-05 -3.83967e-18 3.33333e-05 1.18974e-31 -4.27641e-18 -3.83967e-18 -4.27641e-18 -1.98856e-33
Plastic strain_mean 3.98343e-18 9.27089e-06 0 9.27089e-06 -3.98343e-18 0 0 0 0
Plastic strain_rate_mean 0 0 0 0 0 0 0 0 0
Dissipation 4.45858e-05
End step 1
Begin step 2
Stress 2.5743e-12 8.28759 -2.64359e-12 8.28759 -2.57185e-12 -1.81085e-12 -2.64359e-12 -1.81085e-12 7.34722e-16
Strain 0 6.66667e-05 0 6.66667e-05 0 0 0 0 0
Strain mean 4.88729e-21 6.66667e-05 -1.3218e-17 6.66667e-05 1.73141e-31 -9.05427e-18 -1.3218e-17 -9.05427e-18 4.08357e-33
Plastic strain_mean -1.28629e-17 2.52287e-05 0 2.52287e-05 1.28629e-17 0 0 0 0
Plastic strain_rate_mean 0 0 0 0 0 0 0 0 0
Dissipation 0.000132111
End step 2
Begin step 3
Stress 3.6353e-12 10.7981 -6.1763e-13 10.7981 -3.61342e-12 -8.46052e-14 -6.1763e-13 -8.46052e-14 6.56938e-15
Strain 0 0.0001 0 0.0001 0 0 0 0 0
Strain mean 4.36987e-20 0.0001 -3.08815e-18 0.0001 -1.12811e-31 -4.23026e-19 -3.08815e-18 -4.23026e-19 -3.61187e-33
Plastic strain_mean -1.80999e-17 4.60095e-05 0 4.60095e-05 1.80999e-17 0 0 0 0
Plastic strain_rate_mean 0 0 0 0 0 0 0 0 0
Dissipation 0.000224062
End step 3
Begin step 4
Stress 2.19329e-13 12.6129 1.82062e-12 12.6129 -2.1266e-13 1.48606e-13 1.82062e-12 1.48606e-13 2.00275e-15
Strain 0 0.000133333 0 0.000133333 0 0 0 0 0
Strain mean 1.3322e-20 0.000133333 9.10312e-18 0.000133333 -2.46158e-32 7.4303e-19 9.10312e-18 7.4303e-19 2.81968e-33
Plastic strain_mean -1.07331e-18 7.02688e-05 0 7.02688e-05 1.07331e-18 0 0 0 0
Plastic strain_rate_mean 0 0 0 0 0 0 0 0 0
Dissipation 0.000305395
End step 4
Begin step 5
Stress -1.94117e-12 13.9259 -2.77205e-12 13.9259 1.95538e-12 -2.06433e-12 -2.77205e-12 -2.06433e-12 4.26859e-15
Strain 0 0.000166667 0 0.000166667 0 0 0 0 0
Strain mean 2.83942e-20 0.000166667 -1.38603e-17 0.000166667 4.04445e-33 -1.03217e-17 -1.38603e-17 -1.03217e-17 -5.48138e-33
Plastic strain_mean 9.75558e-18 9.70371e-05 0 9.70371e-05 -9.75558e-18 0 0 0 0
Plastic strain_rate_mean 0 0 0 0 0 0 0 0 0
Dissipation 0.000371889
End step 5
Begin step 6
Stress -2.34391e-12 14.877 -1.81926e-12 14.877 2.35178e-12 -1.61286e-12 -1.81926e-12 -1.61286e-12 2.36246e-15
Strain 0 0.0002 0 0.0002 0 0 0 0 0
Strain mean 1.57148e-20 0.0002 -9.09628e-18 0.0002 7.46298e-33 -8.06432e-18 -9.09628e-18 -8.06432e-18 -3.06945e-33
Plastic strain_mean 1.17471e-17 0.000125615 0 0.000125615 -1.17471e-17 0 0 0 0
Plastic strain_rate_mean 0 0 0 0 0 0 0 0 0
Dissipation 0.000423942
End step 6
Begin step 7
Stress -2.1183e-12 15.5671 -1.15292e-12 15.5671 2.10231e-12 -1.28412e-12 -1.15292e-12 -1.28412e-12 -4.80135e-15
Strain 0 0.000233333 0 0.000233333 0 0 0 0 0
Strain mean -3.1938e-20 0.000233333 -5.76461e-18 0.000233333 -1.25185e-33 -6.4206e-18 -5.76461e-18 -6.4206e-18 -2.26861e-33
Plastic strain_mean 1.05356e-17 0.000155498 0 0.000155498 -1.05356e-17 0 0 0 0
Plastic strain_rate_mean 0 0 0 0 0 0 0 0 0
Dissipation 0.00046364
End step 7
Begin step 8
Stress -1.6992e-12 16.0689 -7.27925e-13 16.0689 1.69067e-12 -1.05122e-12 -7.27925e-13 -1.05122e-12 -2.56225e-15
Strain 0 0.000266667 0 0.000266667 0 0 0 0 0
Strain mean -1.70438e-20 0.000266667 -3.63962e-18 0.000266667 4.26112e-33 -5.25611e-18 -3.63962e-18 -5.25611e-18 -1.28797e-33
Plastic strain_mean 8.46615e-18 0.000186322 0 0.000186322 -8.46615e-18 0 0 0 0
Plastic strain_rate_mean 0 0 0 0 0 0 0 0 0
Dissipation 0.000493416
End step 8
Begin step 9
Stress -1.81152e-12 16.4348 2.30053e-13 16.4348 1.82304e-12 -2.28846e-12 2.30053e-13 -2.28846e-12 3.46073e-15
Strain 0 0.0003 0 0.0003 0 0 0 0 0
Strain mean 2.30204e-20 0.0003 1.15027e-18 0.0003 8.2815e-33 -1.14423e-17 1.15027e-18 -1.14423e-17 1.55579e-33
Plastic strain_mean 9.09791e-18 0.000217826 0 0.000217826 -9.09791e-18 0 0 0 0
Plastic strain_rate_mean 0 0 0 0 0 0 0 0 0
Dissipation 0.00051551
End step 9
Begin step 10
Stress -1.61446e-12 16.7027 1.02824e-13 16.7027 1.58532e-12 -1.83853e-12 1.02824e-13 -1.83853e-12 -8.75116e-15
Strain 0 0.000333333 0 0.000333333 0 0 0 0 0
Strain mean -5.82117e-20 0.000333333 5.14119e-19 0.000333333 -7.77594e-33 -9.19264e-18 5.14119e-19 -9.19264e-18 6.5602e-34
Plastic strain_mean 7.97035e-18 0.00024982 0 0.00024982 -7.97035e-18 0 0 0 0
Plastic strain_rate_mean 0 0 0 0 0 0 0 0 0
Dissipation 0.000531791
End step 10
Begin step 11
Stress -1.23257e-12 16.8999 7.41225e-14 16.8999 1.22751e-12 -4.13107e-13 7.41225e-14 -4.13107e-13 -1.51966e-15
Strain 0 0.000366667 0 0.000366667 0 0 0 0 0
Strain mean -1.01086e-20 0.000366667 3.70613e-19 0.000366667 4.06853e-33 -2.06553e-18 3.70613e-19 -2.06553e-18 1.07431e-33
Plastic strain_mean 6.14516e-18 0.000282167 0 0.000282167 -6.14516e-18 0 0 0 0
Plastic strain_rate_mean 0 0 0 0 0 0 0 0 0
Dissipation 0.000543737
End step 11
Begin step 12
Stress -1.2349e-12 17.046 -6.35467e-14 17.046 1.20207e-12 3.52351e-12 -6.35467e-14 3.52351e-12 -9.86034e-15
Strain 0 0.0004 0 0.0004 0 0 0 0 0
Strain mean -6.55899e-20 0.0004 -3.17733e-19 0.0004 -1.20852e-32 1.76176e-17 -3.17733e-19 1.76176e-17 -3.25302e-33
Plastic strain_mean 6.05963e-18 0.00031477 0 0.00031477 -6.05963e-18 0 0 0 0
Plastic strain_rate_mean 0 0 0 0 0 0 0 0 0
Dissipation 0.000552484
End step 12
Begin step 13
Stress 8.29504e-13 17.1553 8.53225e-13 17.1553 -8.90774e-13 -2.55052e-12 8.53225e-13 -2.55052e-12 -1.83975e-14
Strain 0 0.000433333 0 0.000433333 0 0 0 0 0
Strain mean -1.22378e-19 0.000433333 4.26613e-18 0.000433333 9.10002e-33 -1.27526e-17 4.26613e-18 -1.27526e-17 2.54132e-33
Plastic strain_mean -4.36188e-18 0.000347557 0 0.000347557 4.36188e-18 0 0 0 0
Plastic strain_rate_mean 0 0 0 0 0 0 0 0 0
Dissipation 0.000558884
End step 13
Begin step 14
Stress 9.67718e-13 17.238 -1.19175e-14 17.238 -9.91627e-13 1.06193e-12 -1.19175e-14 1.06193e-12 -7.1791e-15
Strain 0 0.000466667 0 0.000466667 0 0 0 0 0
Strain mean -4.77545e-20 0.000466667 -5.95874e-20 0.000466667 1.57686e-33 5.30967e-18 -5.95874e-20 5.30967e-18 -9.20835e-34
Plastic strain_mean -4.92224e-18 0.000380477 0 0.000380477 4.92224e-18 0 0 0 0
Plastic strain_rate_mean 0 0 0 0 0 0 0 0 0
Dissipation 0.000563572
End step 14
Begin step 15
Stress 2.05936e-12 17.3015 1.50861e-12 17.3015 -2.07852e-12 -1.93363e-12 1.50861e-12 -1.93363e-12 -5.75332e-15
Strain 0 0.0005 0 0.0005 0 0 0 0 0
Strain mean -3.82704e-20 0.0005 7.54307e-18 0.0005 8.85928e-33 -9.66815e-18 7.54307e-18 -9.66815e-18 -6.59029e-34
Plastic strain_mean -1.03639e-17 0.000413493 0 0.000413493 1.03639e-17 0 0 0 0
Plastic strain_rate_mean 0 0 0 0 0 0 0 0 0
Dissipation 0.000567015
End step 15
Begin step 16
Stress 2.28908e-12 17.3511 1.28132e-12 17.3511 -2.27735e-12 -1.14515e-12 1.28132e-12 -1.14515e-12 3.52186e-15
Strain 0 0.000533333 0 0.000533333 0 0 0 0 0
Strain mean 2.3427e-20 0.000533333 6.40661e-18 0.000533333 -4.33334e-34 -5.72575e-18 6.40661e-18 -5.72575e-18 -7.35765e-34
Plastic strain_mean -1.14043e-17 0.000446578 0 0.000446578 1.14043e-17 0 0 0 0
Plastic strain_rate_mean 0 0 0 0 0 0 0 0 0
Dissipation 0.000569556
End step 16
Begin step 17
Stress 2.70959e-12 17.3906 2.73744e-12 17.3906 -2.67807e-12 -9.12669e-15 2.73744e-12 -9.12669e-15 9.46296e-15
Strain 0 0.000566667 0 0.000566667 0 0 0 0 0
Strain mean 6.29465e-20 0.000566667 1.36872e-17 0.000566667 -9.86588e-33 -4.56334e-20 1.36872e-17 -4.56334e-20 2.55947e-33
Plastic strain_mean -1.34377e-17 0.000479714 0 0.000479714 1.34377e-17 0 0 0 0
Plastic strain_rate_mean 0 0 0 0 0 0 0 0 0
Dissipation 0.000571443
End step 17
Begin step 18
Stress 1.60206e-12 17.4229 -4.23832e-13 17.4229 -1.60968e-12 -3.97788e-13 -4.23832e-13 -3.97788e-13 -2.28823e-15
Strain 0 0.0006 0 0.0006 0 0 0 0 0
Strain mean -1.5221e-20 0.0006 -2.11916e-18 0.0006 -6.74075e-34 -1.98894e-18 -2.11916e-18 -1.98894e-18 -6.92131e-34
Plastic strain_mean -8.03697e-18 0.000512885 0 0.000512885 8.03697e-18 0 0 0 0
Plastic strain_rate_mean 0 0 0 0 0 0 0 0 0
Dissipation 0.000572857
End step 18
Begin step 19
Stress 6.54647e-13 17.4499 -9.57518e-13 17.4499 -6.24048e-13 -1.6268e-13 -9.57518e-13 -1.6268e-13 9.18785e-15
Strain 0 0.000633333 0 0.000633333 0 0 0 0 0
Strain mean 6.11165e-20 0.000633333 -4.78759e-18 0.000633333 4.38149e-33 -8.13402e-19 -4.78759e-18 -8.13402e-19 -1.74236e-33
Plastic strain_mean -3.16618e-18 0.000546084 0 0.000546084 3.16618e-18 0 0 0 0
Plastic strain_rate_mean 0 0 0 0 0 0 0 0 0
Dissipation 0.000573931
End step 19
Begin step 20
Stress -6.50812e-14 17.4732 -1.34163e-12 17.4732 1.54028e-13 -1.14342e-15 -1.34163e-12 -1.14342e-15 2.67076e-14
Strain 0 0.000666667 0 0.000666667 0 0 0 0 0
Strain mean 1.77656e-19 0.000666667 -6.70817e-18 0.000666667 6.54816e-33 -5.71708e-21 -6.70817e-18 -5.71708e-21 -2.20128e-33
Plastic strain_mean 6.366e-19 0.000579301 0 0.000579301 -6.366e-19 0 0 0 0
Plastic strain_rate_mean 0 0 0 0 0 0 0 0 0
Dissipation 0.000574759
End step 20
Begin step 21
Stress -6.44263e-13 17.4936 -1.62194e-12 17.4936 6.30134e-13 1.18479e-13 -1.62194e-12 1.18479e-13 -4.24239e-15
Strain 0 0.0007 0 0.0007 0 0 0 0 0
Strain mean -2.82199e-20 0.0007 -8.10969e-18 0.0007 -1.82963e-33 5.92393e-19 -8.10969e-18 5.92393e-19 -2.31413e-33
Plastic strain_mean 3.17188e-18 0.000612532 0 0.000612532 -3.17188e-18 0 0 0 0
Plastic strain_rate_mean 0 0 0 0 0 0 0 0 0
Dissipation 0.000575409
End step 21
Begin step 22
Stress -9.47528e-13 17.512 -1.83138e-12 17.512 9.2391e-13 2.08708e-13 -1.83138e-12 2.08708e-13 -7.09176e-15
Strain 0 0.000733333 0 0.000733333 0 0 0 0 0
Strain mean -4.71736e-20 0.000733333 -9.1569e-18 0.000733333 -8.04076e-33 1.04354e-18 -9.1569e-18 1.04354e-18 -2.21181e-33
Plastic strain_mean 4.65501e-18 0.000645773 0 0.000645773 -4.65501e-18 0 0 0 0
Plastic strain_rate_mean 0 0 0 0 0 0 0 0 0
Dissipation 0.000575932
End step 22
Begin step 23
Stress -1.05809e-12 17.5289 -1.92044e-12 17.5289 1.07101e-12 2.78277e-13 -1.92044e-12 2.78277e-13 3.87776e-15
Strain 0 0.000766667 0 0.000766667 0 0 0 0 0
Strain mean 2.57944e-20 0.000766667 -9.6022e-18 0.000766667 8.66668e-34 1.39138e-18 -9.6022e-18 1.39138e-18 -2.18774e-33
Plastic strain_mean 5.33564e-18 0.000679022 0 0.000679022 -5.33564e-18 0 0 0 0
Plastic strain_rate_mean 0 0 0 0 0 0 0 0 0
Dissipation 0.000576364
End step 23
Begin step 24
Stress -1.07149e-12 17.5448 -1.9938e-12 17.5448 1.11099e-12 3.3144e-13 -1.9938e-12 3.3144e-13 1.18604e-14
Strain 0 0.0008 0 0.0008 0 0 0 0 0
Strain mean 7.88937e-20 0.0008 -9.96901e-18 0.0008 -1.25185e-33 1.6572e-18 -9.96901e-18 1.6572e-18 -1.69121e-33
Plastic strain_mean 5.49567e-18 0.000712276 0 0.000712276 -5.49567e-18 0 0 0 0
Plastic strain_rate_mean 0 0 0 0 0 0 0 0 0
Dissipation 0.00057673
End step 24
Begin step 25
Stress -1.1123e-12 17.5598 -2.06744e-12 17.5598 1.05854e-12 3.71271e-13 -2.06744e-12 3.71271e-13 -1.61399e-14
Strain 0 0.000833333 0 0.000833333 0 0 0 0 0
Strain mean -1.07361e-19 0.000833333 -1.03372e-17 0.000833333 1.20371e-33 1.85636e-18 -1.03372e-17 1.85636e-18 -1.66412e-33
Plastic strain_mean 5.37342e-18 0.000745534 0 0.000745534 -5.37342e-18 0 0 0 0
Plastic strain_rate_mean 0 0 0 0 0 0 0 0 0
Dissipation 0.000577049
End step 25
Begin step 26
Stress -9.86764e-13 17.5742 -2.09277e-12 17.5742 1.03617e-12 4.01054e-13 -2.09277e-12 4.01054e-13 1.48342e-14
Strain 0 0.000866667 0 0.000866667 0 0 0 0 0
Strain mean 9.86753e-20 0.000866667 -1.04638e-17 0.000866667 -5.63335e-33 2.00527e-18 -1.04638e-17 2.00527e-18 -6.22918e-34
Plastic strain_mean 5.10666e-18 0.000778796 0 0.000778796 -5.10666e-18 0 0 0 0
Plastic strain_rate_mean 0 0 0 0 0 0 0 0 0
Dissipation 0.000577334
End step 26
Begin step 27
Stress -9.0231e-13 17.5882 -2.08517e-12 17.5882 9.6774e-13 4.18554e-13 -2.08517e-12 4.18554e-13 1.96464e-14
Strain 0 0.0009 0 0.0009 0 0 0 0 0
Strain mean 1.30686e-19 0.0009 -1.04258e-17 0.0009 3.94816e-33 2.09277e-18 -1.04258e-17 2.09277e-18 -1.21273e-33
Plastic strain_mean 4.74047e-18 0.000812059 0 0.000812059 -4.74047e-18 0 0 0 0
Plastic strain_rate_mean 0 0 0 0 0 0 0 0 0
Dissipation 0.000577595
End step 27
Begin step 28
Stress -8.43465e-13 17.6019 -2.04223e-12 17.6019 8.69541e-13 4.33934e-13 -2.04223e-12 4.33934e-13 7.82976e-15
Strain 0 0.000933333 0 0.000933333 0 0 0 0 0
Strain mean 5.20827e-20 0.000933333 -1.02112e-17 0.000933333 4.81482e-34 2.16967e-18 -1.02112e-17 2.16967e-18 -1.50162e-33
Plastic strain_mean 4.30856e-18 0.000845324 0 0.000845324 -4.30856e-18 0 0 0 0
Plastic strain_rate_mean 0 0 0 0 0 0 0 0 0
Dissipation 0.000577839
End step 28
Begin step 29
Stress -8.08535e-13 17.6152 -1.97979e-12 17.6152 8.03706e-13 4.40675e-13 -1.97979e-12 4.40675e-13 -1.44979e-15
Strain 0 0.000966667 0 0.000966667 0 0 0 0 0
Strain mean -9.64386e-21 0.000966667 -9.89897e-18 0.000966667 2.35926e-33 2.20338e-18 -9.89897e-18 2.20338e-18 -1.62801e-33
Plastic strain_mean 4.02578e-18 0.00087859 0 0.00087859 -4.02578e-18 0 0 0 0
Plastic strain_rate_mean 0 0 0 0 0 0 0 0 0
Dissipation 0.000578072
End step 29
Begin step 30
Stress -7.20042e-13 17.6284 -1.78742e-12 17.6284 7.05957e-13 4.24231e-13 -1.78742e-12 4.24231e-13 -4.22929e-15
Strain 0 0.001 0 0.001 0 0 0 0 0
Strain mean -2.81328e-20 0.001 -8.9371e-18 0.001 1.44445e-34 2.12116e-18 -8.9371e-18 2.12116e-18 -1.12847e-33
Plastic strain_mean 3.55093e-18 0.000911858 0 0.000911858 -3.55093e-18 0 0 0 0
Plastic strain_rate_mean 0 0 0 0 0 0 0 0 0
Dissipation 0.000578296
End step 30
