Begin step 0
Stress 0 0 0 0 0 0 0 0 0
Strain 0 0 0 0 0 0 0 0 0
Strain mean 0 0 0 0 0 0 0 0 0
Plastic strain_mean 0 0 0 0 0 0 0 0 0
Plastic strain_rate_mean 0 0 0 0 0 0 0 0 0
Dissipation 0
End step 0
Begin step 1
Stress 133.099 -3.85798e-11 1.44432e-11 -3.85798e-11 -4.80983e-13 1.52457e-12 1.44432e-11 1.52457e-12 6.18189e-14
Strain 0.00133333 0 0 0 0 0 0 0 0
Strain mean 0.00133333 2.69644e-12 -7.26644e-17 2.69644e-12 -0.000541404 2.69666e-12 -7.26644e-17 2.69666e-12 -0.000541404
Plastic strain_mean 0.000236459 2.69662e-12 -1.40023e-16 2.69662e-12 -0.00011823 2.69666e-12 -1.40023e-16 2.69666e-12 -0.00011823
Plastic strain_rate_mean 0 0 0 0 0 0 0 0 0
Dissipation 0.00262271
End step 1
Begin step 2
Stress 242.647 -6.84432e-11 2.36512e-12 -6.84432e-11 -4.02977e-13 1.80699e-12 2.36512e-12 1.80699e-12 3.14315e-14
Strain 0.00266667 0 0 0 0 0 0 0 0
Strain mean 0.00266667 2.69175e-12 6.61649e-17 2.69175e-12 -0.00110497 2.69219e-12 6.61649e-17 2.69219e-12 -0.00110497
Plastic strain_mean 0.000667003 2.69207e-12 5.51349e-17 2.69207e-12 -0.000333501 2.69218e-12 5.51349e-17 2.69218e-12 -0.000333501
Plastic strain_rate_mean 0 0 0 0 0 0 0 0 0
Dissipation 0.00870585
End step 2
Begin step 3
Stress 332.887 -9.23281e-11 4.08189e-13 -9.23281e-11 1.5508e-13 3.24119e-12 4.08189e-13 3.24119e-12 -1.6358e-13
Strain 0.004 0 0 0 0 0 0 0 0
Strain mean 0.004 2.67792e-12 7.71548e-17 2.67792e-12 -0.00168671 2.67859e-12 7.71548e-17 2.67859e-12 -0.00168671
Plastic strain_mean 0.00125666 2.67835e-12 7.52512e-17 2.67835e-12 -0.000628332 2.67857e-12 7.52512e-17 2.67857e-12 -0.000628332
Plastic strain_rate_mean 0 0 0 0 0 0 0 0 0
Dissipation 0.0163576
End step 3
Begin step 4
Stress 407.312 -1.12916e-10 -3.07261e-11 -1.12916e-10 -7.56399e-13 -2.23157e-11 -3.07261e-11 -2.23157e-11 -1.16394e-12
Strain 0.00533333 0 0 0 0 0 0 0 0
Strain mean 0.00533333 2.65441e-12 -3.44015e-16 2.65441e-12 -0.00228334 2.65518e-12 -3.44015e-16 2.65518e-12 -0.00228334
Plastic strain_mean 0.00197666 2.65494e-12 -2.00719e-16 2.65494e-12 -0.000988332 2.65528e-12 -2.00719e-16 2.65528e-12 -0.000988332
Plastic strain_rate_mean 0 0 0 0 0 0 0 0 0
Dissipation 0.0244387
End step 4
Begin step 5
Stress 468.787 -1.30992e-10 6.89072e-12 -1.30992e-10 7.07414e-13 -9.62298e-12 6.89072e-12 -9.62298e-12 -1.25536e-14
Strain 0.00666667 0 0 0 0 0 0 0 0
Strain mean 0.00666667 2.62328e-12 -6.67109e-16 2.62328e-12 -0.00289215 2.62436e-12 -6.67109e-16 2.62436e-12 -0.00289215
Plastic strain_mean 0.00280337 2.62389e-12 -6.99245e-16 2.62389e-12 -0.00140169 2.6244e-12 -6.99245e-16 2.6244e-12 -0.00140169
Plastic strain_rate_mean 0 0 0 0 0 0 0 0 0
Dissipation 0.0322959
End step 5
Begin step 6
Stress 519.666 -1.45129e-10 8.62277e-12 -1.45129e-10 6.37616e-13 -7.14871e-12 8.62277e-12 -7.14871e-12 -1.05636e-13
Strain 0.008 0 0 0 0 0 0 0 0
Strain mean 0.008 2.58754e-12 -1.34489e-15 2.58754e-12 -0.00351093 2.58888e-12 -1.34489e-15 2.58888e-12 -0.00351093
Plastic strain_mean 0.00371742 2.58822e-12 -1.3851e-15 2.58822e-12 -0.00185871 2.58892e-12 -1.3851e-15 2.58892e-12 -0.00185871
Plastic strain_rate_mean 0 0 0 0 0 0 0 0 0
Dissipation 0.039583
End step 6
Begin step 7
Stress 561.873 -1.56757e-10 7.64218e-12 -1.56757e-10 6.91619e-13 -4.37308e-12 7.64218e-12 -4.37308e-12 -9.75854e-14
Strain 0.00933333 0 0 0 0 0 0 0 0
Strain mean 0.00933333 2.55006e-12 -2.14465e-15 2.55006e-12 -0.00413787 2.55168e-12 -2.14465e-15 2.55168e-12 -0.00413787
Plastic strain_mean 0.00470292 2.55079e-12 -2.18029e-15 2.55079e-12 -0.00235146 2.5517e-12 -2.18029e-15 2.5517e-12 -0.00235146
Plastic strain_rate_mean 0 0 0 0 0 0 0 0 0
Dissipation 0.046144
End step 7
Begin step 8
Stress 596.984 -1.66448e-10 5.79899e-12 -1.66448e-10 7.49651e-13 -2.3832e-12 5.79899e-12 -2.3832e-12 -5.17291e-14
Strain 0.0106667 0 0 0 0 0 0 0 0
Strain mean 0.0106667 2.51312e-12 -2.98751e-15 2.51312e-12 -0.0047715 2.515e-12 -2.98751e-15 2.515e-12 -0.0047715
Plastic strain_mean 0.0057469 2.5139e-12 -3.01456e-15 2.5139e-12 -0.00287345 2.51502e-12 -3.01456e-15 2.51502e-12 -0.00287345
Plastic strain_rate_mean 0 0 0 0 0 0 0 0 0
Dissipation 0.0519368
End step 8
Begin step 9
Stress 626.23 -1.7502e-10 -2.82012e-12 -1.7502e-10 2.38373e-12 6.50258e-13 -2.82012e-12 6.50258e-13 -2.08291e-13
Strain 0.012 0 0 0 0 0 0 0 0
Strain mean 0.012 2.42659e-12 -1.60816e-14 2.42659e-12 -0.00541064 2.42875e-12 -1.60816e-14 2.42875e-12 -0.00541064
Plastic strain_mean 0.00683922 2.42741e-12 -1.60685e-14 2.42741e-12 -0.00341961 2.42875e-12 -1.60685e-14 2.42875e-12 -0.00341961
Plastic strain_rate_mean 0 0 0 0 0 0 0 0 0
Dissipation 0.0570034
End step 9
Begin step 10
Stress 650.403 -1.5493e-10 -1.42819e-11 -1.5493e-10 7.72187e-13 -2.51566e-11 -1.42819e-11 -2.51566e-11 -7.31711e-13
Strain 0.0133333 0 0 0 0 0 0 0 0
Strain mean 0.0133333 2.42451e-12 -1.62255e-14 2.42451e-12 -0.00605456 2.42657e-12 -1.62255e-14 2.42657e-12 -0.00605456
Plastic strain_mean 0.00797334 2.42523e-12 -1.61589e-14 2.42523e-12 -0.00398667 2.42669e-12 -1.61589e-14 2.42669e-12 -0.00398667
Plastic strain_rate_mean 0 0 0 0 0 0 0 0 0
Dissipation 0.0614695
End step 10
Begin step 11
Stress 670.26 -1.86874e-10 1.29158e-12 -1.86874e-10 6.28749e-13 3.58742e-13 1.29158e-12 3.58742e-13 -1.54314e-13
Strain 0.0146667 0 0 0 0 0 0 0 0
Strain mean 0.0146667 2.23203e-12 -4.47136e-14 2.23203e-12 -0.00670253 2.23462e-12 -4.47136e-14 2.23462e-12 -0.00670253
Plastic strain_mean 0.00914303 2.2329e-12 -4.47197e-14 2.2329e-12 -0.00457151 2.23461e-12 -4.47197e-14 2.23461e-12 -0.00457151
Plastic strain_rate_mean 0 0 0 0 0 0 0 0 0
Dissipation 0.0653332
End step 11
Begin step 12
Stress 686.526 -1.92189e-10 -2.68286e-12 -1.92189e-10 2.25323e-12 1.25229e-12 -2.68286e-12 1.25229e-12 1.97516e-13
Strain 0.016 0 0 0 0 0 0 0 0
Strain mean 0.016 2.08919e-12 -6.56109e-14 2.08919e-12 -0.00735389 2.09208e-12 -6.56109e-14 2.09208e-12 -0.00735389
Plastic strain_mean 0.0103423 2.09009e-12 -6.55984e-14 2.09009e-12 -0.00517116 2.09207e-12 -6.55984e-14 2.09207e-12 -0.00517116
Plastic strain_rate_mean 0 0 0 0 0 0 0 0 0
Dissipation 0.0686118
End step 12
Begin step 13
Stress 699.861 -1.95783e-10 -3.05178e-12 -1.95783e-10 2.46487e-12 8.28099e-13 -3.05178e-12 8.28099e-13 2.86799e-13
Strain 0.0173333 0 0 0 0 0 0 0 0
Strain mean 0.0173333 1.98216e-12 -8.01958e-14 1.98216e-12 -0.00800801 1.98532e-12 -8.01958e-14 1.98532e-12 -0.00800801
Plastic strain_mean 0.0115658 1.98307e-12 -8.01815e-14 1.98307e-12 -0.00578288 1.98532e-12 -8.01815e-14 1.98532e-12 -0.00578288
Plastic strain_rate_mean 0 0 0 0 0 0 0 0 0
Dissipation 0.0713531
End step 13
Begin step 14
Stress 710.842 -1.98755e-10 -1.82686e-12 -1.98755e-10 2.34976e-12 7.57927e-13 -1.82686e-12 7.57927e-13 1.13525e-13
Strain 0.0186667 0 0 0 0 0 0 0 0
Strain mean 0.0186667 1.90149e-12 -9.00304e-14 1.90149e-12 -0.00866434 1.90494e-12 -9.00304e-14 1.90494e-12 -0.00866434
Plastic strain_mean 0.0128086 1.90242e-12 -9.00219e-14 1.90242e-12 -0.0064043 1.90494e-12 -9.00219e-14 1.90494e-12 -0.0064043
Plastic strain_rate_mean 0 0 0 0 0 0 0 0 0
Dissipation 0.0736219
End step 14
Begin step 15
Stress 719.956 -2.00328e-10 -2.64652e-12 -2.00328e-10 2.21183e-12 7.33212e-13 -2.64652e-12 7.33212e-13 -3.10821e-13
Strain 0.02 0 0 0 0 0 0 0 0
Strain mean 0.02 1.84059e-12 -9.65156e-14 1.84059e-12 -0.00932243 1.84431e-12 -9.65156e-14 1.84431e-12 -0.00932243
Plastic strain_mean 0.0140668 1.84152e-12 -9.65033e-14 1.84152e-12 -0.00703341 1.84431e-12 -9.65033e-14 1.84431e-12 -0.00703341
Plastic strain_rate_mean 0 0 0 0 0 0 0 0 0
Dissipation 0.075489
End step 15
