Begin step 0
Stress 0 0 0 0 0 0 0 0 0
Strain 0 0 0 0 0 0 0 0 0
Strain mean 0 0 0 0 0 0 0 0 0
Plastic strain_mean 0 0 0 0 0 0 0 0 0
Plastic strain_rate_mean 0 0 0 0 0 0 0 0 0
Dissipation 0
End step 0
Begin step 1
Stress -1.56652e-15 6.66667 5.56267e-16 6.66667 -6.72236e-16 3.02879e-17 5.56267e-16 3.02879e-17 -6.72222e-16
Strain 0 3.33333e-05 0 3.33333e-05 0 0 0 0 0
Strain mean -4.47154e-21 3.33333e-05 2.78134e-21 3.33333e-05 -2.64486e-38 1.51439e-22 2.78134e-21 1.51439e-22 -6.99419e-37
Plastic strain_mean -7.35316e-26 1.6874e-16 0 1.6874e-16 7.35316e-26 0 0 0 0
Plastic strain_rate_mean 0 0 0 0 0 0 0 0 0
Dissipation 1.12493e-15
End step 1
Begin step 2
Stress 1.51914e-15 13.3333 9.33319e-15 13.3333 6.369e-16 7.21175e-17 9.33319e-15 7.21175e-17 6.47385e-16
Strain 0 6.66667e-05 0 6.66667e-05 0 0 0 0 0
Strain mean 4.30633e-21 6.66667e-05 4.6666e-20 6.66667e-05 5.40727e-37 3.60588e-22 4.6666e-20 3.60588e-22 -1.50243e-36
Plastic strain_mean -5.24265e-23 1.72958e-13 0 1.72958e-13 5.24265e-23 0 0 0 0
Plastic strain_rate_mean 0 0 0 0 0 0 0 0 0
Dissipation 2.30386e-12
End step 2
Begin step 3
Stress -1.22339e-15 20 9.24963e-15 20 -5.65429e-16 2.10334e-14 9.24963e-15 2.10334e-14 -5.37122e-16
Strain 0 0.0001 0 0.0001 0 0 0 0 0
Strain mean -3.57288e-21 0.0001 4.62482e-20 0.0001 -7.52316e-37 1.05167e-19 4.62482e-20 1.05167e-19 -1.37415e-35
Plastic strain_mean -1.41533e-22 1.01369e-11 0 1.01369e-11 1.41533e-22 0 0 0 0
Plastic strain_rate_mean 0 0 0 0 0 0 0 0 0
Dissipation 1.99278e-10
End step 3
Begin step 4
Stress -1.71303e-14 26.6666 -1.88571e-12 26.6666 -5.44809e-15 -8.30678e-13 -1.88571e-12 -8.30678e-13 -6.77953e-15
Strain 0 0.000133333 0 0.000133333 0 0 0 0 0
Strain mean -4.50967e-20 0.000133333 -9.42855e-18 0.000133333 -8.42594e-35 -4.15339e-18 -9.42855e-18 -4.15339e-18 8.30557e-34
Plastic strain_mean 6.6572e-21 1.8707e-10 0 1.8707e-10 -6.6572e-21 0 0 0 0
Plastic strain_rate_mean 0 0 0 0 0 0 0 0 0
Dissipation 4.71822e-09
End step 4
Begin step 5
Stress 2.15205e-14 33.333 -4.9706e-12 33.333 4.89371e-15 -8.87616e-13 -4.9706e-12 -8.87616e-13 7.93129e-15
Strain 0 0.000166667 0 0.000166667 0 0 0 0 0
Strain mean 5.2758e-20 0.000166667 -2.4853e-17 0.000166667 5.41668e-34 -4.43808e-18 -2.4853e-17 -4.43808e-18 1.2795e-33
Plastic strain_mean -1.51879e-20 1.83474e-09 0 1.83474e-09 1.51879e-20 0 0 0 0
Plastic strain_rate_mean 0 0 0 0 0 0 0 0 0
Dissipation 5.49217e-08
End step 5
Begin step 6
Stress 3.35925e-14 39.9976 -5.63765e-12 39.9976 -3.59922e-14 1.84686e-12 -5.63765e-12 1.84686e-12 -7.2053e-16
Strain 0 0.0002 0 0.0002 0 0 0 0 0
Strain mean -4.79288e-21 0.0002 -2.81882e-17 0.0002 -1.20371e-35 9.23428e-18 -2.81882e-17 9.23428e-18 -2.86933e-33
Plastic strain_mean -1.76358e-19 1.20316e-08 0 1.20316e-08 1.76358e-19 0 0 0 0
Plastic strain_rate_mean 0 0 0 0 0 0 0 0 0
Dissipation 4.07851e-07
End step 6
Begin step 7
Stress 4.77562e-14 46.6548 -2.2773e-12 46.6548 -6.51645e-14 2.11296e-13 -2.2773e-12 2.11296e-13 -5.22712e-15
Strain 0 0.000233333 0 0.000233333 0 0 0 0 0
Strain mean -3.47702e-20 0.000233333 -1.13865e-17 0.000233333 5.53705e-34 1.05648e-18 -1.13865e-17 1.05648e-18 -1.71679e-33
Plastic strain_mean -2.99687e-19 5.95745e-08 0 5.95745e-08 2.99687e-19 0 0 0 0
Plastic strain_rate_mean 0 0 0 0 0 0 0 0 0
Dissipation 2.2181e-06
End step 7
Begin step 8
Stress 1.2392e-13 53.2855 1.57156e-12 53.2855 -1.19499e-13 -2.75963e-12 1.57156e-12 -2.75963e-12 1.32752e-15
Strain 0 0.000266667 0 0.000266667 0 0 0 0 0
Strain mean 8.83052e-21 0.000266667 7.8578e-18 0.000266667 -8.45844e-32 -1.37981e-17 7.8578e-18 -1.37981e-17 -9.50928e-34
Plastic strain_mean -6.04134e-19 2.39134e-07 0 2.39134e-07 6.04134e-19 0 0 0 0
Plastic strain_rate_mean 0 0 0 0 0 0 0 0 0
Dissipation 9.56788e-06
End step 8
Begin step 9
Stress 1.46608e-13 59.8377 1.44861e-12 59.8377 -1.27055e-13 2.45144e-12 1.44861e-12 2.45144e-12 5.87123e-15
Strain 0 0.0003 0 0.0003 0 0 0 0 0
Strain mean 3.90547e-20 0.0003 7.24305e-18 0.0003 -4.45853e-32 1.22572e-17 7.24305e-18 1.22572e-17 -1.99543e-33
Plastic strain_mean -6.64629e-19 8.11711e-07 0 8.11711e-07 6.64629e-19 0 0 0 0
Plastic strain_rate_mean 0 0 0 0 0 0 0 0 0
Dissipation 3.42615e-05
End step 9
Begin step 10
Stress -1.4222e-15 66.1903 1.40274e-13 66.1903 -1.88802e-14 2.05281e-12 1.40274e-13 2.05281e-12 -6.09612e-15
Strain 0 0.000333333 0 0.000333333 0 0 0 0 0
Strain mean -4.05507e-20 0.000333333 7.01371e-19 0.000333333 3.90386e-31 1.02641e-17 7.01371e-19 1.02641e-17 -9.32872e-35
Plastic strain_mean -6.39203e-20 2.38192e-06 0 2.38192e-06 6.39203e-20 0 0 0 0
Plastic strain_rate_mean 0 0 0 0 0 0 0 0 0
Dissipation 0.000103931
End step 10
Begin step 11
Stress -3.45052e-13 72.1169 -3.02797e-13 72.1169 3.57472e-13 1.40215e-12 -3.02797e-13 1.40215e-12 3.72929e-15
Strain 0 0.000366667 0 0.000366667 0 0 0 0 0
Strain mean 2.48068e-20 0.000366667 -1.51398e-18 0.000366667 3.82105e-31 7.01073e-18 -1.51398e-18 7.01073e-18 6.69562e-34
Plastic strain_mean 1.76871e-18 6.08206e-06 0 6.08206e-06 -1.76871e-18 0 0 0 0
Plastic strain_rate_mean 0 0 0 0 0 0 0 0 0
Dissipation 0.000266834
End step 11
Begin step 12
Stress 1.19992e-13 77.3028 3.87758e-12 77.3028 -9.19597e-14 1.12192e-11 3.87758e-12 1.12192e-11 8.4171e-15
Strain 0 0.0004 0 0.0004 0 0 0 0 0
Strain mean 5.59896e-20 0.0004 1.93879e-17 0.0004 -2.19472e-31 5.60959e-17 1.93879e-17 5.60959e-17 -1.91991e-33
Plastic strain_mean -5.01884e-19 1.34862e-05 0 1.34862e-05 5.01884e-19 0 0 0 0
Plastic strain_rate_mean 0 0 0 0 0 0 0 0 0
Dissipation 0.000572322
End step 12
Begin step 13
Stress 4.11391e-13 81.4693 -4.0272e-13 81.4693 -4.36521e-13 5.93176e-13 -4.0272e-13 5.93176e-13 -7.54591e-15
Strain 0 0.000433333 0 0.000433333 0 0 0 0 0
Strain mean -5.01945e-20 0.000433333 -2.0136e-18 0.000433333 -9.19632e-33 2.96588e-18 -2.0136e-18 2.96588e-18 -1.41135e-33
Plastic strain_mean -2.14488e-18 2.59871e-05 0 2.59871e-05 2.14488e-18 0 0 0 0
Plastic strain_rate_mean 0 0 0 0 0 0 0 0 0
Dissipation 0.0010183
End step 13
Begin step 14
Stress -6.67787e-13 84.5278 1.21261e-13 84.5278 6.9187e-13 -2.2649e-13 1.21261e-13 -2.2649e-13 7.2315e-15
Strain 0 0.000466667 0 0.000466667 0 0 0 0 0
Strain mean 4.81031e-20 0.000466667 6.06303e-19 0.000466667 1.93353e-32 -1.13245e-18 6.06303e-19 -1.13245e-18 2.83473e-33
Plastic strain_mean 3.42319e-18 4.40279e-05 0 4.40279e-05 -3.42319e-18 0 0 0 0
Plastic strain_rate_mean 0 0 0 0 0 0 0 0 0
Dissipation 0.00152464
End step 14
Begin step 15
Stress -3.18958e-13 86.6047 -1.512e-13 86.6047 2.80593e-13 -1.71378e-12 -1.512e-13 -1.71378e-12 -1.15197e-14
Strain 0 0.0005 0 0.0005 0 0 0 0 0
Strain mean -7.6628e-20 0.0005 -7.56001e-19 0.0005 9.96669e-33 -8.5689e-18 -7.56001e-19 -8.5689e-18 3.43658e-33
Plastic strain_mean 1.46056e-18 6.69765e-05 0 6.69765e-05 -1.46056e-18 0 0 0 0
Plastic strain_rate_mean 0 0 0 0 0 0 0 0 0
Dissipation 0.00198685
End step 15
Begin step 16
Stress -1.24456e-12 87.9374 -4.60517e-13 87.9374 1.30404e-12 4.3201e-16 -4.60517e-13 4.3201e-16 1.78604e-14
Strain 0 0.000533333 0 0.000533333 0 0 0 0 0
Strain mean 1.18805e-19 0.000533333 -2.30258e-18 0.000533333 1.25667e-32 2.16005e-21 -2.30258e-18 2.16005e-21 -9.26854e-34
Plastic strain_mean 6.43092e-18 9.36462e-05 0 9.36462e-05 -6.43092e-18 0 0 0 0
Plastic strain_rate_mean 0 0 0 0 0 0 0 0 0
Dissipation 0.00234431
End step 16
Begin step 17
Stress 8.3602e-13 88.7631 -1.31254e-12 88.7631 -8.66793e-13 2.16371e-12 -1.31254e-12 2.16371e-12 -9.24025e-15
Strain 0 0.000566667 0 0.000566667 0 0 0 0 0
Strain mean -6.14651e-20 0.000566667 -6.5627e-18 0.000566667 -9.34076e-33 1.08186e-17 -6.5627e-18 1.08186e-17 -1.98612e-33
Plastic strain_mean -4.28776e-18 0.000122851 0 0.000122851 4.28776e-18 0 0 0 0
Plastic strain_rate_mean 0 0 0 0 0 0 0 0 0
Dissipation 0.00259099
End step 17
Begin step 18
Stress 2.17246e-12 89.2661 -1.27842e-12 89.2661 -2.25191e-12 5.07592e-15 -1.27842e-12 5.07592e-15 -2.38561e-14
Strain 0 0.0006 0 0.0006 0 0 0 0 0
Strain mean -1.58688e-19 0.0006 -6.39211e-18 0.0006 3.4426e-33 2.53796e-20 -6.39211e-18 2.53796e-20 -1.99815e-33
Plastic strain_mean -1.11403e-17 0.000153669 0 0.000153669 1.11403e-17 0 0 0 0
Plastic strain_rate_mean 0 0 0 0 0 0 0 0 0
Dissipation 0.00274928
End step 18
Begin step 19
Stress 2.36773e-12 89.5723 -1.36072e-12 89.5723 -2.36768e-12 -9.8454e-13 -1.36072e-12 -9.8454e-13 1.31005e-17
Strain 0 0.000633333 0 0.000633333 0 0 0 0 0
Strain mean 8.71433e-23 0.000633333 -6.80361e-18 0.000633333 -1.12185e-32 -4.9227e-18 -6.80361e-18 -4.9227e-18 -2.05834e-33
Plastic strain_mean -1.18385e-17 0.000185472 0 0.000185472 1.18385e-17 0 0 0 0
Plastic strain_rate_mean 0 0 0 0 0 0 0 0 0
Dissipation 0.00284648
End step 19
Begin step 20
Stress -1.15922e-12 89.7614 -5.67259e-13 89.7614 1.19799e-12 -1.25747e-12 -5.67259e-13 -1.25747e-12 1.1642e-14
Strain 0 0.000666667 0 0.000666667 0 0 0 0 0
Strain mean 7.74414e-20 0.000666667 -2.8363e-18 0.000666667 -6.45187e-33 -6.28737e-18 -2.8363e-18 -6.28737e-18 -3.37941e-33
Plastic strain_mean 5.93175e-18 0.00021786 0 0.00021786 -5.93175e-18 0 0 0 0
Plastic strain_rate_mean 0 0 0 0 0 0 0 0 0
Dissipation 0.00290471
End step 20
Begin step 21
Stress -1.18901e-12 89.8817 4.03554e-15 89.8817 1.27158e-12 -5.86623e-13 4.03554e-15 -5.86623e-13 2.47906e-14
Strain 0 0.0007 0 0.0007 0 0 0 0 0
Strain mean 1.64904e-19 0.0007 2.01777e-20 0.0007 -8.84724e-34 -2.93311e-18 2.01777e-20 -2.93311e-18 -7.9501e-34
Plastic strain_mean 6.23393e-18 0.000250591 0 0.000250591 -6.23393e-18 0 0 0 0
Plastic strain_rate_mean 0 0 0 0 0 0 0 0 0
Dissipation 0.00293916
End step 21
Begin step 22
Stress -1.67238e-12 89.962 -1.54266e-12 89.962 1.68173e-12 2.94665e-13 -1.54266e-12 2.94665e-13 2.80788e-15
Strain 0 0.000733333 0 0.000733333 0 0 0 0 0
Strain mean 1.86777e-20 0.000733333 -7.71332e-18 0.000733333 -1.7875e-33 1.47332e-18 -7.71332e-18 1.47332e-18 -1.44313e-33
Plastic strain_mean 8.39459e-18 0.000283523 0 0.000283523 -8.39459e-18 0 0 0 0
Plastic strain_rate_mean 0 0 0 0 0 0 0 0 0
Dissipation 0.00295948
End step 22
Begin step 23
Stress 1.17777e-13 90.019 -1.35132e-12 90.019 -3.6291e-14 5.75166e-13 -1.35132e-12 5.75166e-13 2.44674e-14
Strain 0 0.000766667 0 0.000766667 0 0 0 0 0
Strain mean 1.62755e-19 0.000766667 -6.7566e-18 0.000766667 -3.93672e-32 2.87583e-18 -6.7566e-18 2.87583e-18 2.41456e-33
Plastic strain_mean -3.03792e-19 0.000316572 0 0.000316572 3.03792e-19 0 0 0 0
Plastic strain_rate_mean 0 0 0 0 0 0 0 0 0
Dissipation 0.00297151
End step 23
Begin step 24
Stress 7.49751e-13 90.0625 -1.13418e-12 90.0625 -8.85352e-13 -6.60456e-13 -1.13418e-12 -6.60456e-13 -4.07165e-14
Strain 0 0.0008 0 0.0008 0 0 0 0 0
Strain mean -2.70841e-19 0.0008 -5.67091e-18 0.0008 3.87593e-33 -3.30228e-18 -5.67091e-18 -3.30228e-18 -1.8507e-34
Plastic strain_mean -4.22318e-18 0.000349688 0 0.000349688 4.22318e-18 0 0 0 0
Plastic strain_rate_mean 0 0 0 0 0 0 0 0 0
Dissipation 0.00297874
End step 24
Begin step 25
Stress -1.00878e-12 90.0981 3.13313e-13 90.0981 1.00849e-12 2.04564e-12 3.13313e-13 2.04564e-12 -8.7337e-17
Strain 0 0.000833333 0 0.000833333 0 0 0 0 0
Strain mean -5.80955e-22 0.000833333 1.56656e-18 0.000833333 -4.04445e-33 1.02282e-17 1.56656e-18 1.02282e-17 2.70834e-33
Plastic strain_mean 5.04286e-18 0.000382843 0 0.000382843 -5.04286e-18 0 0 0 0
Plastic strain_rate_mean 0 0 0 0 0 0 0 0 0
Dissipation 0.00298318
End step 25
Begin step 26
Stress 2.87648e-13 90.1291 -8.62206e-13 90.1291 -3.32354e-13 -5.97284e-13 -8.62206e-13 -5.97284e-13 -1.34237e-14
Strain 0 0.000866667 0 0.000866667 0 0 0 0 0
Strain mean -8.92928e-20 0.000866667 -4.31103e-18 0.000866667 1.98852e-32 -2.98642e-18 -4.31103e-18 -2.98642e-18 -1.92593e-34
Plastic strain_mean -1.59465e-18 0.000416021 0 0.000416021 1.59465e-18 0 0 0 0
Plastic strain_rate_mean 0 0 0 0 0 0 0 0 0
Dissipation 0.00298601
End step 26
Begin step 27
Stress 6.69419e-13 90.1574 -7.59194e-13 90.1574 -6.62176e-13 -5.69672e-13 -7.59194e-13 -5.69672e-13 2.17469e-15
Strain 0 0.0009 0 0.0009 0 0 0 0 0
Strain mean 1.44658e-20 0.0009 -3.79597e-18 0.0009 3.51482e-33 -2.84836e-18 -3.79597e-18 -2.84836e-18 -1.02127e-34
Plastic strain_mean -3.32175e-18 0.000449213 0 0.000449213 3.32175e-18 0 0 0 0
Plastic strain_rate_mean 0 0 0 0 0 0 0 0 0
Dissipation 0.00298791
End step 27
Begin step 28
Stress 8.3319e-13 90.1841 -9.83915e-13 90.1841 -7.4737e-13 -4.50593e-13 -9.83915e-13 -4.50593e-13 2.57688e-14
Strain 0 0.000933333 0 0.000933333 0 0 0 0 0
Strain mean 1.71411e-19 0.000933333 -4.91957e-18 0.000933333 -2.28223e-32 -2.25297e-18 -4.91957e-18 -2.25297e-18 -2.34723e-34
Plastic strain_mean -3.8657e-18 0.000482413 0 0.000482413 3.8657e-18 0 0 0 0
Plastic strain_rate_mean 0 0 0 0 0 0 0 0 0
Dissipation 0.00298928
End step 28
Begin step 29
Stress 7.00078e-13 90.2097 -9.12025e-13 90.2097 -7.77041e-13 -3.68282e-13 -9.12025e-13 -3.68282e-13 -2.31094e-14
Strain 0 0.000966667 0 0.000966667 0 0 0 0 0
Strain mean -1.53721e-19 0.000966667 -4.56012e-18 0.000966667 4.70408e-32 -1.84141e-18 -4.56012e-18 -1.84141e-18 1.79427e-34
Plastic strain_mean -3.76966e-18 0.000515618 0 0.000515618 3.76966e-18 0 0 0 0
Plastic strain_rate_mean 0 0 0 0 0 0 0 0 0
Dissipation 0.00299035
End step 29
Begin step 30
Stress 5.45831e-13 90.2346 -1.01678e-12 90.2346 -7.07813e-13 -2.94567e-13 -1.01678e-12 -2.94567e-13 -4.86379e-14
Strain 0 0.001 0 0.001 0 0 0 0 0
Strain mean -3.23534e-19 0.001 -5.08392e-18 0.001 5.5852e-33 -1.47283e-18 -5.08392e-18 -1.47283e-18 2.29456e-34
Plastic strain_mean -3.29588e-18 0.000548827 0 0.000548827 3.29588e-18 0 0 0 0
Plastic strain_rate_mean 0 0 0 0 0 0 0 0 0
Dissipation 0.00299123
End step 30
Begin step 0
Stress 0 0 0 0 0 0 0 0 0
Strain 0 0 0 0 0 0 0 0 0
Strain mean 0 0 0 0 0 0 0 0 0
Plastic strain_mean 0 0 0 0 0 0 0 0 0
Plastic strain_rate_mean 0 0 0 0 0 0 0 0 0
Dissipation 0
End step 0
Begin step 1
Stress -1.56652e-15 6.66667 5.56267e-16 6.66667 -6.72236e-16 3.02879e-17 5.56267e-16 3.02879e-17 -6.72222e-16
Strain 0 3.33333e-05 0 3.33333e-05 0 0 0 0 0
Strain mean -4.47154e-21 3.33333e-05 2.78134e-21 3.33333e-05 -2.64486e-38 1.51439e-22 2.78134e-21 1.51439e-22 -6.99419e-37
Plastic strain_mean -7.35316e-26 1.6874e-16 0 1.6874e-16 7.35316e-26 0 0 0 0
Plastic strain_rate_mean 0 0 0 0 0 0 0 0 0
Dissipation 1.12493e-15
End step 1
Begin step 2
Stress 1.51914e-15 13.3333 9.33319e-15 13.3333 6.369e-16 7.21175e-17 9.33319e-15 7.21175e-17 6.47385e-16
Strain 0 6.66667e-05 0 6.66667e-05 0 0 0 0 0
Strain mean 4.30633e-21 6.66667e-05 4.6666e-20 6.66667e-05 5.40727e-37 3.60588e-22 4.6666e-20 3.60588e-22 -1.50243e-36
Plastic strain_mean -5.24265e-23 1.72958e-13 0 1.72958e-13 5.24265e-23 0 0 0 0
Plastic strain_rate_mean 0 0 0 0 0 0 0 0 0
Dissipation 2.30386e-12
End step 2
Begin step 3
Stress -1.22339e-15 20 9.24963e-15 20 -5.65429e-16 2.10334e-14 9.24963e-15 2.10334e-14 -5.37122e-16
Strain 0 0.0001 0 0.0001 0 0 0 0 0
Strain mean -3.57288e-21 0.0001 4.62482e-20 0.0001 -7.52316e-37 1.05167e-19 4.62482e-20 1.05167e-19 -1.37415e-35
Plastic strain_mean -1.41533e-22 1.01369e-11 0 1.01369e-11 1.41533e-22 0 0 0 0
Plastic strain_rate_mean 0 0 0 0 0 0 0 0 0
Dissipation 1.99278e-10
End step 3
Begin step 4
Stress -1.71303e-14 26.6666 -1.88571e-12 26.6666 -5.44809e-15 -8.30678e-13 -1.88571e-12 -8.30678e-13 -6.77953e-15
Strain 0 0.000133333 0 0.000133333 0 0 0 0 0
Strain mean -4.50967e-20 0.000133333 -9.42855e-18 0.000133333 -8.42594e-35 -4.15339e-18 -9.42855e-18 -4.15339e-18 8.30557e-34
Plastic strain_mean 6.6572e-21 1.8707e-10 0 1.8707e-10 -6.6572e-21 0 0 0 0
Plastic strain_rate_mean 0 0 0 0 0 0 0 0 0
Dissipation 4.71822e-09
End step 4
Begin step 5
Stress 2.15205e-14 33.333 -4.9706e-12 33.333 4.89371e-15 -8.87616e-13 -4.9706e-12 -8.87616e-13 7.93129e-15
Strain 0 0.000166667 0 0.000166667 0 0 0 0 0
Strain mean 5.2758e-20 0.000166667 -2.4853e-17 0.000166667 5.41668e-34 -4.43808e-18 -2.4853e-17 -4.43808e-18 1.2795e-33
Plastic strain_mean -1.51879e-20 1.83474e-09 0 1.83474e-09 1.51879e-20 0 0 0 0
Plastic strain_rate_mean 0 0 0 0 0 0 0 0 0
Dissipation 5.49217e-08
End step 5
Begin step 6
Stress 3.35925e-14 39.9976 -5.63765e-12 39.9976 -3.59922e-14 1.84686e-12 -5.63765e-12 1.84686e-12 -7.2053e-16
Strain 0 0.0002 0 0.0002 0 0 0 0 0
Strain mean -4.79288e-21 0.0002 -2.81882e-17 0.0002 -1.20371e-35 9.23428e-18 -2.81882e-17 9.23428e-18 -2.86933e-33
Plastic strain_mean -1.76358e-19 1.20316e-08 0 1.20316e-08 1.76358e-19 0 0 0 0
Plastic strain_rate_mean 0 0 0 0 0 0 0 0 0
Dissipation 4.07851e-07
End step 6
Begin step 7
Stress 4.77562e-14 46.6548 -2.2773e-12 46.6548 -6.51645e-14 2.11296e-13 -2.2773e-12 2.11296e-13 -5.22712e-15
Strain 0 0.000233333 0 0.000233333 0 0 0 0 0
Strain mean -3.47702e-20 0.000233333 -1.13865e-17 0.000233333 5.53705e-34 1.05648e-18 -1.13865e-17 1.05648e-18 -1.71679e-33
Plastic strain_mean -2.99687e-19 5.95745e-08 0 5.95745e-08 2.99687e-19 0 0 0 0
Plastic strain_rate_mean 0 0 0 0 0 0 0 0 0
Dissipation 2.2181e-06
End step 7
Begin step 8
Stress 1.2392e-13 53.2855 1.57156e-12 53.2855 -1.19499e-13 -2.75963e-12 1.57156e-12 -2.75963e-12 1.32752e-15
Strain 0 0.000266667 0 0.000266667 0 0 0 0 0
Strain mean 8.83052e-21 0.000266667 7.8578e-18 0.000266667 -8.45844e-32 -1.37981e-17 7.8578e-18 -1.37981e-17 -9.50928e-34
Plastic strain_mean -6.04134e-19 2.39134e-07 0 2.39134e-07 6.04134e-19 0 0 0 0
Plastic strain_rate_mean 0 0 0 0 0 0 0 0 0
Dissipation 9.56788e-06
End step 8
Begin step 9
Stress 1.46608e-13 59.8377 1.44861e-12 59.8377 -1.27055e-13 2.45144e-12 1.44861e-12 2.45144e-12 5.87123e-15
Strain 0 0.0003 0 0.0003 0 0 0 0 0
Strain mean 3.90547e-20 0.0003 7.24305e-18 0.0003 -4.45853e-32 1.22572e-17 7.24305e-18 1.22572e-17 -1.99543e-33
Plastic strain_mean -6.64629e-19 8.11711e-07 0 8.11711e-07 6.64629e-19 0 0 0 0
Plastic strain_rate_mean 0 0 0 0 0 0 0 0 0
Dissipation 3.42615e-05
End step 9
Begin step 10
Stress -1.4222e-15 66.1903 1.40274e-13 66.1903 -1.88802e-14 2.05281e-12 1.40274e-13 2.05281e-12 -6.09612e-15
Strain 0 0.000333333 0 0.000333333 0 0 0 0 0
Strain mean -4.05507e-20 0.000333333 7.01371e-19 0.000333333 3.90386e-31 1.02641e-17 7.01371e-19 1.02641e-17 -9.32872e-35
Plastic strain_mean -6.39203e-20 2.38192e-06 0 2.38192e-06 6.39203e-20 0 0 0 0
Plastic strain_rate_mean 0 0 0 0 0 0 0 0 0
Dissipation 0.000103931
End step 10
Begin step 11
Stress -3.45052e-13 72.1169 -3.02797e-13 72.1169 3.57472e-13 1.40215e-12 -3.02797e-13 1.40215e-12 3.72929e-15
Strain 0 0.000366667 0 0.000366667 0 0 0 0 0
Strain mean 2.48068e-20 0.000366667 -1.51398e-18 0.000366667 3.82105e-31 7.01073e-18 -1.51398e-18 7.01073e-18 6.69562e-34
Plastic strain_mean 1.76871e-18 6.08206e-06 0 6.08206e-06 -1.76871e-18 0 0 0 0
Plastic strain_rate_mean 0 0 0 0 0 0 0 0 0
Dissipation 0.000266834
End step 11
Begin step 12
Stress 1.19992e-13 77.3028 3.87758e-12 77.3028 -9.19597e-14 1.12192e-11 3.87758e-12 1.12192e-11 8.4171e-15
Strain 0 0.0004 0 0.0004 0 0 0 0 0
Strain mean 5.59896e-20 0.0004 1.93879e-17 0.0004 -2.19472e-31 5.60959e-17 1.93879e-17 5.60959e-17 -1.91991e-33
Plastic strain_mean -5.01884e-19 1.34862e-05 0 1.34862e-05 5.01884e-19 0 0 0 0
Plastic strain_rate_mean 0 0 0 0 0 0 0 0 0
Dissipation 0.000572322
End step 12
Begin step 13
Stress 4.11391e-13 81.4693 -4.0272e-13 81.4693 -4.36521e-13 5.93176e-13 -4.0272e-13 5.93176e-13 -7.54591e-15
Strain 0 0.000433333 0 0.000433333 0 0 0 0 0
Strain mean -5.01945e-20 0.000433333 -2.0136e-18 0.000433333 -9.19632e-33 2.96588e-18 -2.0136e-18 2.96588e-18 -1.41135e-33
Plastic strain_mean -2.14488e-18 2.59871e-05 0 2.59871e-05 2.14488e-18 0 0 0 0
Plastic strain_rate_mean 0 0 0 0 0 0 0 0 0
Dissipation 0.0010183
End step 13
Begin step 14
Stress -6.67787e-13 84.5278 1.21261e-13 84.5278 6.9187e-13 -2.2649e-13 1.21261e-13 -2.2649e-13 7.2315e-15
Strain 0 0.000466667 0 0.000466667 0 0 0 0 0
Strain mean 4.81031e-20 0.000466667 6.06303e-19 0.000466667 1.93353e-32 -1.13245e-18 6.06303e-19 -1.13245e-18 2.83473e-33
Plastic strain_mean 3.42319e-18 4.40279e-05 0 4.40279e-05 -3.42319e-18 0 0 0 0
Plastic strain_rate_mean 0 0 0 0 0 0 0 0 0
Dissipation 0.00152464
End step 14
Begin step 15
Stress -3.18958e-13 86.6047 -1.512e-13 86.6047 2.80593e-13 -1.71378e-12 -1.512e-13 -1.71378e-12 -1.15197e-14
Strain 0 0.0005 0 0.0005 0 0 0 0 0
Strain mean -7.6628e-20 0.0005 -7.56001e-19 0.0005 9.96669e-33 -8.5689e-18 -7.56001e-19 -8.5689e-18 3.43658e-33
Plastic strain_mean 1.46056e-18 6.69765e-05 0 6.69765e-05 -1.46056e-18 0 0 0 0
Plastic strain_rate_mean 0 0 0 0 0 0 0 0 0
Dissipation 0.00198685
End step 15
Begin step 16
Stress -1.24456e-12 87.9374 -4.60517e-13 87.9374 1.30404e-12 4.3201e-16 -4.60517e-13 4.3201e-16 1.78604e-14
Strain 0 0.000533333 0 0.000533333 0 0 0 0 0
Strain mean 1.18805e-19 0.000533333 -2.30258e-18 0.000533333 1.25667e-32 2.16005e-21 -2.30258e-18 2.16005e-21 -9.26854e-34
Plastic strain_mean 6.43092e-18 9.36462e-05 0 9.36462e-05 -6.43092e-18 0 0 0 0
Plastic strain_rate_mean 0 0 0 0 0 0 0 0 0
Dissipation 0.00234431
End step 16
Begin step 17
Stress 8.3602e-13 88.7631 -1.31254e-12 88.7631 -8.66793e-13 2.16371e-12 -1.31254e-12 2.16371e-12 -9.24025e-15
Strain 0 0.000566667 0 0.000566667 0 0 0 0 0
Strain mean -6.14651e-20 0.000566667 -6.5627e-18 0.000566667 -9.34076e-33 1.08186e-17 -6.5627e-18 1.08186e-17 -1.98612e-33
Plastic strain_mean -4.28776e-18 0.000122851 0 0.000122851 4.28776e-18 0 0 0 0
Plastic strain_rate_mean 0 0 0 0 0 0 0 0 0
Dissipation 0.00259099
End step 17
Begin step 18
Stress 2.17246e-12 89.2661 -1.27842e-12 89.2661 -2.25191e-12 5.07592e-15 -1.27842e-12 5.07592e-15 -2.38561e-14
Strain 0 0.0006 0 0.0006 0 0 0 0 0
Strain mean -1.58688e-19 0.0006 -6.39211e-18 0.0006 3.4426e-33 2.53796e-20 -6.39211e-18 2.53796e-20 -1.99815e-33
Plastic strain_mean -1.11403e-17 0.000153669 0 0.000153669 1.11403e-17 0 0 0 0
Plastic strain_rate_mean 0 0 0 0 0 0 0 0 0
Dissipation 0.00274928
End step 18
Begin step 19
Stress 2.36773e-12 89.5723 -1.36072e-12 89.5723 -2.36768e-12 -9.8454e-13 -1.36072e-12 -9.8454e-13 1.31005e-17
Strain 0 0.000633333 0 0.000633333 0 0 0 0 0
Strain mean 8.71433e-23 0.000633333 -6.80361e-18 0.000633333 -1.12185e-32 -4.9227e-18 -6.80361e-18 -4.9227e-18 -2.05834e-33
Plastic strain_mean -1.18385e-17 0.000185472 0 0.000185472 1.18385e-17 0 0 0 0
Plastic strain_rate_mean 0 0 0 0 0 0 0 0 0
Dissipation 0.00284648
End step 19
Begin step 20
Stress -1.15922e-12 89.7614 -5.67259e-13 89.7614 1.19799e-12 -1.25747e-12 -5.67259e-13 -1.25747e-12 1.1642e-14
Strain 0 0.000666667 0 0.000666667 0 0 0 0 0
Strain mean 7.74414e-20 0.000666667 -2.8363e-18 0.000666667 -6.45187e-33 -6.28737e-18 -2.8363e-18 -6.28737e-18 -3.37941e-33
Plastic strain_mean 5.93175e-18 0.00021786 0 0.00021786 -5.93175e-18 0 0 0 0
Plastic strain_rate_mean 0 0 0 0 0 0 0 0 0
Dissipation 0.00290471
End step 20
Begin step 21
Stress -1.18901e-12 89.8817 4.03554e-15 89.8817 1.27158e-12 -5.86623e-13 4.03554e-15 -5.86623e-13 2.47906e-14
Strain 0 0.0007 0 0.0007 0 0 0 0 0
Strain mean 1.64904e-19 0.0007 2.01777e-20 0.0007 -8.84724e-34 -2.93311e-18 2.01777e-20 -2.93311e-18 -7.9501e-34
Plastic strain_mean 6.23393e-18 0.000250591 0 0.000250591 -6.23393e-18 0 0 0 0
Plastic strain_rate_mean 0 0 0 0 0 0 0 0 0
Dissipation 0.00293916
End step 21
Begin step 22
Stress -1.67238e-12 89.962 -1.54266e-12 89.962 1.68173e-12 2.94665e-13 -1.54266e-12 2.94665e-13 2.80788e-15
Strain 0 0.000733333 0 0.000733333 0 0 0 0 0
Strain mean 1.86777e-20 0.000733333 -7.71332e-18 0.000733333 -1.7875e-33 1.47332e-18 -7.71332e-18 1.47332e-18 -1.44313e-33
Plastic strain_mean 8.39459e-18 0.000283523 0 0.000283523 -8.39459e-18 0 0 0 0
Plastic strain_rate_mean 0 0 0 0 0 0 0 0 0
Dissipation 0.00295948
End step 22
Begin step 23
Stress 1.17777e-13 90.019 -1.35132e-12 90.019 -3.6291e-14 5.75166e-13 -1.35132e-12 5.75166e-13 2.44674e-14
Strain 0 0.000766667 0 0.000766667 0 0 0 0 0
Strain mean 1.62755e-19 0.000766667 -6.7566e-18 0.000766667 -3.93672e-32 2.87583e-18 -6.7566e-18 2.87583e-18 2.41456e-33
Plastic strain_mean -3.03792e-19 0.000316572 0 0.000316572 3.03792e-19 0 0 0 0
Plastic strain_rate_mean 0 0 0 0 0 0 0 0 0
Dissipation 0.00297151
End step 23
Begin step 24
Stress 7.49751e-13 90.0625 -1.13418e-12 90.0625 -8.85352e-13 -6.60456e-13 -1.13418e-12 -6.60456e-13 -4.07165e-14
Strain 0 0.0008 0 0.0008 0 0 0 0 0
Strain mean -2.70841e-19 0.0008 -5.67091e-18 0.0008 3.87593e-33 -3.30228e-18 -5.67091e-18 -3.30228e-18 -1.8507e-34
Plastic strain_mean -4.22318e-18 0.000349688 0 0.000349688 4.22318e-18 0 0 0 0
Plastic strain_rate_mean 0 0 0 0 0 0 0 0 0
Dissipation 0.00297874
End step 24
Begin step 25
Stress -1.00878e-12 90.0981 3.13313e-13 90.0981 1.00849e-12 2.04564e-12 3.13313e-13 2.04564e-12 -8.7337e-17
Strain 0 0.000833333 0 0.000833333 0 0 0 0 0
Strain mean -5.80955e-22 0.000833333 1.56656e-18 0.000833333 -4.04445e-33 1.02282e-17 1.56656e-18 1.02282e-17 2.70834e-33
Plastic strain_mean 5.04286e-18 0.000382843 0 0.000382843 -5.04286e-18 0 0 0 0
Plastic strain_rate_mean 0 0 0 0 0 0 0 0 0
Dissipation 0.00298318
End step 25
Begin step 26
Stress 2.87648e-13 90.1291 -8.62206e-13 90.1291 -3.32354e-13 -5.97284e-13 -8.62206e-13 -5.97284e-13 -1.34237e-14
Strain 0 0.000866667 0 0.000866667 0 0 0 0 0
Strain mean -8.92928e-20 0.000866667 -4.31103e-18 0.000866667 1.98852e-32 -2.98642e-18 -4.31103e-18 -2.98642e-18 -1.92593e-34
Plastic strain_mean -1.59465e-18 0.000416021 0 0.000416021 1.59465e-18 0 0 0 0
Plastic strain_rate_mean 0 0 0 0 0 0 0 0 0
Dissipation 0.00298601
End step 26
Begin step 27
Stress 6.69419e-13 90.1574 -7.59194e-13 90.1574 -6.62176e-13 -5.69672e-13 -7.59194e-13 -5.69672e-13 2.17469e-15
Strain 0 0.0009 0 0.0009 0 0 0 0 0
Strain mean 1.44658e-20 0.0009 -3.79597e-18 0.0009 3.51482e-33 -2.84836e-18 -3.79597e-18 -2.84836e-18 -1.02127e-34
Plastic strain_mean -3.32175e-18 0.000449213 0 0.000449213 3.32175e-18 0 0 0 0
Plastic strain_rate_mean 0 0 0 0 0 0 0 0 0
Dissipation 0.00298791
End step 27
Begin step 28
Stress 8.3319e-13 90.1841 -9.83915e-13 90.1841 -7.4737e-13 -4.50593e-13 -9.83915e-13 -4.50593e-13 2.57688e-14
Strain 0 0.000933333 0 0.000933333 0 0 0 0 0
Strain mean 1.71411e-19 0.000933333 -4.91957e-18 0.000933333 -2.28223e-32 -2.25297e-18 -4.91957e-18 -2.25297e-18 -2.34723e-34
Plastic strain_mean -3.8657e-18 0.000482413 0 0.000482413 3.8657e-18 0 0 0 0
Plastic strain_rate_mean 0 0 0 0 0 0 0 0 0
Dissipation 0.00298928
End step 28
Begin step 29
Stress 7.00078e-13 90.2097 -9.12025e-13 90.2097 -7.77041e-13 -3.68282e-13 -9.12025e-13 -3.68282e-13 -2.31094e-14
Strain 0 0.000966667 0 0.000966667 0 0 0 0 0
Strain mean -1.53721e-19 0.000966667 -4.56012e-18 0.000966667 4.70408e-32 -1.84141e-18 -4.56012e-18 -1.84141e-18 1.79427e-34
Plastic strain_mean -3.76966e-18 0.000515618 0 0.000515618 3.76966e-18 0 0 0 0
Plastic strain_rate_mean 0 0 0 0 0 0 0 0 0
Dissipation 0.00299035
End step 29
Begin step 30
Stress 5.45831e-13 90.2346 -1.01678e-12 90.2346 -7.07813e-13 -2.94567e-13 -1.01678e-12 -2.94567e-13 -4.86379e-14
Strain 0 0.001 0 0.001 0 0 0 0 0
Strain mean -3.23534e-19 0.001 -5.08392e-18 0.001 5.5852e-33 -1.47283e-18 -5.08392e-18 -1.47283e-18 2.29456e-34
Plastic strain_mean -3.29588e-18 0.000548827 0 0.000548827 3.29588e-18 0 0 0 0
Plastic strain_rate_mean 0 0 0 0 0 0 0 0 0
Dissipation 0.00299123
End step 30
