Begin step 0
Stress 0 0 0 0 0 0 0 0 0
Strain 0 0 0 0 0 0 0 0 0
Strain mean 0 0 0 0 0 0 0 0 0
Plastic strain_mean 0 0 0 0 0 0 0 0 0
Plastic strain_rate_mean 0 0 0 0 0 0 0 0 0
Dissipation 0
End step 0
Begin step 1
Stress -1.31276e-15 6.66667 -1.49379e-16 6.66667 -5.63315e-16 -2.32009e-17 -1.49379e-16 -2.32009e-17 -5.63323e-16
Strain 0 3.33333e-05 0 3.33333e-05 0 0 0 0 0
Strain mean -3.74716e-21 3.33333e-05 -7.46897e-22 3.33333e-05 -9.16886e-37 -1.16005e-22 -7.46897e-22 -1.16005e-22 -1.8661e-37
Plastic strain_mean 4.01315e-26 3.22822e-20 0 3.22822e-20 -4.01315e-26 0 0 0 0
Plastic strain_rate_mean 0 0 0 0 0 0 0 0 0
Dissipation 2.15215e-19
End step 1
Begin step 2
Stress 5.50033e-15 13.3333 -1.28369e-15 13.3333 2.36029e-15 1.00082e-16 -1.28369e-15 1.00082e-16 2.36028e-15
Strain 0 6.66667e-05 0 6.66667e-05 0 0 0 0 0
Strain mean 1.57003e-20 6.66667e-05 -6.41844e-21 6.66667e-05 -1.55165e-36 5.00412e-22 -6.41844e-21 5.00412e-22 -6.61216e-38
Plastic strain_mean 5.28161e-26 1.87032e-16 0 1.87032e-16 -5.28161e-26 0 0 0 0
Plastic strain_rate_mean 0 0 0 0 0 0 0 0 0
Dissipation 2.49332e-15
End step 2
Begin step 3
Stress -1.8249e-15 20 2.28451e-15 20 -7.8198e-16 7.32474e-17 2.28451e-15 7.32474e-17 -7.82757e-16
Strain 0 0.0001 0 0.0001 0 0 0 0 0
Strain mean -5.20681e-21 0.0001 1.14225e-20 0.0001 -2.93874e-36 3.66237e-22 1.14225e-20 3.66237e-22 -2.69996e-36
Plastic strain_mean 3.8869e-24 2.99024e-14 0 2.99024e-14 -3.8869e-24 0 0 0 0
Plastic strain_rate_mean 0 0 0 0 0 0 0 0 0
Dissipation 5.94307e-13
End step 3
Begin step 4
Stress -9.41944e-15 26.6667 7.71892e-15 26.6667 -4.03307e-15 6.77464e-17 7.71892e-15 6.77464e-17 -4.03933e-15
Strain 0 0.000133333 0 0.000133333 0 0 0 0 0
Strain mean -2.68692e-20 0.000133333 3.85946e-20 0.000133333 -2.1394e-36 3.38732e-22 3.85946e-20 3.38732e-22 1.62218e-36
Plastic strain_mean 3.13447e-23 1.11312e-12 0 1.11312e-12 -3.13447e-23 0 0 0 0
Plastic strain_rate_mean 0 0 0 0 0 0 0 0 0
Dissipation 2.88857e-11
End step 4
Begin step 5
Stress 5.26052e-15 33.3333 7.34413e-14 33.3333 2.49103e-15 2.01754e-13 7.34413e-14 2.01754e-13 2.32753e-15
Strain 0 0.000166667 0 0.000166667 0 0 0 0 0
Strain mean 1.54825e-20 0.000166667 3.67206e-19 0.000166667 -6.01853e-36 1.00877e-18 3.67206e-19 1.00877e-18 -9.96819e-35
Plastic strain_mean 8.17489e-22 1.87364e-11 0 1.87364e-11 -8.17489e-22 0 0 0 0
Plastic strain_rate_mean 0 0 0 0 0 0 0 0 0
Dissipation 5.87444e-10
End step 5
Begin step 6
Stress -1.35987e-14 40 1.4681e-12 40 -1.49719e-15 3.73996e-13 1.4681e-12 3.73996e-13 -4.53279e-15
Strain 0 0.0002 0 0.0002 0 0 0 0 0
Strain mean -3.01516e-20 0.0002 7.34052e-18 0.0002 8.72687e-35 1.86998e-18 7.34052e-18 1.86998e-18 1.65698e-34
Plastic strain_mean 1.5178e-20 1.90864e-10 0 1.90864e-10 -1.5178e-20 0 0 0 0
Plastic strain_rate_mean 0 0 0 0 0 0 0 0 0
Dissipation 6.88509e-09
End step 6
Begin step 7
Stress -1.25482e-14 46.6664 1.94155e-13 46.6664 1.7202e-14 3.7372e-13 1.94155e-13 3.7372e-13 1.39739e-15
Strain 0 0.000233333 0 0.000233333 0 0 0 0 0
Strain mean 9.29529e-21 0.000233333 9.70773e-19 0.000233333 2.52778e-34 1.8686e-18 9.70773e-19 1.8686e-18 1.11945e-33
Plastic strain_mean 7.90232e-20 1.37298e-09 0 1.37298e-09 -7.90232e-20 0 0 0 0
Plastic strain_rate_mean 0 0 0 0 0 0 0 0 0
Dissipation 5.51649e-08
End step 7
Begin step 8
Stress 3.13264e-14 53.3318 8.95984e-12 53.3318 -4.18703e-14 1.28677e-12 8.95984e-12 1.28677e-12 -3.16596e-15
Strain 0 0.000266667 0 0.000266667 0 0 0 0 0
Strain mean -2.10596e-20 0.000266667 4.47992e-17 0.000266667 -2.76852e-34 6.43386e-18 4.47992e-17 6.43386e-18 -2.30209e-33
Plastic strain_mean -1.93521e-19 7.64537e-09 0 7.64537e-09 1.93521e-19 0 0 0 0
Plastic strain_rate_mean 0 0 0 0 0 0 0 0 0
Dissipation 3.34518e-07
End step 8
Begin step 9
Stress 1.26235e-13 59.993 4.94621e-12 59.993 -1.36314e-13 1.06481e-12 4.94621e-12 1.06481e-12 -3.02623e-15
Strain 0 0.0003 0 0.0003 0 0 0 0 0
Strain mean -2.01301e-20 0.0003 2.47311e-17 0.0003 -2.52778e-34 5.32407e-18 2.47311e-17 5.32407e-18 -1.43542e-33
Plastic strain_mean -6.66437e-19 3.49579e-08 0 3.49579e-08 6.66437e-19 0 0 0 0
Plastic strain_rate_mean 0 0 0 0 0 0 0 0 0
Dissipation 1.63856e-06
End step 9
Begin step 10
Stress 1.93497e-13 66.6394 1.24328e-12 66.6394 -1.68228e-13 -1.95894e-12 1.24328e-12 -1.95894e-12 7.5874e-15
Strain 0 0.000333333 0 0.000333333 0 0 0 0 0
Strain mean 5.04705e-20 0.000333333 6.21642e-18 0.000333333 -1.38185e-32 -9.79471e-18 6.21642e-18 -9.79471e-18 -4.81482e-35
Plastic strain_mean -8.79076e-19 1.3652e-07 0 1.3652e-07 8.79076e-19 0 0 0 0
Plastic strain_rate_mean 0 0 0 0 0 0 0 0 0
Dissipation 6.76803e-06
End step 10
Begin step 11
Stress 1.7928e-13 73.2399 1.00719e-12 73.2399 -1.87082e-13 -2.48739e-12 1.00719e-12 -2.48739e-12 -2.34281e-15
Strain 0 0.000366667 0 0.000366667 0 0 0 0 0
Strain mean -1.55841e-20 0.000366667 5.03597e-18 0.000366667 -1.49892e-31 -1.24369e-17 5.03597e-18 -1.24369e-17 -2.48565e-33
Plastic strain_mean -9.23696e-19 4.67213e-07 0 4.67213e-07 9.23696e-19 0 0 0 0
Plastic strain_rate_mean 0 0 0 0 0 0 0 0 0
Dissipation 2.42198e-05
End step 11
Begin step 12
Stress -1.8172e-13 79.7159 -3.10383e-12 79.7159 9.71514e-14 -3.1506e-12 -3.10383e-12 -3.1506e-12 -2.53932e-14
Strain 0 0.0004 0 0.0004 0 0 0 0 0
Strain mean -1.68913e-19 0.0004 -1.55191e-17 0.0004 -1.48008e-31 -1.5753e-17 -1.55191e-17 -1.5753e-17 -3.74804e-33
Plastic strain_mean 6.12723e-19 1.42074e-06 0 1.42074e-06 -6.12723e-19 0 0 0 0
Plastic strain_rate_mean 0 0 0 0 0 0 0 0 0
Dissipation 7.60111e-05
End step 12
Begin step 13
Stress -1.54517e-13 85.8976 -6.8054e-13 85.8976 2.01171e-13 -1.59117e-12 -6.8054e-13 -1.59117e-12 1.40088e-14
Strain 0 0.000433333 0 0.000433333 0 0 0 0 0
Strain mean 9.31852e-20 0.000433333 -3.4027e-18 0.000433333 -8.90743e-33 -7.95586e-18 -3.4027e-18 -7.95586e-18 -5.9764e-33
Plastic strain_mean 9.35813e-19 3.84547e-06 0 3.84547e-06 -9.35813e-19 0 0 0 0
Plastic strain_rate_mean 0 0 0 0 0 0 0 0 0
Dissipation 0.000208274
End step 13
Begin step 14
Stress -7.68265e-13 91.497 8.16744e-13 91.497 7.47498e-13 -5.96839e-13 8.16744e-13 -5.96839e-13 -6.23586e-15
Strain 0 0.000466667 0 0.000466667 0 0 0 0 0
Strain mean -4.14802e-20 0.000466667 4.08372e-18 0.000466667 1.2403e-31 -2.98419e-18 4.08372e-18 -2.98419e-18 2.64402e-33
Plastic strain_mean 3.76867e-18 9.18151e-06 0 9.18151e-06 -3.76867e-18 0 0 0 0
Plastic strain_rate_mean 0 0 0 0 0 0 0 0 0
Dissipation 0.000488212
End step 14
Begin step 15
Stress -3.29387e-12 96.1754 -4.31241e-13 96.1754 3.26704e-12 -4.4795e-12 -4.31241e-13 -4.4795e-12 -8.05683e-15
Strain 0 0.0005 0 0.0005 0 0 0 0 0
Strain mean -5.35931e-20 0.0005 -2.15621e-18 0.0005 1.20756e-31 -2.23975e-17 -2.15621e-18 -2.23975e-17 1.4926e-33
Plastic strain_mean 1.63755e-17 1.91229e-05 0 1.91229e-05 -1.63755e-17 0 0 0 0
Plastic strain_rate_mean 0 0 0 0 0 0 0 0 0
Dissipation 0.000956037
End step 15
Begin step 16
Stress -4.49383e-12 99.7212 -2.27255e-13 99.7212 4.53053e-12 1.11384e-12 -2.27255e-13 1.11384e-12 1.10219e-14
Strain 0 0.000533333 0 0.000533333 0 0 0 0 0
Strain mean 7.33166e-20 0.000533333 -1.13628e-18 0.000533333 -2.60964e-32 5.5692e-18 -1.13628e-18 5.5692e-18 5.24214e-33
Plastic strain_mean 2.25976e-17 3.47271e-05 0 3.47271e-05 -2.25976e-17 0 0 0 0
Plastic strain_rate_mean 0 0 0 0 0 0 0 0 0
Dissipation 0.00155585
End step 16
Begin step 17
Stress -2.10421e-12 102.171 4.21584e-13 102.171 2.11101e-12 -4.96268e-12 4.21584e-13 -4.96268e-12 2.03932e-15
Strain 0 0.000566667 0 0.000566667 0 0 0 0 0
Strain mean 1.35653e-20 0.000566667 2.10792e-18 0.000566667 -1.00148e-32 -2.48134e-17 2.10792e-18 -2.48134e-17 -5.12327e-33
Plastic strain_mean 1.05448e-17 5.58127e-05 0 5.58127e-05 -1.05448e-17 0 0 0 0
Plastic strain_rate_mean 0 0 0 0 0 0 0 0 0
Dissipation 0.00215387
End step 17
Begin step 18
Stress -1.08039e-12 103.746 -5.97553e-13 103.746 1.05417e-12 -9.07632e-13 -5.97553e-13 -9.07632e-13 -7.87343e-15
Strain 0 0.0006 0 0.0006 0 0 0 0 0
Strain mean -5.23731e-20 0.0006 -2.98777e-18 0.0006 -6.17501e-33 -4.53816e-18 -2.98777e-18 -4.53816e-18 8.29053e-34
Plastic strain_mean 5.31022e-18 8.12718e-05 0 8.12718e-05 -5.31022e-18 0 0 0 0
Plastic strain_rate_mean 0 0 0 0 0 0 0 0 0
Dissipation 0.00264047
End step 18
Begin step 19
Stress -1.70161e-12 104.712 1.89036e-12 104.712 1.72049e-12 -9.60016e-14 1.89036e-12 -9.60016e-14 5.66817e-15
Strain 0 0.000633333 0 0.000633333 0 0 0 0 0
Strain mean 3.7704e-20 0.000633333 9.45181e-18 0.000633333 -4.36223e-32 -4.80008e-19 9.45181e-18 -4.80008e-19 -1.94098e-33
Plastic strain_mean 8.57412e-18 0.000109773 0 0.000109773 -8.57412e-18 0 0 0 0
Plastic strain_rate_mean 0 0 0 0 0 0 0 0 0
Dissipation 0.00298326
End step 19
Begin step 20
Stress 9.77505e-13 105.291 -1.91818e-12 105.291 -1.0037e-12 1.6932e-12 -1.91818e-12 1.6932e-12 -7.86469e-15
Strain 0 0.000666667 0 0.000666667 0 0 0 0 0
Strain mean -5.2315e-20 0.000666667 -9.5909e-18 0.000666667 9.62965e-34 8.46601e-18 -9.5909e-18 8.46601e-18 -2.39538e-33
Plastic strain_mean -4.97916e-18 0.000140212 0 0.000140212 4.97916e-18 0 0 0 0
Plastic strain_rate_mean 0 0 0 0 0 0 0 0 0
Dissipation 0.0032033
End step 20
Begin step 21
Stress 9.45729e-13 105.636 2.56276e-12 105.636 -9.71965e-13 -2.21555e-12 2.56276e-12 -2.21555e-12 -7.87779e-15
Strain 0 0.0007 0 0.0007 0 0 0 0 0
Strain mean -5.24022e-20 0.0007 1.28138e-17 0.0007 1.57084e-33 -1.10777e-17 1.28138e-17 -1.10777e-17 5.41668e-34
Plastic strain_mean -4.82044e-18 0.000171818 0 0.000171818 4.82044e-18 0 0 0 0
Plastic strain_rate_mean 0 0 0 0 0 0 0 0 0
Dissipation 0.00333684
End step 21
Begin step 22
Stress 1.03593e-12 105.845 1.57179e-12 105.845 -1.02999e-12 7.70691e-13 1.57179e-12 7.70691e-13 1.78167e-15
Strain 0 0.000733333 0 0.000733333 0 0 0 0 0
Strain mean 1.18515e-20 0.000733333 7.85894e-18 0.000733333 -1.11945e-33 3.85346e-18 7.85894e-18 3.85346e-18 -2.01621e-34
Plastic strain_mean -5.15888e-18 0.000204107 0 0.000204107 5.15888e-18 0 0 0 0
Plastic strain_rate_mean 0 0 0 0 0 0 0 0 0
Dissipation 0.00341535
End step 22
Begin step 23
Stress 2.75172e-12 105.976 1.19662e-12 105.976 -2.76645e-12 -4.86182e-13 1.19662e-12 -4.86182e-13 -4.42362e-15
Strain 0 0.000766667 0 0.000766667 0 0 0 0 0
Strain mean -2.94254e-20 0.000766667 5.98312e-18 0.000766667 4.57408e-34 -2.43091e-18 5.98312e-18 -2.43091e-18 1.37298e-33
Plastic strain_mean -1.38101e-17 0.000236789 0 0.000236789 1.38101e-17 0 0 0 0
Plastic strain_rate_mean 0 0 0 0 0 0 0 0 0
Dissipation 0.00346077
End step 23
Begin step 24
Stress 1.19745e-13 106.061 1.56629e-12 106.061 -1.02628e-13 -2.27523e-12 1.56629e-12 -2.27523e-12 5.13978e-15
Strain 0 0.0008 0 0.0008 0 0 0 0 0
Strain mean 3.41892e-20 0.0008 7.83144e-18 0.0008 -7.61946e-33 -1.13762e-17 7.83144e-18 -1.13762e-17 -1.9658e-33
Plastic strain_mean -5.38837e-19 0.000269694 0 0.000269694 5.38837e-19 0 0 0 0
Plastic strain_rate_mean 0 0 0 0 0 0 0 0 0
Dissipation 0.0034869
End step 24
Begin step 25
Stress -1.17103e-12 106.122 -4.26982e-14 106.122 1.1719e-12 3.963e-13 -4.26982e-14 3.963e-13 2.62011e-16
Strain 0 0.000833333 0 0.000833333 0 0 0 0 0
Strain mean 1.74287e-21 0.000833333 -2.13491e-19 0.000833333 -2.77334e-32 1.9815e-18 -2.13491e-19 1.9815e-18 7.28242e-34
Plastic strain_mean 5.85818e-18 0.000302725 0 0.000302725 -5.85818e-18 0 0 0 0
Plastic strain_rate_mean 0 0 0 0 0 0 0 0 0
Dissipation 0.003502
End step 25
Begin step 26
Stress 1.13075e-12 106.168 -2.00392e-12 106.168 -1.11583e-12 -7.12586e-13 -2.00392e-12 -7.12586e-13 4.48039e-15
Strain 0 0.000866667 0 0.000866667 0 0 0 0 0
Strain mean 2.9803e-20 0.000866667 -1.00196e-17 0.000866667 4.9352e-33 -3.56293e-18 -1.00196e-17 -3.56293e-18 4.49885e-34
Plastic strain_mean -5.60153e-18 0.000335827 0 0.000335827 5.60153e-18 0 0 0 0
Plastic strain_rate_mean 0 0 0 0 0 0 0 0 0
Dissipation 0.00351083
End step 26
Begin step 27
Stress -8.41192e-14 106.206 8.08883e-13 106.206 4.95644e-14 2.39946e-13 8.08883e-13 2.39946e-13 -1.03756e-14
Strain 0 0.0009 0 0.0009 0 0 0 0 0
Strain mean -6.90175e-20 0.0009 4.04442e-18 0.0009 -8.91706e-32 1.19973e-18 4.04442e-18 1.19973e-18 -3.68334e-33
Plastic strain_mean 2.997e-19 0.000368971 0 0.000368971 -2.997e-19 0 0 0 0
Plastic strain_rate_mean 0 0 0 0 0 0 0 0 0
Dissipation 0.00351613
End step 27
Begin step 28
Stress -1.20475e-12 106.239 -1.11971e-12 106.239 1.10705e-12 1.4734e-12 -1.11971e-12 1.4734e-12 -2.93365e-14
Strain 0 0.000933333 0 0.000933333 0 0 0 0 0
Strain mean -1.95143e-19 0.000933333 -5.59854e-18 0.000933333 -8.57039e-33 7.367e-18 -5.59854e-18 7.367e-18 -1.35116e-33
Plastic strain_mean 5.68192e-18 0.000402137 0 0.000402137 -5.68192e-18 0 0 0 0
Plastic strain_rate_mean 0 0 0 0 0 0 0 0 0
Dissipation 0.00351944
End step 28
Begin step 29
Stress -1.54884e-12 106.27 -1.61201e-12 106.27 1.50149e-12 1.72284e-12 -1.61201e-12 1.72284e-12 -1.42185e-14
Strain 0 0.000966667 0 0.000966667 0 0 0 0 0
Strain mean -9.45795e-20 0.000966667 -8.06005e-18 0.000966667 -2.81186e-32 8.61421e-18 -8.06005e-18 8.61421e-18 -1.61861e-33
Plastic strain_mean 7.57852e-18 0.000435318 0 0.000435318 -7.57852e-18 0 0 0 0
Plastic strain_rate_mean 0 0 0 0 0 0 0 0 0
Dissipation 0.00352163
End step 29
Begin step 30
Stress -1.65047e-12 106.299 -1.70407e-12 106.299 1.61053e-12 1.74765e-12 -1.70407e-12 1.74765e-12 -1.19914e-14
Strain 0 0.001 0 0.001 0 0 0 0 0
Strain mean -7.97652e-20 0.001 -8.52034e-18 0.001 2.11852e-33 8.73827e-18 -8.52034e-18 8.73827e-18 -1.08935e-33
Plastic strain_mean 8.11261e-18 0.000468506 0 0.000468506 -8.11261e-18 0 0 0 0
Plastic strain_rate_mean 0 0 0 0 0 0 0 0 0
Dissipation 0.00352319
End step 30
