Begin step 0
Stress 0 0 0 0 0 0 0 0 0
Strain 0 0 0 0 0 0 0 0 0
Strain mean 0 0 0 0 0 0 0 0 0
Plastic strain_mean 0 0 0 0 0 0 0 0 0
Plastic strain_rate_mean 0 0 0 0 0 0 0 0 0
Dissipation 0
End step 0
Begin step 1
Stress -1.24354e-16 6.66453 -6.69622e-14 6.66453 4.91571e-16 1.72495e-12 -6.69622e-14 1.72495e-12 1.10263e-16
Strain 0 3.33333e-05 0 3.33333e-05 0 0 0 0 0
Strain mean 7.33456e-22 3.33333e-05 -3.34811e-19 3.33333e-05 6.01853e-34 8.62473e-18 -3.34811e-19 8.62473e-18 1.6393e-33
Plastic strain_mean 1.90654e-21 1.07067e-08 0 1.07067e-08 -1.90654e-21 0 0 0 0
Plastic strain_rate_mean 0 0 0 0 0 0 0 0 0
Dissipation 7.13552e-08
End step 1
Begin step 2
Stress 2.00824e-14 13.3269 2.55e-12 13.3269 -1.58067e-14 1.77899e-12 2.55e-12 1.77899e-12 1.28385e-15
Strain 0 6.66667e-05 0 6.66667e-05 0 0 0 0 0
Strain mean 8.54004e-21 6.66667e-05 1.275e-17 6.66667e-05 -4.23945e-32 8.89494e-18 1.275e-17 8.89494e-18 4.37096e-33
Plastic strain_mean -8.54525e-20 3.21167e-08 0 3.21167e-08 8.54525e-20 0 0 0 0
Plastic strain_rate_mean 0 0 0 0 0 0 0 0 0
Dissipation 2.85329e-07
End step 2
Begin step 3
Stress -2.08177e-14 19.9872 -5.59885e-14 19.9872 2.49334e-14 7.63239e-12 -5.59885e-14 7.63239e-12 1.23582e-15
Strain 0 0.0001 0 0.0001 0 0 0 0 0
Strain mean 8.22052e-21 0.0001 -2.79943e-19 0.0001 1.70734e-31 3.81619e-17 -2.79943e-19 3.81619e-17 -2.21482e-33
Plastic strain_mean 1.18488e-19 6.42266e-08 0 6.42266e-08 -1.18488e-19 0 0 0 0
Plastic strain_rate_mean 0 0 0 0 0 0 0 0 0
Dissipation 6.41784e-07
End step 3
Begin step 4
Stress -5.40687e-14 26.6453 -5.83756e-14 26.6453 6.89101e-14 7.64145e-12 -5.83756e-14 7.64145e-12 4.45637e-15
Strain 0 0.000133333 0 0.000133333 0 0 0 0 0
Strain mean 2.96432e-20 0.000133333 -2.91878e-19 0.000133333 -1.55808e-31 3.82073e-17 -2.91878e-19 3.82073e-17 -1.67917e-33
Plastic strain_mean 3.22269e-19 1.07033e-07 0 1.07033e-07 -3.22269e-19 0 0 0 0
Plastic strain_rate_mean 0 0 0 0 0 0 0 0 0
Dissipation 1.14058e-06
End step 4
Begin step 5
Stress -9.90967e-14 33.3012 -6.39405e-14 33.3012 1.08055e-13 7.67611e-12 -6.39405e-14 7.67611e-12 2.68998e-15
Strain 0 0.000166667 0 0.000166667 0 0 0 0 0
Strain mean 1.78934e-20 0.000166667 -3.19703e-19 0.000166667 -4.23705e-33 3.83806e-17 -3.19703e-19 3.83806e-17 -1.86574e-33
Plastic strain_mean 5.26827e-19 1.60532e-07 0 1.60532e-07 -5.26827e-19 0 0 0 0
Plastic strain_rate_mean 0 0 0 0 0 0 0 0 0
Dissipation 1.78158e-06
End step 5
Begin step 6
Stress -1.51348e-13 39.9551 -7.06598e-14 39.9551 1.44026e-13 7.67186e-12 -7.06598e-14 7.67186e-12 -2.19871e-15
Strain 0 0.0002 0 0.0002 0 0 0 0 0
Strain mean -1.46256e-20 0.0002 -3.53299e-19 0.0002 -6.79853e-32 3.83593e-17 -3.53299e-19 3.83593e-17 -1.1375e-33
Plastic strain_mean 7.31121e-19 2.24721e-07 0 2.24721e-07 -7.31121e-19 0 0 0 0
Plastic strain_rate_mean 0 0 0 0 0 0 0 0 0
Dissipation 2.56466e-06
End step 6
Begin step 7
Stress -1.35958e-13 46.6067 2.05184e-12 46.6067 1.55606e-13 1.66234e-12 2.05184e-12 1.66234e-12 5.89961e-15
Strain 0 0.000233333 0 0.000233333 0 0 0 0 0
Strain mean 3.92435e-20 0.000233333 1.02592e-17 0.000233333 1.22778e-33 8.31168e-18 1.02592e-17 8.31168e-18 -6.43983e-33
Plastic strain_mean 7.48534e-19 2.99682e-07 0 2.99682e-07 -7.48534e-19 0 0 0 0
Plastic strain_rate_mean 0 0 0 0 0 0 0 0 0
Dissipation 3.4937e-06
End step 7
Begin step 8
Stress -1.74999e-13 53.2561 -1.97381e-12 53.2561 1.56173e-13 1.63879e-12 -1.97381e-12 1.63879e-12 -5.65288e-15
Strain 0 0.000266667 0 0.000266667 0 0 0 0 0
Strain mean -3.76023e-20 0.000266667 -9.86904e-18 0.000266667 1.56482e-34 8.19394e-18 -9.86904e-18 8.19394e-18 3.46066e-34
Plastic strain_mean 8.09127e-19 3.86215e-07 0 3.86215e-07 -8.09127e-19 0 0 0 0
Plastic strain_rate_mean 0 0 0 0 0 0 0 0 0
Dissipation 4.60838e-06
End step 8
Begin step 9
Stress -2.09564e-13 59.9025 -3.39633e-12 59.9025 2.08444e-13 3.53807e-12 -3.39633e-12 3.53807e-12 -3.36247e-16
Strain 0 0.0003 0 0.0003 0 0 0 0 0
Strain mean -2.23668e-21 0.0003 -1.69816e-17 0.0003 1.43843e-33 1.76903e-17 -1.69816e-17 1.76903e-17 -3.93612e-33
Plastic strain_mean 1.0439e-18 4.87651e-07 0 4.87651e-07 -1.0439e-18 0 0 0 0
Plastic strain_rate_mean 0 0 0 0 0 0 0 0 0
Dissipation 6.07626e-06
End step 9
Begin step 10
Stress -3.23269e-13 66.5447 -4.14663e-12 66.5447 3.22164e-13 6.02071e-12 -4.14663e-12 6.02071e-12 -3.3188e-16
Strain 0 0.000333333 0 0.000333333 0 0 0 0 0
Strain mean -2.20763e-21 0.000333333 -2.07331e-17 0.000333333 -2.15463e-33 3.01035e-17 -2.07331e-17 3.01035e-17 -6.42779e-33
Plastic strain_mean 1.61248e-18 6.09618e-07 0 6.09618e-07 -1.61248e-18 0 0 0 0
Plastic strain_rate_mean 0 0 0 0 0 0 0 0 0
Dissipation 8.11623e-06
End step 10
Begin step 11
Stress -2.71774e-13 73.1809 -3.72229e-12 73.1809 2.46323e-13 -1.15439e-12 -3.72229e-12 -1.15439e-12 -7.64198e-15
Strain 0 0.000366667 0 0.000366667 0 0 0 0 0
Strain mean -5.08336e-20 0.000366667 -1.86114e-17 0.000366667 -3.03334e-33 -5.77194e-18 -1.86114e-17 -5.77194e-18 2.84376e-34
Plastic strain_mean 1.26982e-18 7.6216e-07 0 7.6216e-07 -1.26982e-18 0 0 0 0
Plastic strain_rate_mean 0 0 0 0 0 0 0 0 0
Dissipation 1.11631e-05
End step 11
Begin step 12
Stress -3.14634e-13 79.8069 5.48108e-12 79.8069 3.14518e-13 -1.22334e-12 5.48108e-12 -1.22334e-12 -3.49348e-17
Strain 0 0.0004 0 0.0004 0 0 0 0 0
Strain mean -2.32382e-22 0.0004 2.74054e-17 0.0004 3.15371e-33 -6.1167e-18 2.74054e-17 -6.1167e-18 -1.93195e-33
Plastic strain_mean 1.57277e-18 9.65437e-07 0 9.65437e-07 -1.57277e-18 0 0 0 0
Plastic strain_rate_mean 0 0 0 0 0 0 0 0 0
Dissipation 1.62229e-05
End step 12
Begin step 13
Stress -3.85314e-13 86.413 1.18591e-12 86.413 3.70363e-13 -1.39609e-13 1.18591e-12 -1.39609e-13 -4.48912e-15
Strain 0 0.000433333 0 0.000433333 0 0 0 0 0
Strain mean -2.98611e-20 0.000433333 5.92955e-18 0.000433333 2.05352e-32 -6.98047e-19 5.92955e-18 -6.98047e-19 5.8549e-34
Plastic strain_mean 1.87426e-18 1.26858e-06 0 1.26858e-06 -1.87426e-18 0 0 0 0
Plastic strain_rate_mean 0 0 0 0 0 0 0 0 0
Dissipation 2.61953e-05
End step 13
Begin step 14
Stress -4.08315e-13 92.9636 2.3445e-12 92.9636 3.6995e-13 2.16284e-12 2.3445e-12 2.16284e-12 -1.15197e-14
Strain 0 0.000466667 0 0.000466667 0 0 0 0 0
Strain mean -7.6628e-20 0.000466667 1.17225e-17 0.000466667 2.96352e-32 1.08142e-17 1.17225e-17 1.08142e-17 -5.49379e-33
Plastic strain_mean 1.90735e-18 1.84854e-06 0 1.84854e-06 -1.90735e-18 0 0 0 0
Plastic strain_rate_mean 0 0 0 0 0 0 0 0 0
Dissipation 5.39142e-05
End step 14
Begin step 15
Stress 1.09894e-12 98.9683 1.16926e-13 98.9683 -1.08341e-12 8.22698e-13 1.16926e-13 8.22698e-13 4.66379e-15
Strain 0 0.0005 0 0.0005 0 0 0 0 0
Strain mean 3.1023e-20 0.0005 5.84631e-19 0.0005 2.54403e-32 4.11349e-18 5.84631e-19 4.11349e-18 -6.31946e-34
Plastic strain_mean -5.44036e-18 5.15851e-06 0 5.15851e-06 5.44036e-18 0 0 0 0
Plastic strain_rate_mean 0 0 0 0 0 0 0 0 0
Dissipation 0.000327573
End step 15
Begin step 16
Stress 1.46148e-12 100.12 -1.94517e-12 100.12 -1.45445e-12 -1.80582e-12 -1.94517e-12 -1.80582e-12 2.10919e-15
Strain 0 0.000533333 0 0.000533333 0 0 0 0 0
Strain mean 1.40301e-20 0.000533333 -9.72586e-18 0.000533333 2.22371e-33 -9.02909e-18 -9.72586e-18 -9.02909e-18 -9.6447e-34
Plastic strain_mean -7.2828e-18 3.27357e-05 0 3.27357e-05 7.2828e-18 0 0 0 0
Plastic strain_rate_mean 0 0 0 0 0 0 0 0 0
Dissipation 0.00276079
End step 16
Begin step 17
Stress -2.7521e-12 100.166 -4.45726e-12 100.166 2.7813e-12 -9.02794e-13 -4.45726e-12 -9.02794e-13 8.76863e-15
Strain 0 0.000566667 0 0.000566667 0 0 0 0 0
Strain mean 5.83279e-20 0.000566667 -2.22863e-17 0.000566667 1.01111e-33 -4.51397e-18 -2.22863e-17 -4.51397e-18 -2.36829e-33
Plastic strain_mean 1.38627e-17 6.58372e-05 0 6.58372e-05 -1.38627e-17 0 0 0 0
Plastic strain_rate_mean 0 0 0 0 0 0 0 0 0
Dissipation 0.00331525
End step 17
Begin step 18
Stress -5.85865e-13 100.187 5.10942e-12 100.187 5.60225e-13 7.97565e-12 5.10942e-12 7.97565e-12 -7.69875e-15
Strain 0 0.0006 0 0.0006 0 0 0 0 0
Strain mean -5.12112e-20 0.0006 2.55471e-17 0.0006 1.67074e-32 3.98782e-17 2.55471e-17 3.98782e-17 3.11986e-33
Plastic strain_mean 2.83962e-18 9.90655e-05 0 9.90655e-05 -2.83962e-18 0 0 0 0
Plastic strain_rate_mean 0 0 0 0 0 0 0 0 0
Dissipation 0.00332853
End step 18
Begin step 19
Stress -6.79114e-13 100.207 2.6568e-12 100.207 6.85193e-13 4.23317e-12 2.6568e-12 4.23317e-12 1.82534e-15
Strain 0 0.000633333 0 0.000633333 0 0 0 0 0
Strain mean 1.2142e-20 0.000633333 1.3284e-17 0.000633333 2.64815e-34 2.11659e-17 1.3284e-17 2.11659e-17 -6.27714e-35
Plastic strain_mean 3.41684e-18 0.000132297 0 0.000132297 -3.41684e-18 0 0 0 0
Plastic strain_rate_mean 0 0 0 0 0 0 0 0 0
Dissipation 0.00332942
End step 19
Begin step 20
Stress 2.1718e-12 100.228 -2.38943e-12 100.228 -2.14292e-12 -2.6367e-12 -2.38943e-12 -2.6367e-12 8.67256e-15
Strain 0 0.000666667 0 0.000666667 0 0 0 0 0
Strain mean 5.76889e-20 0.000666667 -1.19472e-17 0.000666667 -2.20278e-33 -1.31835e-17 -1.19472e-17 -1.31835e-17 9.93058e-34
Plastic strain_mean -1.0758e-17 0.000165529 0 0.000165529 1.0758e-17 0 0 0 0
Plastic strain_rate_mean 0 0 0 0 0 0 0 0 0
Dissipation 0.00333003
End step 20
Begin step 21
Stress -5.93845e-13 100.248 1.95194e-12 100.248 5.64177e-13 -5.40987e-13 1.95194e-12 -5.40987e-13 -8.90837e-15
Strain 0 0.0007 0 0.0007 0 0 0 0 0
Strain mean -5.92574e-20 0.0007 9.7597e-18 0.0007 1.14232e-32 -2.70493e-18 9.7597e-18 -2.70493e-18 1.70042e-33
Plastic strain_mean 2.86543e-18 0.000198761 0 0.000198761 -2.86543e-18 0 0 0 0
Plastic strain_rate_mean 0 0 0 0 0 0 0 0 0
Dissipation 0.00333061
End step 21
Begin step 22
Stress -4.15369e-13 100.268 1.54142e-12 100.268 5.16474e-13 -1.10081e-12 1.54142e-12 -1.10081e-12 3.03583e-14
Strain 0 0.000733333 0 0.000733333 0 0 0 0 0
Strain mean 2.0194e-19 0.000733333 7.7071e-18 0.000733333 -6.01853e-34 -5.50407e-18 7.7071e-18 -5.50407e-18 -1.15857e-34
Plastic strain_mean 2.43058e-18 0.000231992 0 0.000231992 -2.43058e-18 0 0 0 0
Plastic strain_rate_mean 0 0 0 0 0 0 0 0 0
Dissipation 0.00333118
End step 22
Begin step 23
Stress -2.78288e-13 100.289 9.35854e-13 100.289 2.68282e-13 -7.02514e-13 9.35854e-13 -7.02514e-13 -3.00439e-15
Strain 0 0.000766667 0 0.000766667 0 0 0 0 0
Strain mean -1.99849e-20 0.000766667 4.67927e-18 0.000766667 -8.36576e-34 -3.51257e-18 4.67927e-18 -3.51257e-18 -1.48959e-34
Plastic strain_mean 1.35643e-18 0.000265224 0 0.000265224 -1.35643e-18 0 0 0 0
Plastic strain_rate_mean 0 0 0 0 0 0 0 0 0
Dissipation 0.00333175
End step 23
Begin step 24
Stress -2.10467e-12 100.309 -4.56892e-12 100.309 2.18476e-12 -1.42213e-12 -4.56892e-12 -1.42213e-12 2.40482e-14
Strain 0 0.0008 0 0.0008 0 0 0 0 0
Strain mean 1.59966e-19 0.0008 -2.28446e-17 0.0008 -1.36019e-33 -7.11066e-18 -2.28446e-17 -7.11066e-18 -1.70625e-33
Plastic strain_mean 1.08036e-17 0.000298456 0 0.000298456 -1.08036e-17 0 0 0 0
Plastic strain_rate_mean 0 0 0 0 0 0 0 0 0
Dissipation 0.00333232
End step 24
Begin step 25
Stress -1.41842e-12 100.329 -3.06013e-12 100.329 1.43862e-12 -9.61213e-13 -3.06013e-12 -9.61213e-13 6.06555e-15
Strain 0 0.000833333 0 0.000833333 0 0 0 0 0
Strain mean 4.03474e-20 0.000833333 -1.53007e-17 0.000833333 -2.17871e-33 -4.80607e-18 -1.53007e-17 -4.80607e-18 -1.15556e-33
Plastic strain_mean 7.16278e-18 0.000331687 0 0.000331687 -7.16278e-18 0 0 0 0
Plastic strain_rate_mean 0 0 0 0 0 0 0 0 0
Dissipation 0.00333289
End step 25
Begin step 26
Stress -9.94758e-13 100.35 -2.11434e-12 100.35 9.55666e-13 -6.55679e-13 -2.11434e-12 -6.55679e-13 -1.17381e-14
Strain 0 0.000866667 0 0.000866667 0 0 0 0 0
Strain mean -7.80804e-20 0.000866667 -1.05717e-17 0.000866667 -2.8588e-34 -3.2784e-18 -1.05717e-17 -3.2784e-18 -8.87733e-34
Plastic strain_mean 4.83702e-18 0.000364918 0 0.000364918 -4.83702e-18 0 0 0 0
Plastic strain_rate_mean 0 0 0 0 0 0 0 0 0
Dissipation 0.00333346
End step 26
Begin step 27
Stress 6.12506e-12 100.37 3.87955e-12 100.37 -6.11392e-12 -2.26612e-12 3.87955e-12 -2.26612e-12 3.34501e-15
Strain 0 0.0009 0 0.0009 0 0 0 0 0
Strain mean 2.22506e-20 0.0009 1.93977e-17 0.0009 -1.71889e-32 -1.13306e-17 1.93977e-17 -1.13306e-17 8.30278e-33
Plastic strain_mean -3.05863e-17 0.000398149 0 0.000398149 3.05863e-17 0 0 0 0
Plastic strain_rate_mean 0 0 0 0 0 0 0 0 0
Dissipation 0.00333403
End step 27
Begin step 28
Stress 5.33481e-12 100.391 2.99682e-12 100.391 -5.27419e-12 -1.92073e-12 2.99682e-12 -1.92073e-12 1.8201e-14
Strain 0 0.000933333 0 0.000933333 0 0 0 0 0
Strain mean 1.21071e-19 0.000933333 1.49841e-17 0.000933333 1.17241e-32 -9.60366e-18 1.49841e-17 -9.60366e-18 5.28441e-33
Plastic strain_mean -2.6462e-17 0.00043138 0 0.00043138 2.6462e-17 0 0 0 0
Plastic strain_rate_mean 0 0 0 0 0 0 0 0 0
Dissipation 0.00333461
End step 28
Begin step 29
Stress -2.74964e-12 100.411 -9.1191e-13 100.411 2.79909e-12 4.75956e-13 -9.1191e-13 4.75956e-13 1.48473e-14
Strain 0 0.000966667 0 0.000966667 0 0 0 0 0
Strain mean 9.87624e-20 0.000966667 -4.55955e-18 0.000966667 2.7926e-32 2.37978e-18 -4.55955e-18 2.37978e-18 -2.23871e-33
Plastic strain_mean 1.39212e-17 0.000464611 0 0.000464611 -1.39212e-17 0 0 0 0
Plastic strain_rate_mean 0 0 0 0 0 0 0 0 0
Dissipation 0.00333519
End step 29
Begin step 30
Stress -2.39825e-12 100.432 -7.18585e-13 100.432 2.37231e-12 3.90916e-13 -7.18585e-13 3.90916e-13 -7.79046e-15
Strain 0 0.001 0 0.001 0 0 0 0 0
Strain mean -5.18212e-20 0.001 -3.59293e-18 0.001 1.79111e-32 1.95458e-18 -3.59293e-18 1.95458e-18 -1.9421e-33
Plastic strain_mean 1.19005e-17 0.000497842 0 0.000497842 -1.19005e-17 0 0 0 0
Plastic strain_rate_mean 0 0 0 0 0 0 0 0 0
Dissipation 0.00333577
End step 30
