Begin step 0
Stress 0 0 0 0 0 0 0 0 0
Strain 0 0 0 0 0 0 0 0 0
Strain mean 0 0 0 0 0 0 0 0 0
Plastic strain_mean 0 0 0 0 0 0 0 0 0
Plastic strain_rate_mean 0 0 0 0 0 0 0 0 0
Dissipation 0
End step 0
Begin step 1
Stress -2.3871e-18 6.64106 1.34969e-12 6.64106 -8.14762e-16 -9.69962e-13 1.34969e-12 -9.69962e-13 -2.45362e-16
Strain 0 3.33333e-05 0 3.33333e-05 0 0 0 0 0
Strain mean -1.63212e-21 3.33333e-05 6.74846e-18 3.33333e-05 -1.38426e-33 -4.84981e-18 6.74846e-18 -4.84981e-18 -7.24105e-34
Plastic strain_mean -2.847e-21 1.28028e-07 0 1.28028e-07 2.847e-21 0 0 0 0
Plastic strain_rate_mean 0 0 0 0 0 0 0 0 0
Dissipation 8.50234e-07
End step 1
Begin step 2
Stress -2.20668e-15 13.2566 -2.59063e-13 13.2566 8.06893e-16 2.61179e-12 -2.59063e-13 2.61179e-12 -4.20309e-16
Strain 0 6.66667e-05 0 6.66667e-05 0 0 0 0 0
Strain mean -2.79585e-21 6.66667e-05 -1.29531e-18 6.66667e-05 1.10982e-32 1.30589e-17 -1.29531e-18 1.30589e-17 1.69271e-33
Plastic strain_mean 6.13601e-21 3.8359e-07 0 3.8359e-07 -6.13601e-21 0 0 0 0
Plastic strain_rate_mean 0 0 0 0 0 0 0 0 0
Dissipation 3.38785e-06
End step 2
Begin step 3
Stress 7.3594e-15 19.8468 -2.5189e-13 19.8468 7.48198e-15 2.60041e-12 -2.5189e-13 2.60041e-12 4.45637e-15
Strain 0 0.0001 0 0.0001 0 0 0 0 0
Strain mean 2.96432e-20 0.0001 -1.25945e-18 0.0001 8.90743e-33 1.3002e-17 -1.25945e-18 1.3002e-17 2.04254e-33
Plastic strain_mean 1.51281e-20 7.66195e-07 0 7.66195e-07 -1.51281e-20 0 0 0 0
Plastic strain_rate_mean 0 0 0 0 0 0 0 0 0
Dissipation 7.59337e-06
End step 3
Begin step 4
Stress 5.76343e-15 26.4116 -2.51612e-13 26.4116 9.31792e-15 2.58907e-12 -2.51612e-13 2.58907e-12 4.52842e-15
Strain 0 0.000133333 0 0.000133333 0 0 0 0 0
Strain mean 3.01225e-20 0.000133333 -1.25806e-18 0.000133333 1.32408e-33 1.29453e-17 -1.25806e-18 1.29453e-17 1.77622e-33
Plastic strain_mean 2.39475e-20 1.27535e-06 0 1.27535e-06 -2.39475e-20 0 0 0 0
Plastic strain_rate_mean 0 0 0 0 0 0 0 0 0
Dissipation 1.34475e-05
End step 4
Begin step 5
Stress -4.32746e-15 32.9512 -2.43887e-13 32.9512 7.44698e-15 2.57808e-12 -2.43887e-13 2.57808e-12 9.36689e-16
Strain 0 0.000166667 0 0.000166667 0 0 0 0 0
Strain mean 6.23075e-21 0.000166667 -1.21944e-18 0.000166667 -3.22593e-33 1.28904e-17 -1.21944e-18 1.28904e-17 2.04931e-33
Plastic strain_mean 3.25515e-20 1.91058e-06 0 1.91058e-06 -3.25515e-20 0 0 0 0
Plastic strain_rate_mean 0 0 0 0 0 0 0 0 0
Dissipation 2.0931e-05
End step 5
Begin step 6
Stress 1.405e-15 39.4657 -2.42435e-13 39.4657 1.23093e-14 2.56709e-12 -2.42435e-13 2.56709e-12 4.11794e-15
Strain 0 0.0002 0 0.0002 0 0 0 0 0
Strain mean 2.7392e-20 0.0002 -1.21218e-18 0.0002 3.9963e-33 1.28355e-17 -1.21218e-18 1.28355e-17 1.90186e-33
Plastic strain_mean 4.09567e-20 2.67138e-06 0 2.67138e-06 -4.09567e-20 0 0 0 0
Plastic strain_rate_mean 0 0 0 0 0 0 0 0 0
Dissipation 3.0025e-05
End step 6
Begin step 7
Stress -7.9868e-15 45.9551 -2.31901e-12 45.9551 1.67564e-14 1.56186e-12 -2.31901e-12 1.56186e-12 2.63321e-15
Strain 0 0.000233333 0 0.000233333 0 0 0 0 0
Strain mean 1.75158e-20 0.000233333 -1.15951e-17 0.000233333 -4.71853e-33 7.80929e-18 -1.15951e-17 7.80929e-18 3.19584e-33
Plastic strain_mean 7.06158e-20 3.558e-06 0 3.558e-06 -7.06158e-20 0 0 0 0
Plastic strain_rate_mean 0 0 0 0 0 0 0 0 0
Dissipation 4.07435e-05
End step 7
Begin step 8
Stress -8.99696e-14 52.418 6.60097e-12 52.418 9.49434e-14 -5.11059e-12 6.60097e-12 -5.11059e-12 1.49346e-15
Strain 0 0.000266667 0 0.000266667 0 0 0 0 0
Strain mean 9.93434e-21 0.000266667 3.30048e-17 0.000266667 5.79705e-32 -2.55529e-17 3.30048e-17 -2.55529e-17 7.80002e-33
Plastic strain_mean 4.6725e-19 4.57675e-06 0 4.57675e-06 -4.6725e-19 0 0 0 0
Plastic strain_rate_mean 0 0 0 0 0 0 0 0 0
Dissipation 5.33989e-05
End step 8
Begin step 9
Stress -1.29747e-14 58.8483 7.72597e-13 58.8483 3.32916e-14 -2.10238e-12 7.72597e-13 -2.10238e-12 6.10049e-15
Strain 0 0.0003 0 0.0003 0 0 0 0 0
Strain mean 4.05797e-20 0.0003 3.86299e-18 0.0003 3.87714e-32 -1.05119e-17 3.86299e-18 -1.05119e-17 -1.07732e-33
Plastic strain_mean 1.35956e-19 5.75859e-06 0 5.75859e-06 -1.35956e-19 0 0 0 0
Plastic strain_rate_mean 0 0 0 0 0 0 0 0 0
Dissipation 6.95465e-05
End step 9
Begin step 10
Stress 1.79183e-14 65.2356 2.5529e-14 65.2356 -1.94162e-14 -7.93934e-13 2.5529e-14 -7.93934e-13 -4.49785e-16
Strain 0 0.000333333 0 0.000333333 0 0 0 0 0
Strain mean -2.99192e-21 0.000333333 1.27645e-19 0.000333333 3.00927e-32 -3.96967e-18 1.27645e-19 -3.96967e-18 -5.08566e-34
Plastic strain_mean -9.48321e-20 7.15513e-06 0 7.15513e-06 9.48321e-20 0 0 0 0
Plastic strain_rate_mean 0 0 0 0 0 0 0 0 0
Dissipation 9.11e-05
End step 10
Begin step 11
Stress 6.14182e-14 71.5638 -3.18611e-12 71.5638 -8.15751e-14 -2.20634e-12 -3.18611e-12 -2.20634e-12 -6.05245e-15
Strain 0 0.000366667 0 0.000366667 0 0 0 0 0
Strain mean -4.02602e-20 0.000366667 -1.59305e-17 0.000366667 3.90193e-31 -1.10317e-17 -1.59305e-17 -1.10317e-17 -1.90186e-33
Plastic strain_mean -3.77613e-19 8.84743e-06 0 8.84743e-06 3.77613e-19 0 0 0 0
Plastic strain_rate_mean 0 0 0 0 0 0 0 0 0
Dissipation 0.000121101
End step 11
Begin step 12
Stress -3.89382e-14 77.8051 -4.46248e-12 77.8051 5.70882e-14 3.056e-12 -4.46248e-12 3.056e-12 5.44983e-15
Strain 0 0.0004 0 0.0004 0 0 0 0 0
Strain mean 3.62516e-20 0.0004 -2.23124e-17 0.0004 9.43706e-33 1.528e-17 -2.23124e-17 1.528e-17 -8.66668e-34
Plastic strain_mean 2.58192e-19 1.09744e-05 0 1.09744e-05 -2.58192e-19 0 0 0 0
Plastic strain_rate_mean 0 0 0 0 0 0 0 0 0
Dissipation 0.000165475
End step 12
Begin step 13
Stress 5.59126e-14 83.9088 1.75582e-12 83.9088 -6.02465e-14 -1.10421e-12 1.75582e-12 -1.10421e-12 -1.30132e-15
Strain 0 0.000433333 0 0.000433333 0 0 0 0 0
Strain mean -8.65624e-21 0.000433333 8.77912e-18 0.000433333 -4.83679e-32 -5.52104e-18 8.77912e-18 -5.52104e-18 1.30889e-33
Plastic strain_mean -2.94726e-19 1.37891e-05 0 1.37891e-05 2.94726e-19 0 0 0 0
Plastic strain_rate_mean 0 0 0 0 0 0 0 0 0
Dissipation 0.000236164
End step 13
Begin step 14
Stress -1.07043e-13 89.772 -3.75212e-12 89.772 8.23339e-14 1.32422e-12 -3.75212e-12 1.32422e-12 -7.41927e-15
Strain 0 0.000466667 0 0.000466667 0 0 0 0 0
Strain mean -4.93522e-20 0.000466667 -1.87606e-17 0.000466667 -2.01573e-31 6.62111e-18 -1.87606e-17 6.62111e-18 -5.04955e-33
Plastic strain_mean 4.48766e-19 1.78067e-05 0 1.78067e-05 -4.48766e-19 0 0 0 0
Plastic strain_rate_mean 0 0 0 0 0 0 0 0 0
Dissipation 0.000360629
End step 14
Begin step 15
Stress 1.45349e-12 95.1593 1.26354e-12 95.1593 -1.45569e-12 -1.25703e-12 1.26354e-12 -1.25703e-12 -6.59394e-16
Strain 0 0.0005 0 0.0005 0 0 0 0 0
Strain mean -4.38621e-21 0.0005 6.31768e-18 0.0005 -8.66668e-33 -6.28515e-18 6.31768e-18 -6.28515e-18 -2.78818e-33
Plastic strain_mean -7.27514e-18 2.42033e-05 0 2.42033e-05 7.27514e-18 0 0 0 0
Plastic strain_rate_mean 0 0 0 0 0 0 0 0 0
Dissipation 0.000608621
End step 15
Begin step 16
Stress 1.89989e-12 99.5023 -3.31086e-14 99.5023 -1.94221e-12 3.40263e-13 -3.31086e-14 3.40263e-13 -1.27075e-14
Strain 0 0.000533333 0 0.000533333 0 0 0 0 0
Strain mean -8.4529e-20 0.000533333 -1.65543e-19 0.000533333 -3.90227e-33 1.70131e-18 -1.65543e-19 1.70131e-18 -1.27593e-33
Plastic strain_mean -9.64754e-18 3.58221e-05 0 3.58221e-05 9.64754e-18 0 0 0 0
Plastic strain_rate_mean 0 0 0 0 0 0 0 0 0
Dissipation 0.00115588
End step 16
Begin step 17
Stress 1.89437e-12 102.007 -3.62745e-13 102.007 -1.78766e-12 2.70828e-12 -3.62745e-13 2.70828e-12 3.20396e-14
Strain 0 0.000566667 0 0.000566667 0 0 0 0 0
Strain mean 2.13123e-19 0.000566667 -1.81372e-18 0.000566667 -1.12667e-32 1.35414e-17 -1.81372e-18 1.35414e-17 3.91957e-33
Plastic strain_mean -9.09851e-18 5.66292e-05 0 5.66292e-05 9.09851e-18 0 0 0 0
Plastic strain_rate_mean 0 0 0 0 0 0 0 0 0
Dissipation 0.00212191
End step 17
Begin step 18
Stress -7.14222e-13 102.937 1.31861e-12 102.937 7.20882e-13 -3.92041e-12 1.31861e-12 -3.92041e-12 2.00002e-15
Strain 0 0.0006 0 0.0006 0 0 0 0 0
Strain mean 1.33039e-20 0.0006 6.59304e-18 0.0006 2.1426e-33 -1.9602e-17 6.59304e-18 -1.9602e-17 -3.46066e-34
Plastic strain_mean 3.59441e-18 8.53151e-05 0 8.53151e-05 -3.59441e-18 0 0 0 0
Plastic strain_rate_mean 0 0 0 0 0 0 0 0 0
Dissipation 0.00295177
End step 18
Begin step 19
Stress -1.7707e-12 103.213 -5.51773e-14 103.213 1.83524e-12 -2.35952e-12 -5.51773e-14 -2.35952e-12 1.93801e-14
Strain 0 0.000633333 0 0.000633333 0 0 0 0 0
Strain mean 1.28914e-19 0.000633333 -2.75887e-19 0.000633333 3.54853e-32 -1.17976e-17 -2.75887e-19 -1.17976e-17 -1.38125e-33
Plastic strain_mean 9.07932e-18 0.00011727 0 0.00011727 -9.07932e-18 0 0 0 0
Plastic strain_rate_mean 0 0 0 0 0 0 0 0 0
Dissipation 0.00329668
End step 19
Begin step 20
Stress -3.10204e-13 103.301 1.12467e-12 103.301 3.70398e-13 1.56487e-12 1.12467e-12 1.56487e-12 1.80744e-14
Strain 0 0.000666667 0 0.000666667 0 0 0 0 0
Strain mean 1.20229e-19 0.000666667 5.62337e-18 0.000666667 4.08658e-33 7.82437e-18 5.62337e-18 7.82437e-18 -1.17361e-34
Plastic strain_mean 1.76162e-18 0.000150161 0 0.000150161 -1.76162e-18 0 0 0 0
Plastic strain_rate_mean 0 0 0 0 0 0 0 0 0
Dissipation 0.00339591
End step 20
Begin step 21
Stress 1.00369e-12 103.342 1.84139e-12 103.342 -9.57583e-13 -7.57671e-14 1.84139e-12 -7.57671e-14 1.38429e-14
Strain 0 0.0007 0 0.0007 0 0 0 0 0
Strain mean 9.20814e-20 0.0007 9.20696e-18 0.0007 -1.05926e-33 -3.78835e-19 9.20696e-18 -3.78835e-19 4.24908e-33
Plastic strain_mean -4.85713e-18 0.000183292 0 0.000183292 4.85713e-18 0 0 0 0
Plastic strain_rate_mean 0 0 0 0 0 0 0 0 0
Dissipation 0.00342172
End step 21
Begin step 22
Stress 6.41251e-13 103.37 2.60516e-12 103.37 -7.1545e-13 -1.07556e-12 2.60516e-12 -1.07556e-12 -2.22797e-14
Strain 0 0.000733333 0 0.000733333 0 0 0 0 0
Strain mean -1.48202e-19 0.000733333 1.30258e-17 0.000733333 2.15463e-33 -5.37779e-18 1.30258e-17 -5.37779e-18 -3.01829e-33
Plastic strain_mean -3.46585e-18 0.000216484 0 0.000216484 3.46585e-18 0 0 0 0
Plastic strain_rate_mean 0 0 0 0 0 0 0 0 0
Dissipation 0.00342871
End step 22
Begin step 23
Stress 6.60578e-13 103.395 2.33241e-12 103.395 -6.11131e-13 -8.86176e-13 2.33241e-12 -8.86176e-13 1.48473e-14
Strain 0 0.000766667 0 0.000766667 0 0 0 0 0
Strain mean 9.87624e-20 0.000766667 1.1662e-17 0.000766667 -1.9801e-33 -4.43088e-18 1.1662e-17 -4.43088e-18 -2.98218e-33
Plastic strain_mean -3.12989e-18 0.000249692 0 0.000249692 3.12989e-18 0 0 0 0
Plastic strain_rate_mean 0 0 0 0 0 0 0 0 0
Dissipation 0.00343103
End step 23
Begin step 24
Stress 5.23842e-13 103.419 2.07966e-12 103.419 -5.9237e-13 -7.12503e-13 2.07966e-12 -7.12503e-13 -2.05766e-14
Strain 0 0.0008 0 0.0008 0 0 0 0 0
Strain mean -1.36873e-19 0.0008 1.03983e-17 0.0008 5.77779e-34 -3.56252e-18 1.03983e-17 -3.56252e-18 -2.65116e-33
Plastic strain_mean -2.85897e-18 0.000282905 0 0.000282905 2.85897e-18 0 0 0 0
Plastic strain_rate_mean 0 0 0 0 0 0 0 0 0
Dissipation 0.00343219
End step 24
Begin step 25
Stress 1.84928e-12 103.442 3.78701e-13 103.442 -1.94035e-12 5.72395e-13 3.78701e-13 5.72395e-13 -2.73452e-14
Strain 0 0.000833333 0 0.000833333 0 0 0 0 0
Strain mean -1.81897e-19 0.000833333 1.8935e-18 0.000833333 2.74445e-32 2.86198e-18 1.8935e-18 2.86198e-18 -4.18288e-34
Plastic strain_mean -9.56501e-18 0.000316121 0 0.000316121 9.56501e-18 0 0 0 0
Plastic strain_rate_mean 0 0 0 0 0 0 0 0 0
Dissipation 0.00343303
End step 25
Begin step 26
Stress 4.25456e-13 103.466 1.69841e-12 103.466 -3.49918e-13 -5.00754e-13 1.69841e-12 -5.00754e-13 2.26814e-14
Strain 0 0.000866667 0 0.000866667 0 0 0 0 0
Strain mean 1.50874e-19 0.000866667 8.49204e-18 0.000866667 -1.1375e-33 -2.50377e-18 8.49204e-18 -2.50377e-18 -2.31713e-33
Plastic strain_mean -1.863e-18 0.000349339 0 0.000349339 1.863e-18 0 0 0 0
Plastic strain_rate_mean 0 0 0 0 0 0 0 0 0
Dissipation 0.00343377
End step 26
Begin step 27
Stress 3.31244e-13 103.488 1.52373e-12 103.488 -3.24729e-13 -4.3395e-13 1.52373e-12 -4.3395e-13 1.95635e-15
Strain 0 0.0009 0 0.0009 0 0 0 0 0
Strain mean 1.30134e-20 0.0009 7.61867e-18 0.0009 1.48357e-33 -2.16975e-18 7.61867e-18 -2.16975e-18 -1.9485e-33
Plastic strain_mean -1.63342e-18 0.000382558 0 0.000382558 1.63342e-18 0 0 0 0
Plastic strain_rate_mean 0 0 0 0 0 0 0 0 0
Dissipation 0.00343447
End step 27
Begin step 28
Stress 3.26273e-13 103.511 1.41796e-12 103.511 -3.23161e-13 -4.02352e-13 1.41796e-12 -4.02352e-13 9.34505e-16
Strain 0 0.000933333 0 0.000933333 0 0 0 0 0
Strain mean 6.21622e-21 0.000933333 7.0898e-18 0.000933333 3.00927e-36 -2.01176e-18 7.0898e-18 -2.01176e-18 -1.51366e-33
Plastic strain_mean -1.62048e-18 0.000415778 0 0.000415778 1.62048e-18 0 0 0 0
Plastic strain_rate_mean 0 0 0 0 0 0 0 0 0
Dissipation 0.00343516
End step 28
Begin step 29
Stress 2.90797e-13 103.534 1.23298e-12 103.534 -2.93444e-13 -3.92383e-13 1.23298e-12 -3.92383e-13 -7.94766e-16
Strain 0 0.000966667 0 0.000966667 0 0 0 0 0
Strain mean -5.28669e-21 0.000966667 6.16489e-18 0.000966667 6.01853e-35 -1.96191e-18 6.16489e-18 -1.96191e-18 -1.27442e-33
Plastic strain_mean -1.46325e-18 0.000448999 0 0.000448999 1.46325e-18 0 0 0 0
Plastic strain_rate_mean 0 0 0 0 0 0 0 0 0
Dissipation 0.00343582
End step 29
Begin step 30
Stress 2.71574e-13 103.556 1.14939e-12 103.556 -2.49352e-13 -3.96096e-13 1.14939e-12 -3.96096e-13 6.67254e-15
Strain 0 0.001 0 0.001 0 0 0 0 0
Strain mean 4.4385e-20 0.001 5.74693e-18 0.001 -6.62038e-34 -1.98048e-18 5.74693e-18 -1.98048e-18 -7.89932e-34
Plastic strain_mean -1.28012e-18 0.00048222 0 0.00048222 1.28012e-18 0 0 0 0
Plastic strain_rate_mean 0 0 0 0 0 0 0 0 0
Dissipation 0.00343648
End step 30
