Begin step 0
Stress 0 0 0 0 0 0 0 0 0
Strain 0 0 0 0 0 0 0 0 0
Strain mean 0 0 0 0 0 0 0 0 0
Plastic strain_mean 0 0 0 0 0 0 0 0 0
Plastic strain_rate_mean 0 0 0 0 0 0 0 0 0
Dissipation 0
End step 0
Begin step 1
Stress 5.92267 -3.3173e-13 8.33599e-12 -3.3173e-13 -1.9607e-13 -3.46483e-12 8.33599e-12 -3.46483e-12 -1.51345e-13
Strain 0.00133333 0 0 0 0 0 0 0 0
Strain mean 0.00133333 1.90398e-11 -4.87014e-15 1.90398e-11 -0.000661093 1.90395e-11 -4.87014e-15 1.90395e-11 -0.000661093
Plastic strain_mean 0.00128452 1.90398e-11 -4.90902e-15 1.90398e-11 -0.000642262 1.90395e-11 -4.90902e-15 1.90395e-11 -0.000642262
Plastic strain_rate_mean 0 0 0 0 0 0 0 0 0
Dissipation 0.000633984
End step 1
Begin step 2
Stress 6.16212 -3.10766e-12 2.16553e-13 -3.10766e-12 -3.04713e-12 -6.67735e-13 2.16553e-13 -6.67735e-13 3.47502e-14
Strain 0.00266667 0 0 0 0 0 0 0 0
Strain mean 0.00266667 1.202e-12 -1.6169e-12 1.202e-12 -0.00132753 1.20158e-12 -1.6169e-12 1.20158e-12 -0.00132753
Plastic strain_mean 0.00261588 1.20201e-12 -1.6169e-12 1.20201e-12 -0.00130794 1.20158e-12 -1.6169e-12 1.20158e-12 -0.00130794
Plastic strain_rate_mean 0 0 0 0 0 0 0 0 0
Dissipation 0.000683667
End step 2
Begin step 3
Stress 6.19362 -1.17693e-12 -2.19313e-12 -1.17693e-12 -4.65401e-13 -1.21035e-12 -2.19313e-12 -1.21035e-12 -5.31251e-14
Strain 0.004 0 0 0 0 0 0 0 0
Strain mean 0.004 5.2865e-13 -1.67787e-12 5.2865e-13 -0.00199417 5.28171e-13 -1.67787e-12 5.28171e-13 -0.00199417
Plastic strain_mean 0.00394896 5.28655e-13 -1.67786e-12 5.28655e-13 -0.00197448 5.28176e-13 -1.67786e-12 5.28176e-13 -0.00197448
Plastic strain_rate_mean 0 0 0 0 0 0 0 0 0
Dissipation 0.000688046
End step 3
Begin step 4
Stress 6.21748 -2.16994e-12 -4.1207e-12 -2.16994e-12 1.49153e-13 2.89205e-12 -4.1207e-12 2.89205e-12 8.06865e-15
Strain 0.00533333 0 0 0 0 0 0 0 0
Strain mean 0.00533333 -6.54862e-12 -1.67629e-12 -6.54862e-12 -0.00266082 -6.54854e-12 -1.67629e-12 -6.54854e-12 -0.00266082
Plastic strain_mean 0.00528209 -6.54861e-12 -1.67627e-12 -6.54861e-12 -0.00264105 -6.54856e-12 -1.67627e-12 -6.54856e-12 -0.00264105
Plastic strain_rate_mean 0 0 0 0 0 0 0 0 0
Dissipation 0.000690729
End step 4
Begin step 5
Stress 6.24106 -8.59665e-13 2.40272e-11 -8.59665e-13 3.48988e-14 1.18616e-11 2.40272e-11 1.18616e-11 8.92092e-13
Strain 0.00666667 0 0 0 0 0 0 0 0
Strain mean 0.00666667 -6.83096e-12 -1.67568e-12 -6.83096e-12 -0.00332746 -6.8295e-12 -1.67568e-12 -6.8295e-12 -0.00332746
Plastic strain_mean 0.00661523 -6.83096e-12 -1.67579e-12 -6.83096e-12 -0.00330762 -6.82956e-12 -1.67579e-12 -6.82956e-12 -0.00330762
Plastic strain_rate_mean 0 0 0 0 0 0 0 0 0
Dissipation 0.00069335
End step 5
Begin step 6
Stress 6.26463 6.31556e-14 4.11716e-12 6.31556e-14 2.63404e-13 -4.23851e-12 4.11716e-12 -4.23851e-12 -1.34143e-13
Strain 0.008 0 0 0 0 0 0 0 0
Strain mean 0.008 -6.84105e-12 -1.67538e-12 -6.84105e-12 -0.0039941 -6.84014e-12 -1.67538e-12 -6.84014e-12 -0.0039941
Plastic strain_mean 0.00794837 -6.84105e-12 -1.6754e-12 -6.84105e-12 -0.00397419 -6.84012e-12 -1.6754e-12 -6.84012e-12 -0.00397419
Plastic strain_rate_mean 0 0 0 0 0 0 0 0 0
Dissipation 0.000695969
End step 6
Begin step 7
Stress 6.2882 1.04541e-12 -1.60003e-11 1.04541e-12 4.70379e-13 -2.03747e-11 -1.60003e-11 -2.03747e-11 -1.13738e-12
Strain 0.00933333 0 0 0 0 0 0 0 0
Strain mean 0.00933333 -6.85114e-12 -1.67508e-12 -6.85114e-12 -0.00466075 -6.85077e-12 -1.67508e-12 -6.85077e-12 -0.00466075
Plastic strain_mean 0.00928151 -6.85114e-12 -1.67501e-12 -6.85114e-12 -0.00464076 -6.85068e-12 -1.67501e-12 -6.85068e-12 -0.00464076
Plastic strain_rate_mean 0 0 0 0 0 0 0 0 0
Dissipation 0.000698587
End step 7
Begin step 8
Stress 6.31177 2.01094e-12 -3.59649e-11 2.01094e-12 4.71853e-13 -3.65195e-11 -3.59649e-11 -3.65195e-11 -2.34459e-12
Strain 0.0106667 0 0 0 0 0 0 0 0
Strain mean 0.0106667 -6.86123e-12 -1.67478e-12 -6.86123e-12 -0.00532739 -6.8614e-12 -1.67478e-12 -6.8614e-12 -0.00532739
Plastic strain_mean 0.0106147 -6.86124e-12 -1.67462e-12 -6.86124e-12 -0.00530733 -6.86123e-12 -1.67462e-12 -6.86123e-12 -0.00530733
Plastic strain_rate_mean 0 0 0 0 0 0 0 0 0
Dissipation 0.000701206
End step 8
Begin step 9
Stress 6.33534 2.73106e-12 -5.61121e-11 2.73106e-12 9.08273e-13 -5.27321e-11 -5.61121e-11 -5.27321e-11 -3.07231e-12
Strain 0.012 0 0 0 0 0 0 0 0
Strain mean 0.012 -6.87132e-12 -1.67449e-12 -6.87132e-12 -0.00599404 -6.87204e-12 -1.67449e-12 -6.87204e-12 -0.00599404
Plastic strain_mean 0.0119478 -6.87133e-12 -1.67423e-12 -6.87133e-12 -0.0059739 -6.87179e-12 -1.67423e-12 -6.87179e-12 -0.0059739
Plastic strain_rate_mean 0 0 0 0 0 0 0 0 0
Dissipation 0.000703824
End step 9
Begin step 10
Stress 6.35891 3.77045e-12 -7.63513e-11 3.77045e-12 8.65573e-13 -6.90233e-11 -7.63513e-11 -6.90233e-11 -4.34066e-12
Strain 0.0133333 0 0 0 0 0 0 0 0
Strain mean 0.0133333 -6.88141e-12 -1.67419e-12 -6.88141e-12 -0.00666068 -6.88267e-12 -1.67419e-12 -6.88267e-12 -0.00666068
Plastic strain_mean 0.0132809 -6.88142e-12 -1.67383e-12 -6.88142e-12 -0.00664046 -6.88235e-12 -1.67383e-12 -6.88235e-12 -0.00664046
Plastic strain_rate_mean 0 0 0 0 0 0 0 0 0
Dissipation 0.000706443
End step 10
Begin step 11
Stress 6.38248 4.62088e-12 -9.66313e-11 4.62088e-12 1.26238e-12 -8.53413e-11 -9.66313e-11 -8.53413e-11 -5.17044e-12
Strain 0.0146667 0 0 0 0 0 0 0 0
Strain mean 0.0146667 -6.8915e-12 -1.67389e-12 -6.8915e-12 -0.00732733 -6.8933e-12 -1.67389e-12 -6.8933e-12 -0.00732733
Plastic strain_mean 0.0146141 -6.89152e-12 -1.67344e-12 -6.89152e-12 -0.00730703 -6.89291e-12 -1.67344e-12 -6.89291e-12 -0.00730703
Plastic strain_rate_mean 0 0 0 0 0 0 0 0 0
Dissipation 0.000709061
End step 11
Begin step 12
Stress 6.40605 5.67606e-12 -1.16932e-10 5.67606e-12 1.2972e-12 -1.01648e-10 -1.16932e-10 -1.01648e-10 -6.3672e-12
Strain 0.016 0 0 0 0 0 0 0 0
Strain mean 0.016 -6.90158e-12 -1.6736e-12 -6.90158e-12 -0.00799397 -6.90394e-12 -1.6736e-12 -6.90394e-12 -0.00799397
Plastic strain_mean 0.0159472 -6.90161e-12 -1.67305e-12 -6.90161e-12 -0.0079736 -6.90346e-12 -1.67305e-12 -6.90346e-12 -0.0079736
Plastic strain_rate_mean 0 0 0 0 0 0 0 0 0
Dissipation 0.00071168
End step 12
Begin step 13
Stress 6.42962 6.47049e-12 -1.3695e-10 6.47049e-12 1.77563e-12 -1.17801e-10 -1.3695e-10 -1.17801e-10 -7.09827e-12
Strain 0.0173333 0 0 0 0 0 0 0 0
Strain mean 0.0173333 -6.91167e-12 -1.6733e-12 -6.91167e-12 -0.00866062 -6.91457e-12 -1.6733e-12 -6.91457e-12 -0.00866062
Plastic strain_mean 0.0172803 -6.9117e-12 -1.67266e-12 -6.9117e-12 -0.00864017 -6.91402e-12 -1.67266e-12 -6.91402e-12 -0.00864017
Plastic strain_rate_mean 0 0 0 0 0 0 0 0 0
Dissipation 0.000714298
End step 13
Begin step 14
Stress 6.45319 -2.647e-12 5.27028e-13 -2.647e-12 3.2288e-13 -6.62847e-12 5.27028e-13 -6.62847e-12 -8.43779e-14
Strain 0.0186667 0 0 0 0 0 0 0 0
Strain mean 0.0186667 -6.91401e-12 -1.67254e-12 -6.91401e-12 -0.00932726 -6.91673e-12 -1.67254e-12 -6.91673e-12 -0.00932726
Plastic strain_mean 0.0186135 -6.914e-12 -1.67254e-12 -6.914e-12 -0.00930674 -6.9167e-12 -1.67254e-12 -6.9167e-12 -0.00930674
Plastic strain_rate_mean 0 0 0 0 0 0 0 0 0
Dissipation 0.000716916
End step 14
Begin step 15
Stress 6.47675 -1.17758e-11 1.38513e-10 -1.17758e-11 -1.13733e-12 1.0441e-10 1.38513e-10 1.0441e-10 6.84745e-12
Strain 0.02 0 0 0 0 0 0 0 0
Strain mean 0.02 -6.91635e-12 -1.67178e-12 -6.91635e-12 -0.0099939 -6.91889e-12 -1.67178e-12 -6.91889e-12 -0.0099939
Plastic strain_mean 0.0199466 -6.9163e-12 -1.67242e-12 -6.9163e-12 -0.00997331 -6.91937e-12 -1.67242e-12 -6.91937e-12 -0.00997331
Plastic strain_rate_mean 0 0 0 0 0 0 0 0 0
Dissipation 0.000719535
End step 15
