Begin step 0
Stress 0 0 0 0 0 0 0 0 0
Strain 0 0 0 0 0 0 0 0 0
Strain mean 0 0 0 0 0 0 0 0 0
Plastic strain_mean 0 0 0 0 0 0 0 0 0
Plastic strain_rate_mean 0 0 0 0 0 0 0 0 0
Dissipation 0
End step 0
Begin step 1
Stress 2.97645e-15 6.65596 2.79593e-12 6.65596 -5.25792e-15 -1.2841e-12 2.79593e-12 -1.2841e-12 -6.85049e-16
Strain 0 3.33333e-05 0 3.33333e-05 0 0 0 0 0
Strain mean -4.55687e-21 3.33333e-05 1.39796e-17 3.33333e-05 -7.63037e-33 -6.42052e-18 1.39796e-17 -6.42052e-18 3.66905e-33
Plastic strain_mean -2.28644e-20 5.35465e-08 0 5.35465e-08 2.28644e-20 0 0 0 0
Plastic strain_rate_mean 0 0 0 0 0 0 0 0 0
Dissipation 3.56402e-07
End step 1
Begin step 2
Stress 4.28392e-14 13.3011 4.02791e-12 13.3011 -4.3301e-14 -3.82053e-12 4.02791e-12 -3.82053e-12 -1.38647e-16
Strain 0 6.66667e-05 0 6.66667e-05 0 0 0 0 0
Strain mean -9.22267e-22 6.66667e-05 2.01396e-17 6.66667e-05 1.2326e-32 -1.91026e-17 2.01396e-17 -1.91026e-17 2.75649e-33
Plastic strain_mean -2.15812e-19 1.61047e-07 0 1.61047e-07 2.15812e-19 0 0 0 0
Plastic strain_rate_mean 0 0 0 0 0 0 0 0 0
Dissipation 1.42987e-06
End step 2
Begin step 3
Stress 1.13119e-13 19.9353 7.21643e-12 19.9353 -1.15294e-13 -6.90595e-12 7.21643e-12 -6.90595e-12 -6.52844e-16
Strain 0 0.0001 0 0.0001 0 0 0 0 0
Strain mean -4.34264e-21 0.0001 3.60821e-17 0.0001 -5.05557e-32 -3.45298e-17 3.60821e-17 -3.45298e-17 5.45279e-33
Plastic strain_mean -5.73204e-19 3.23425e-07 0 3.23425e-07 5.73204e-19 0 0 0 0
Plastic strain_rate_mean 0 0 0 0 0 0 0 0 0
Dissipation 3.23704e-06
End step 3
Begin step 4
Stress 1.29221e-13 26.5582 -4.01933e-12 26.5582 -1.39147e-13 -4.92273e-13 -4.01933e-12 -4.92273e-13 -2.98037e-15
Strain 0 0.000133333 0 0.000133333 0 0 0 0 0
Strain mean -1.98251e-20 0.000133333 -2.00966e-17 0.000133333 -1.2669e-33 -2.46136e-18 -2.00966e-17 -2.46136e-18 -5.59723e-34
Plastic strain_mean -6.80832e-19 5.42174e-07 0 5.42174e-07 6.80832e-19 0 0 0 0
Plastic strain_rate_mean 0 0 0 0 0 0 0 0 0
Dissipation 5.80953e-06
End step 4
Begin step 5
Stress 1.42344e-13 33.1694 5.02768e-13 33.1694 -1.18406e-13 -2.60644e-12 5.02768e-13 -2.60644e-12 7.18783e-15
Strain 0 0.000166667 0 0.000166667 0 0 0 0 0
Strain mean 4.78126e-20 0.000166667 2.51384e-18 0.000166667 7.11992e-33 -1.30322e-17 2.51384e-18 -1.30322e-17 4.12269e-33
Plastic strain_mean -6.27969e-19 8.19444e-07 0 8.19444e-07 6.27969e-19 0 0 0 0
Plastic strain_rate_mean 0 0 0 0 0 0 0 0 0
Dissipation 9.19683e-06
End step 5
Begin step 6
Stress 8.80873e-14 39.7684 1.43962e-12 39.7684 -1.04928e-13 -5.73551e-12 1.43962e-12 -5.73551e-12 -5.05681e-15
Strain 0 0.0002 0 0.0002 0 0 0 0 0
Strain mean -3.36373e-20 0.0002 7.19808e-18 0.0002 1.19528e-32 -2.86775e-17 7.19808e-18 -2.86775e-17 8.76449e-33
Plastic strain_mean -4.99358e-19 1.15819e-06 0 1.15819e-06 4.99358e-19 0 0 0 0
Plastic strain_rate_mean 0 0 0 0 0 0 0 0 0
Dissipation 1.34713e-05
End step 6
Begin step 7
Stress 8.90786e-14 46.3542 5.99265e-12 46.3542 -7.94218e-14 -3.31643e-12 5.99265e-12 -3.31643e-12 2.89959e-15
Strain 0 0.000233333 0 0.000233333 0 0 0 0 0
Strain mean 1.92877e-20 0.000233333 2.99632e-17 0.000233333 3.4426e-33 -1.65822e-17 2.99632e-17 -1.65822e-17 2.78658e-33
Plastic strain_mean -4.11607e-19 1.5624e-06 0 1.5624e-06 4.11607e-19 0 0 0 0
Plastic strain_rate_mean 0 0 0 0 0 0 0 0 0
Dissipation 1.87367e-05
End step 7
Begin step 8
Stress 1.31804e-13 52.9258 1.3423e-12 52.9258 -9.32495e-14 2.41403e-13 1.3423e-12 2.41403e-13 1.15765e-14
Strain 0 0.000266667 0 0.000266667 0 0 0 0 0
Strain mean 7.70056e-20 0.000266667 6.71151e-18 0.000266667 -1.43692e-32 1.20701e-18 6.71151e-18 1.20701e-18 -2.57593e-33
Plastic strain_mean -5.2413e-19 2.03745e-06 0 2.03745e-06 5.2413e-19 0 0 0 0
Plastic strain_rate_mean 0 0 0 0 0 0 0 0 0
Dissipation 2.51416e-05
End step 8
Begin step 9
Stress 1.04115e-13 59.4819 -3.10093e-12 59.4819 -9.63202e-14 1.49587e-12 -3.10093e-12 1.49587e-12 2.34063e-15
Strain 0 0.0003 0 0.0003 0 0 0 0 0
Strain mean 1.55696e-20 0.0003 -1.55047e-17 0.0003 -3.85788e-32 7.47937e-18 -1.55047e-17 7.47937e-18 -1.0382e-34
Plastic strain_mean -4.93304e-19 2.59065e-06 0 2.59065e-06 4.93304e-19 0 0 0 0
Plastic strain_rate_mean 0 0 0 0 0 0 0 0 0
Dissipation 3.2905e-05
End step 9
Begin step 10
Stress 8.57317e-14 66.0202 -1.32189e-12 66.0202 -7.37481e-14 6.46025e-13 -1.32189e-12 6.46025e-13 3.59828e-15
Strain 0 0.000333333 0 0.000333333 0 0 0 0 0
Strain mean 2.39354e-20 0.000333333 -6.60943e-18 0.000333333 -1.41797e-32 3.23012e-18 -6.60943e-18 3.23012e-18 -1.85484e-33
Plastic strain_mean -3.86732e-19 3.23231e-06 0 3.23231e-06 3.86732e-19 0 0 0 0
Plastic strain_rate_mean 0 0 0 0 0 0 0 0 0
Dissipation 4.23617e-05
End step 10
Begin step 11
Stress 8.27387e-14 72.5378 6.21238e-12 72.5378 -1.05928e-13 -2.80533e-12 6.21238e-12 -2.80533e-12 -6.96294e-15
Strain 0 0.000366667 0 0.000366667 0 0 0 0 0
Strain mean -4.63167e-20 0.000366667 3.10619e-17 0.000366667 -2.43389e-32 -1.40266e-17 3.10619e-17 -1.40266e-17 6.37062e-33
Plastic strain_mean -4.94825e-19 3.97757e-06 0 3.97757e-06 4.94825e-19 0 0 0 0
Plastic strain_rate_mean 0 0 0 0 0 0 0 0 0
Dissipation 5.40585e-05
End step 11
Begin step 12
Stress 1.50744e-13 79.0299 2.05692e-12 79.0299 -9.51596e-14 -2.8925e-12 2.05692e-12 -2.8925e-12 1.66901e-14
Strain 0 0.0004 0 0.0004 0 0 0 0 0
Strain mean 1.11021e-19 0.0004 1.02846e-17 0.0004 -8.93993e-32 -1.44625e-17 1.02846e-17 -1.44625e-17 -1.94399e-33
Plastic strain_mean -5.59249e-19 4.85041e-06 0 4.85041e-06 5.59249e-19 0 0 0 0
Plastic strain_rate_mean 0 0 0 0 0 0 0 0 0
Dissipation 6.89789e-05
End step 12
Begin step 13
Stress 2.03716e-13 85.4879 4.45498e-12 85.4879 -1.63984e-13 -4.81793e-12 4.45498e-12 -4.81793e-12 1.19302e-14
Strain 0 0.000433333 0 0.000433333 0 0 0 0 0
Strain mean 7.93585e-20 0.000433333 2.22749e-17 0.000433333 2.10889e-32 -2.40897e-17 2.22749e-17 -2.40897e-17 7.42837e-33
Plastic strain_mean -8.79573e-19 5.8938e-06 0 5.8938e-06 8.79573e-19 0 0 0 0
Plastic strain_rate_mean 0 0 0 0 0 0 0 0 0
Dissipation 8.91946e-05
End step 13
Begin step 14
Stress 1.26021e-13 91.8922 4.55249e-12 91.8922 -1.55064e-13 -2.69076e-12 4.55249e-12 -2.69076e-12 -8.72059e-15
Strain 0 0.000466667 0 0.000466667 0 0 0 0 0
Strain mean -5.80084e-20 0.000466667 2.27624e-17 0.000466667 -1.01689e-31 -1.34538e-17 2.27624e-17 -1.34538e-17 2.51575e-33
Plastic strain_mean -7.31719e-19 7.20585e-06 0 7.20585e-06 7.31719e-19 0 0 0 0
Plastic strain_rate_mean 0 0 0 0 0 0 0 0 0
Dissipation 0.000120562
End step 14
Begin step 15
Stress 7.71585e-14 98.1423 2.49355e-12 98.1423 -1.66352e-13 -2.9742e-12 2.49355e-12 -2.9742e-12 -2.67819e-14
Strain 0 0.0005 0 0.0005 0 0 0 0 0
Strain mean -1.7815e-19 0.0005 1.24677e-17 0.0005 2.64815e-33 -1.4871e-17 1.24677e-17 -1.4871e-17 -2.94908e-34
Plastic strain_mean -6.97852e-19 9.28837e-06 0 9.28837e-06 6.97852e-19 0 0 0 0
Plastic strain_rate_mean 0 0 0 0 0 0 0 0 0
Dissipation 0.000204369
End step 15
Begin step 16
Stress -5.05632e-12 100.018 -3.89184e-12 100.018 5.1241e-12 9.60163e-13 -3.89184e-12 9.60163e-13 2.03539e-14
Strain 0 0.000533333 0 0.000533333 0 0 0 0 0
Strain mean 1.35392e-19 0.000533333 -1.94592e-17 0.000533333 3.85186e-34 4.80081e-18 -1.94592e-17 4.80081e-18 -2.64815e-33
Plastic strain_mean 2.55187e-17 3.32453e-05 0 3.32453e-05 -2.55187e-17 0 0 0 0
Plastic strain_rate_mean 0 0 0 0 0 0 0 0 0
Dissipation 0.002396
End step 16
Begin step 17
Stress 4.29001e-13 100.038 -5.45391e-13 100.038 -3.69083e-13 2.73003e-13 -5.45391e-13 2.73003e-13 1.79914e-14
Strain 0 0.000566667 0 0.000566667 0 0 0 0 0
Strain mean 1.19677e-19 0.000566667 -2.72696e-18 0.000566667 2.21482e-33 1.36501e-18 -2.72696e-18 1.36501e-18 2.36528e-33
Plastic strain_mean -1.93537e-18 6.64754e-05 0 6.64754e-05 1.93537e-18 0 0 0 0
Plastic strain_rate_mean 0 0 0 0 0 0 0 0 0
Dissipation 0.00332406
End step 17
Begin step 18
Stress -6.23395e-12 100.059 -7.12167e-12 100.059 6.28177e-12 2.10344e-12 -7.12167e-12 2.10344e-12 1.43582e-14
Strain 0 0.0006 0 0.0006 0 0 0 0 0
Strain mean 9.55091e-20 0.0006 -3.56083e-17 0.0006 1.58889e-33 1.05172e-17 -3.56083e-17 1.05172e-17 3.66754e-35
Plastic strain_mean 3.13371e-17 9.97055e-05 0 9.97055e-05 -3.13371e-17 0 0 0 0
Plastic strain_rate_mean 0 0 0 0 0 0 0 0 0
Dissipation 0.00332465
End step 18
Begin step 19
Stress -4.88281e-12 100.08 -4.74477e-12 100.08 4.86893e-12 7.28091e-13 -4.74477e-12 7.28091e-13 -4.16597e-15
Strain 0 0.000633333 0 0.000633333 0 0 0 0 0
Strain mean -2.77116e-20 0.000633333 -2.37238e-17 0.000633333 -8.57039e-33 3.64045e-18 -2.37238e-17 3.64045e-18 -3.76158e-37
Plastic strain_mean 2.43655e-17 0.000132936 0 0.000132936 -2.43655e-17 0 0 0 0
Plastic strain_rate_mean 0 0 0 0 0 0 0 0 0
Dissipation 0.00332524
End step 19
Begin step 20
Stress -3.87497e-12 100.1 -4.79221e-12 100.1 3.85573e-12 1.29168e-12 -4.79221e-12 1.29168e-12 -5.77734e-15
Strain 0 0.000666667 0 0.000666667 0 0 0 0 0
Strain mean -3.84302e-20 0.000666667 -2.3961e-17 0.000666667 -7.94446e-34 6.45839e-18 -2.3961e-17 6.45839e-18 -1.03444e-36
Plastic strain_mean 1.93075e-17 0.000166166 0 0.000166166 -1.93075e-17 0 0 0 0
Plastic strain_rate_mean 0 0 0 0 0 0 0 0 0
Dissipation 0.00332583
End step 20
Begin step 21
Stress 1.34686e-12 100.121 -3.76972e-13 100.121 -1.33557e-12 -8.58293e-13 -3.76972e-13 -8.58293e-13 3.38867e-15
Strain 0 0.0007 0 0.0007 0 0 0 0 0
Strain mean 2.25411e-20 0.0007 -1.88486e-18 0.0007 -6.9815e-33 -4.29146e-18 -1.88486e-18 -4.29146e-18 -2.35926e-33
Plastic strain_mean -6.69479e-18 0.000199396 0 0.000199396 6.69479e-18 0 0 0 0
Plastic strain_rate_mean 0 0 0 0 0 0 0 0 0
Dissipation 0.00332642
End step 21
Begin step 22
Stress -2.35251e-12 100.141 -2.68127e-12 100.141 2.42508e-12 4.92954e-13 -2.68127e-12 4.92954e-13 2.17906e-14
Strain 0 0.000733333 0 0.000733333 0 0 0 0 0
Strain mean 1.44948e-19 0.000733333 -1.34064e-17 0.000733333 -5.83196e-33 2.46477e-18 -1.34064e-17 2.46477e-18 2.49017e-34
Plastic strain_mean 1.20164e-17 0.000232626 0 0.000232626 -1.20164e-17 0 0 0 0
Plastic strain_rate_mean 0 0 0 0 0 0 0 0 0
Dissipation 0.00332701
End step 22
Begin step 23
Stress 9.77179e-13 100.162 -3.78144e-13 100.162 -8.6601e-13 -2.8432e-13 -3.78144e-13 -2.8432e-13 3.33802e-14
Strain 0 0.000766667 0 0.000766667 0 0 0 0 0
Strain mean 2.22041e-19 0.000766667 -1.89072e-18 0.000766667 -5.87409e-33 -1.4216e-18 -1.89072e-18 -1.4216e-18 -5.46182e-34
Plastic strain_mean -4.49695e-18 0.000265856 0 0.000265856 4.49695e-18 0 0 0 0
Plastic strain_rate_mean 0 0 0 0 0 0 0 0 0
Dissipation 0.0033276
End step 23
Begin step 24
Stress -2.23703e-12 100.183 5.36467e-12 100.183 2.1509e-12 -1.19868e-12 5.36467e-12 -1.19868e-12 -2.58605e-14
Strain 0 0.0008 0 0.0008 0 0 0 0 0
Strain mean -1.72021e-19 0.0008 2.68234e-17 0.0008 2.95871e-32 -5.9934e-18 2.68234e-17 -5.9934e-18 -6.34353e-33
Plastic strain_mean 1.08838e-17 0.000299086 0 0.000299086 -1.08838e-17 0 0 0 0
Plastic strain_rate_mean 0 0 0 0 0 0 0 0 0
Dissipation 0.00332819
End step 24
Begin step 25
Stress 2.98455e-12 100.203 -2.96506e-12 100.203 -3.0582e-12 -2.92529e-13 -2.96506e-12 -2.92529e-13 -2.21137e-14
Strain 0 0.000833333 0 0.000833333 0 0 0 0 0
Strain mean -1.47098e-19 0.000833333 -1.48253e-17 0.000833333 2.84075e-33 -1.46265e-18 -1.48253e-17 -1.46265e-18 4.69445e-34
Plastic strain_mean -1.51804e-17 0.000332317 0 0.000332317 1.51804e-17 0 0 0 0
Plastic strain_rate_mean 0 0 0 0 0 0 0 0 0
Dissipation 0.00332878
End step 25
Begin step 26
Stress -6.96048e-13 100.224 -6.47963e-12 100.224 6.32509e-13 3.02857e-12 -6.47963e-12 3.02857e-12 -1.90788e-14
Strain 0 0.000866667 0 0.000866667 0 0 0 0 0
Strain mean -1.2691e-19 0.000866667 -3.23982e-17 0.000866667 2.68652e-33 1.51428e-17 -3.23982e-17 1.51428e-17 -7.27866e-34
Plastic strain_mean 3.25794e-18 0.000365547 0 0.000365547 -3.25794e-18 0 0 0 0
Plastic strain_rate_mean 0 0 0 0 0 0 0 0 0
Dissipation 0.00332937
End step 26
Begin step 27
Stress 1.12766e-12 100.245 2.45416e-13 100.245 -1.00527e-12 -1.13918e-12 2.45416e-13 -1.13918e-12 3.67514e-14
Strain 0 0.0009 0 0.0009 0 0 0 0 0
Strain mean 2.44466e-19 0.0009 1.22708e-18 0.0009 -1.0713e-33 -5.69592e-18 1.22708e-18 -5.69592e-18 -1.08033e-33
Plastic strain_mean -5.21009e-18 0.000398777 0 0.000398777 5.21009e-18 0 0 0 0
Plastic strain_rate_mean 0 0 0 0 0 0 0 0 0
Dissipation 0.00332996
End step 27
Begin step 28
Stress 2.75626e-12 100.265 6.97032e-12 100.265 -2.72906e-12 -5.30693e-12 6.97032e-12 -5.30693e-12 8.166e-15
Strain 0 0.000933333 0 0.000933333 0 0 0 0 0
Strain mean 5.43193e-20 0.000933333 3.48516e-17 0.000933333 4.35742e-33 -2.65347e-17 3.48516e-17 -2.65347e-17 -1.59491e-33
Plastic strain_mean -1.36861e-17 0.000432007 0 0.000432007 1.36861e-17 0 0 0 0
Plastic strain_rate_mean 0 0 0 0 0 0 0 0 0
Dissipation 0.00333054
End step 28
Begin step 29
Stress 6.82402e-13 100.286 3.51454e-12 100.286 -8.33521e-13 6.30204e-13 3.51454e-12 6.30204e-13 -4.53759e-14
Strain 0 0.000966667 0 0.000966667 0 0 0 0 0
Strain mean -3.01835e-19 0.000966667 1.75727e-17 0.000966667 -3.9301e-33 3.15102e-18 1.75727e-17 3.15102e-18 -8.87733e-34
Plastic strain_mean -3.94072e-18 0.000465238 0 0.000465238 3.94072e-18 0 0 0 0
Plastic strain_rate_mean 0 0 0 0 0 0 0 0 0
Dissipation 0.00333113
End step 29
Begin step 30
Stress -1.13279e-12 100.306 4.10353e-14 100.306 1.16775e-12 6.56734e-12 4.10353e-14 6.56734e-12 1.04979e-14
Strain 0 0.001 0 0.001 0 0 0 0 0
Strain mean 6.98308e-20 0.001 2.05176e-19 0.001 1.48658e-33 3.28367e-17 2.05176e-19 3.28367e-17 8.96761e-34
Plastic strain_mean 5.78627e-18 0.000498468 0 0.000498468 -5.78627e-18 0 0 0 0
Plastic strain_rate_mean 0 0 0 0 0 0 0 0 0
Dissipation 0.00333172
End step 30
