Begin step 0
Stress 0 0 0 0 0 0 0 0 0
Strain 0 0 0 0 0 0 0 0 0
Strain mean 0 0 0 0 0 0 0 0 0
Plastic strain_mean 0 0 0 0 0 0 0 0 0
Plastic strain_rate_mean 0 0 0 0 0 0 0 0 0
Dissipation 0
End step 0
Begin step 1
Stress 5.20905e-16 6.66667 -6.98756e-16 6.66667 2.23528e-16 -4.02363e-18 -6.98756e-16 -4.02363e-18 2.23528e-16
Strain 0 3.33333e-05 0 3.33333e-05 0 0 0 0 0
Strain mean 1.48688e-21 3.33333e-05 -3.49378e-21 3.33333e-05 -5.20156e-37 -2.01181e-23 -3.49378e-21 -2.01181e-23 -1.90724e-36
Plastic strain_mean -3.07439e-28 8.43698e-19 0 8.43698e-19 3.07439e-28 0 0 0 0
Plastic strain_rate_mean 0 0 0 0 0 0 0 0 0
Dissipation 5.62465e-18
End step 1
Begin step 2
Stress -3.6584e-15 13.3333 5.92376e-16 13.3333 -1.5699e-15 1.1095e-16 5.92376e-16 1.1095e-16 -1.56988e-15
Strain 0 6.66667e-05 0 6.66667e-05 0 0 0 0 0
Strain mean -1.04427e-20 6.66667e-05 2.96188e-21 6.66667e-05 -3.99668e-37 5.54751e-22 2.96188e-21 5.54751e-22 2.97547e-37
Plastic strain_mean -7.07536e-26 8.64791e-16 0 8.64791e-16 7.07536e-26 0 0 0 0
Plastic strain_rate_mean 0 0 0 0 0 0 0 0 0
Dissipation 1.15193e-14
End step 2
Begin step 3
Stress 2.43122e-15 20 7.25311e-15 20 1.04462e-15 -1.26729e-16 7.25311e-15 -1.26729e-16 1.04368e-15
Strain 0 0.0001 0 0.0001 0 0 0 0 0
Strain mean 6.94242e-21 0.0001 3.62655e-20 0.0001 2.85645e-36 -6.33643e-22 3.62655e-20 -6.33643e-22 -1.46937e-36
Plastic strain_mean 4.71008e-24 5.06844e-14 0 5.06844e-14 -4.71008e-24 0 0 0 0
Plastic strain_rate_mean 0 0 0 0 0 0 0 0 0
Dissipation 9.96392e-13
End step 3
Begin step 4
Stress -3.24723e-17 26.6667 5.99479e-15 26.6667 -1.11574e-17 -5.95672e-15 5.99479e-15 -5.95672e-15 -1.31005e-17
Strain 0 0.000133333 0 0.000133333 0 0 0 0 0
Strain mean -8.71433e-23 0.000133333 2.99739e-20 0.000133333 2.25695e-36 -2.97836e-20 2.99739e-20 -2.97836e-20 8.78094e-36
Plastic strain_mean 9.71557e-24 9.35364e-13 0 9.35364e-13 -9.71557e-24 0 0 0 0
Plastic strain_rate_mean 0 0 0 0 0 0 0 0 0
Dissipation 2.35914e-11
End step 4
Begin step 5
Stress 9.77615e-15 33.3333 2.87941e-14 33.3333 4.229e-15 1.8619e-14 2.87941e-14 1.8619e-14 4.20527e-15
Strain 0 0.000166667 0 0.000166667 0 0 0 0 0
Strain mean 2.7973e-20 0.000166667 1.4397e-19 0.000166667 -8.58111e-37 9.30951e-20 1.4397e-19 9.30951e-20 -1.70579e-35
Plastic strain_mean 1.1864e-22 9.17461e-12 0 9.17461e-12 -1.1864e-22 0 0 0 0
Plastic strain_rate_mean 0 0 0 0 0 0 0 0 0
Dissipation 2.74642e-10
End step 5
Begin step 6
Stress -9.79925e-15 40 6.73752e-14 40 -5.56569e-15 3.05847e-14 6.73752e-14 3.05847e-14 -4.61357e-15
Strain 0 0.0002 0 0.0002 0 0 0 0 0
Strain mean -3.0689e-20 0.0002 3.36876e-19 0.0002 -6.39469e-36 1.52924e-19 3.36876e-19 1.52924e-19 -2.7248e-35
Plastic strain_mean -4.76059e-21 6.01897e-11 0 6.01897e-11 4.76059e-21 0 0 0 0
Plastic strain_rate_mean 0 0 0 0 0 0 0 0 0
Dissipation 2.0406e-09
End step 6
Begin step 7
Stress 9.25463e-15 46.6666 1.12637e-13 46.6666 7.12106e-15 -1.32125e-14 1.12637e-13 -1.32125e-14 4.91707e-15
Strain 0 0.000233333 0 0.000233333 0 0 0 0 0
Strain mean 3.27078e-20 0.000233333 5.63187e-19 0.000233333 0 -6.60623e-20 5.63187e-19 -6.60623e-20 -2.62605e-35
Plastic strain_mean 1.102e-20 2.98511e-10 0 2.98511e-10 -1.102e-20 0 0 0 0
Plastic strain_rate_mean 0 0 0 0 0 0 0 0 0
Dissipation 1.11216e-08
End step 7
Begin step 8
Stress 2.35129e-14 53.3331 2.5378e-12 53.3331 7.31879e-15 -5.72711e-13 2.5378e-12 -5.72711e-13 9.25772e-15
Strain 0 0.000266667 0 0.000266667 0 0 0 0 0
Strain mean 6.15813e-20 0.000266667 1.2689e-17 0.000266667 7.82409e-35 -2.86356e-18 1.2689e-17 -2.86356e-18 1.11719e-34
Plastic strain_mean -9.69465e-21 1.20438e-09 0 1.20438e-09 9.69465e-21 0 0 0 0
Plastic strain_rate_mean 0 0 0 0 0 0 0 0 0
Dissipation 4.8313e-08
End step 8
Begin step 9
Stress -4.81011e-15 59.9992 3.66736e-12 59.9992 -2.07569e-14 -2.23793e-13 3.66736e-12 -2.23793e-13 -7.67692e-15
Strain 0 0.0003 0 0.0003 0 0 0 0 0
Strain mean -5.1066e-20 0.0003 1.83368e-17 0.0003 5.41668e-34 -1.11897e-18 1.83368e-17 -1.11897e-18 -1.09688e-33
Plastic strain_mean -6.54e-20 4.14577e-09 0 4.14577e-09 6.54e-20 0 0 0 0
Plastic strain_rate_mean 0 0 0 0 0 0 0 0 0
Dissipation 1.76481e-07
End step 9
Begin step 10
Stress 6.24734e-14 66.6642 3.38938e-12 66.6642 -2.7366e-14 7.12744e-13 3.38938e-12 7.12744e-13 1.05416e-14
Strain 0 0.000333333 0 0.000333333 0 0 0 0 0
Strain mean 7.01213e-20 0.000333333 1.69469e-17 0.000333333 -5.29631e-34 3.56372e-18 1.69469e-17 3.56372e-18 -3.09954e-33
Plastic strain_mean -1.89538e-19 1.25796e-08 0 1.25796e-08 1.89538e-19 0 0 0 0
Plastic strain_rate_mean 0 0 0 0 0 0 0 0 0
Dissipation 5.62232e-07
End step 10
Begin step 11
Stress 9.18503e-14 73.3264 1.84818e-12 73.3264 -7.61944e-14 2.12658e-12 1.84818e-12 2.12658e-12 4.70091e-15
Strain 0 0.000366667 0 0.000366667 0 0 0 0 0
Strain mean 3.12699e-20 0.000366667 9.24088e-18 0.000366667 -6.01853e-34 1.06329e-17 9.24088e-18 1.06329e-17 -5.74168e-33
Plastic strain_mean -4.04477e-19 3.44423e-08 0 3.44423e-08 4.04477e-19 0 0 0 0
Plastic strain_rate_mean 0 0 0 0 0 0 0 0 0
Dissipation 1.60312e-06
End step 11
Begin step 12
Stress 1.74844e-13 79.9827 -2.95019e-13 79.9827 -1.2528e-13 3.72081e-12 -2.95019e-13 3.72081e-12 1.48822e-14
Strain 0 0.0004 0 0.0004 0 0 0 0 0
Strain mean 9.89948e-20 0.0004 -1.4751e-18 0.0004 7.94446e-34 1.86041e-17 -1.4751e-18 1.86041e-17 -7.60742e-33
Plastic strain_mean -7.00812e-19 8.65686e-08 0 8.65686e-08 7.00812e-19 0 0 0 0
Plastic strain_rate_mean 0 0 0 0 0 0 0 0 0
Dissipation 4.16919e-06
End step 12
Begin step 13
Stress 1.92774e-13 86.6262 -3.8285e-12 86.6262 -1.97428e-13 2.86104e-12 -3.8285e-12 2.86104e-12 -1.39739e-15
Strain 0 0.000433333 0 0.000433333 0 0 0 0 0
Strain mean -9.29529e-21 0.000433333 -1.91425e-17 0.000433333 7.22224e-33 1.43052e-17 -1.91425e-17 1.43052e-17 -5.95082e-34
Plastic strain_mean -9.80151e-19 2.02335e-07 0 2.02335e-07 9.80151e-19 0 0 0 0
Plastic strain_rate_mean 0 0 0 0 0 0 0 0 0
Dissipation 1.00284e-05
End step 13
Begin step 14
Stress 3.19552e-13 93.2445 -4.1525e-12 93.2445 -2.73421e-13 3.19185e-12 -4.1525e-12 3.19185e-12 1.38516e-14
Strain 0 0.000466667 0 0.000466667 0 0 0 0 0
Strain mean 9.21395e-20 0.000466667 -2.07625e-17 0.000466667 -1.85371e-33 1.59593e-17 -2.07625e-17 1.59593e-17 -2.22686e-34
Plastic strain_mean -1.43636e-18 4.44057e-07 0 4.44057e-07 1.43636e-18 0 0 0 0
Plastic strain_rate_mean 0 0 0 0 0 0 0 0 0
Dissipation 2.25392e-05
End step 14
Begin step 15
Stress 3.86398e-13 99.8157 -4.33706e-12 99.8157 -4.15789e-13 3.4236e-12 -4.33706e-12 3.4236e-12 -8.8254e-15
Strain 0 0.0005 0 0.0005 0 0 0 0 0
Strain mean -5.87055e-20 0.0005 -2.16853e-17 0.0005 -3.98427e-33 1.7118e-17 -2.16853e-17 1.7118e-17 -4.95024e-34
Plastic strain_mean -2.03482e-18 9.21643e-07 0 9.21643e-07 2.03482e-18 0 0 0 0
Plastic strain_rate_mean 0 0 0 0 0 0 0 0 0
Dissipation 4.76703e-05
End step 15
Begin step 16
Stress 5.31571e-13 106.303 -4.39932e-12 106.303 -5.36079e-13 3.22866e-12 -4.39932e-12 3.22866e-12 -1.35372e-15
Strain 0 0.000533333 0 0.000533333 0 0 0 0 0
Strain mean -9.00481e-21 0.000533333 -2.19966e-17 0.000533333 -1.14066e-32 1.61433e-17 -2.19966e-17 1.61433e-17 -1.0081e-34
Plastic strain_mean -2.67363e-18 1.81801e-06 0 1.81801e-06 2.67363e-18 0 0 0 0
Plastic strain_rate_mean 0 0 0 0 0 0 0 0 0
Dissipation 9.52864e-05
End step 16
Begin step 17
Stress 6.67919e-13 112.65 -3.97173e-12 112.65 -6.14778e-13 2.4997e-12 -3.97173e-12 2.4997e-12 1.59565e-14
Strain 0 0.000566667 0 0.000566667 0 0 0 0 0
Strain mean 1.06141e-19 0.000566667 -1.98587e-17 0.000566667 -2.89461e-32 1.24985e-17 -1.98587e-17 1.24985e-17 2.69329e-34
Plastic strain_mean -3.15367e-18 3.41856e-06 0 3.41856e-06 3.15367e-18 0 0 0 0
Plastic strain_rate_mean 0 0 0 0 0 0 0 0 0
Dissipation 0.000180299
End step 17
Begin step 18
Stress 6.31314e-13 118.773 -2.14084e-12 118.773 -6.31401e-13 1.27327e-12 -2.14084e-12 1.27327e-12 -2.62011e-17
Strain 0 0.0006 0 0.0006 0 0 0 0 0
Strain mean -1.74287e-22 0.0006 -1.07042e-17 0.0006 -4.45191e-32 6.36636e-18 -1.07042e-17 6.36636e-18 6.77837e-34
Plastic strain_mean -3.15687e-18 6.13531e-06 0 6.13531e-06 3.15687e-18 0 0 0 0
Plastic strain_rate_mean 0 0 0 0 0 0 0 0 0
Dissipation 0.000322669
End step 18
Begin step 19
Stress 4.56971e-13 124.565 6.57635e-13 124.565 -4.61334e-13 2.38666e-13 6.57635e-13 2.38666e-13 -1.31005e-15
Strain 0 0.000633333 0 0.000633333 0 0 0 0 0
Strain mean -8.71433e-21 0.000633333 3.28818e-18 0.000633333 3.30959e-32 1.19333e-18 3.28818e-18 1.19333e-18 -1.00472e-33
Plastic strain_mean -2.30012e-18 1.05074e-05 0 1.05074e-05 2.30012e-18 0 0 0 0
Plastic strain_rate_mean 0 0 0 0 0 0 0 0 0
Dissipation 0.00054459
End step 19
Begin step 20
Stress 1.97583e-12 129.902 1.27659e-12 129.902 -2.0159e-12 8.63682e-12 1.27659e-12 8.63682e-12 -1.20307e-14
Strain 0 0.000666667 0 0.000666667 0 0 0 0 0
Strain mean -8.00266e-20 0.000666667 6.38293e-18 0.000666667 7.84816e-33 4.31841e-17 6.38293e-18 4.31841e-17 5.36853e-33
Plastic strain_mean -1.00193e-17 1.71549e-05 0 1.71549e-05 1.00193e-17 0 0 0 0
Plastic strain_rate_mean 0 0 0 0 0 0 0 0 0
Dissipation 0.000863486
End step 20
Begin step 21
Stress 1.33535e-12 134.665 -8.17114e-13 134.665 -1.37149e-12 1.21118e-12 -8.17114e-13 1.21118e-12 -1.08516e-14
Strain 0 0.0007 0 0.0007 0 0 0 0 0
Strain mean -7.21837e-20 0.0007 -4.08557e-18 0.0007 8.52224e-33 6.0559e-18 -4.08557e-18 6.0559e-18 -3.84622e-33
Plastic strain_mean -6.80319e-18 2.66765e-05 0 2.66765e-05 6.80319e-18 0 0 0 0
Plastic strain_rate_mean 0 0 0 0 0 0 0 0 0
Dissipation 0.00128211
End step 21
Begin step 22
Stress 9.14962e-13 138.764 -3.63416e-13 138.764 -8.89569e-13 -1.72991e-12 -3.63416e-13 -1.72991e-12 7.62452e-15
Strain 0 0.000733333 0 0.000733333 0 0 0 0 0
Strain mean 5.07174e-20 0.000733333 -1.81708e-18 0.000733333 1.05926e-33 -8.64954e-18 -1.81708e-18 -8.64954e-18 -5.56112e-33
Plastic strain_mean -4.48597e-18 3.95145e-05 0 3.95145e-05 4.48597e-18 0 0 0 0
Plastic strain_rate_mean 0 0 0 0 0 0 0 0 0
Dissipation 0.00178125
End step 22
Begin step 23
Stress 3.22508e-13 142.164 2.64521e-13 142.164 -3.18669e-13 5.64941e-13 2.64521e-13 5.64941e-13 1.15285e-15
Strain 0 0.000766667 0 0.000766667 0 0 0 0 0
Strain mean 7.66861e-21 0.000766667 1.32261e-18 0.000766667 -1.73334e-33 2.8247e-18 1.32261e-18 2.8247e-18 -5.29029e-33
Plastic strain_mean -1.59911e-18 5.58482e-05 0 5.58482e-05 1.59911e-18 0 0 0 0
Plastic strain_rate_mean 0 0 0 0 0 0 0 0 0
Dissipation 0.00232169
End step 23
Begin step 24
Stress -3.29822e-13 144.887 2.98764e-13 144.887 3.90773e-13 5.71521e-13 2.98764e-13 5.71521e-13 1.83015e-14
Strain 0 0.0008 0 0.0008 0 0 0 0 0
Strain mean 1.21739e-19 0.0008 1.49382e-18 0.0008 7.27039e-33 2.8576e-18 1.49382e-18 2.8576e-18 -3.33126e-33
Plastic strain_mean 1.86236e-18 7.55652e-05 0 7.55652e-05 -1.86236e-18 0 0 0 0
Plastic strain_rate_mean 0 0 0 0 0 0 0 0 0
Dissipation 0.00285614
End step 24
Begin step 25
Stress 3.62066e-13 147.003 1.66724e-12 147.003 -4.04735e-13 2.18972e-12 1.66724e-12 2.18972e-12 -1.28123e-14
Strain 0 0.000833333 0 0.000833333 0 0 0 0 0
Strain mean -8.52262e-20 0.000833333 8.33618e-18 0.000833333 -2.21e-32 1.09486e-17 8.33618e-18 1.09486e-17 2.19977e-33
Plastic strain_mean -1.95962e-18 9.83194e-05 0 9.83194e-05 1.95962e-18 0 0 0 0
Plastic strain_rate_mean 0 0 0 0 0 0 0 0 0
Dissipation 0.00334404
End step 25
Begin step 26
Stress -7.03595e-13 148.607 3.22825e-12 148.607 6.49335e-13 5.65102e-12 3.22825e-12 5.65102e-12 -1.62927e-14
Strain 0 0.000866667 0 0.000866667 0 0 0 0 0
Strain mean -1.08377e-19 0.000866667 1.61412e-17 0.000866667 2.03186e-31 2.82551e-17 1.61412e-17 2.82551e-17 -3.2327e-33
Plastic strain_mean 3.32814e-18 0.000123634 0 0.000123634 -3.32814e-18 0 0 0 0
Plastic strain_rate_mean 0 0 0 0 0 0 0 0 0
Dissipation 0.00376064
End step 26
Begin step 27
Stress 3.69398e-13 149.8 -1.10769e-12 149.8 -4.25302e-13 -1.23387e-12 -1.10769e-12 -1.23387e-12 -1.67862e-14
Strain 0 0.0009 0 0.0009 0 0 0 0 0
Strain mean -1.1166e-19 0.0009 -5.53847e-18 0.0009 -1.01593e-32 -6.16933e-18 -5.53847e-18 -6.16933e-18 -2.25996e-33
Plastic strain_mean -2.04258e-18 0.000151 0 0.000151 2.04258e-18 0 0 0 0
Plastic strain_rate_mean 0 0 0 0 0 0 0 0 0
Dissipation 0.0040979
End step 27
Begin step 28
Stress -2.98504e-12 150.677 6.91378e-14 150.677 2.9659e-12 4.07849e-12 6.91378e-14 4.07849e-12 -5.74677e-15
Strain 0 0.000933333 0 0.000933333 0 0 0 0 0
Strain mean -3.82269e-20 0.000933333 3.45689e-19 0.000933333 -2.76371e-32 2.03925e-17 3.45689e-19 2.03925e-17 5.43473e-33
Plastic strain_mean 1.48582e-17 0.000179949 0 0.000179949 -1.48582e-17 0 0 0 0
Plastic strain_rate_mean 0 0 0 0 0 0 0 0 0
Dissipation 0.00435998
End step 28
Begin step 29
Stress -2.72132e-12 151.317 3.12532e-13 151.317 2.72022e-12 8.72853e-13 3.12532e-13 8.72853e-13 -3.3188e-16
Strain 0 0.000966667 0 0.000966667 0 0 0 0 0
Strain mean -2.20763e-21 0.000966667 1.56266e-18 0.000966667 1.30963e-32 4.36426e-18 1.56266e-18 4.36426e-18 2.60076e-33
Plastic strain_mean 1.36028e-17 0.000210084 0 0.000210084 -1.36028e-17 0 0 0 0
Plastic strain_rate_mean 0 0 0 0 0 0 0 0 0
Dissipation 0.00455754
End step 29
Begin step 30
Stress 1.73197e-12 151.782 1.47489e-13 151.782 -1.72638e-12 -2.63387e-13 1.47489e-13 -2.63387e-13 1.67687e-15
Strain 0 0.001 0 0.001 0 0 0 0 0
Strain mean 1.11543e-20 0.001 7.37445e-19 0.001 3.10556e-33 -1.31694e-18 7.37445e-19 -1.31694e-18 -1.66111e-33
Plastic strain_mean -8.64029e-18 0.000241089 0 0.000241089 8.64029e-18 0 0 0 0
Plastic strain_rate_mean 0 0 0 0 0 0 0 0 0
Dissipation 0.00470321
End step 30
