Begin step 0
Stress 0 0 0 0 0 0 0 0 0
Strain 0 0 0 0 0 0 0 0 0
Strain mean 0 0 0 0 0 0 0 0 0
Plastic strain_mean 0 0 0 0 0 0 0 0 0
Plastic strain_rate_mean 0 0 0 0 0 0 0 0 0
Dissipation 0
End step 0
Begin step 1
Stress 4.18971e-13 22.8361 -6.56061e-14 22.8361 -3.85347e-13 1.28277e-12 -6.56061e-14 1.28277e-12 1.00962e-14
Strain 0 0.000333333 0 0.000333333 0 0 0 0 0
Strain mean 6.71584e-20 0.000333333 -3.28031e-19 0.000333333 5.51297e-33 6.41386e-18 -3.28031e-19 6.41386e-18 1.84167e-33
Plastic strain_mean -1.97721e-18 0.000219153 0 0.000219153 1.97721e-18 0 0 0 0
Plastic strain_rate_mean 0 0 0 0 0 0 0 0 0
Dissipation 0.0049887
End step 1
Begin step 2
Stress 3.48398e-13 30.7359 1.6348e-12 30.7359 -2.68934e-13 -2.10579e-12 1.6348e-12 -2.10579e-12 2.38605e-14
Strain 0 0.000666667 0 0.000666667 0 0 0 0 0
Strain mean 1.58717e-19 0.000666667 8.17399e-18 0.000666667 -1.10741e-33 -1.05289e-17 8.17399e-18 -1.05289e-17 1.62839e-33
Plastic strain_mean -1.46397e-18 0.000512987 0 0.000512987 1.46397e-18 0 0 0 0
Plastic strain_rate_mean 0 0 0 0 0 0 0 0 0
Dissipation 0.0089834
End step 2
Begin step 3
Stress -3.22409e-13 33.5417 -9.67578e-13 33.5417 3.93147e-13 1.5508e-12 -9.67578e-13 1.5508e-12 2.12403e-14
Strain 0 0.001 0 0.001 0 0 0 0 0
Strain mean 1.41288e-19 0.001 -4.83789e-18 0.001 -2.92501e-33 7.75402e-18 -4.83789e-18 7.75402e-18 1.3143e-33
Plastic strain_mean 1.85953e-18 0.000832291 0 0.000832291 -1.85953e-18 0 0 0 0
Plastic strain_rate_mean 0 0 0 0 0 0 0 0 0
Dissipation 0.0106293
End step 3
Begin step 4
Stress 2.04294e-12 34.6073 2.318e-13 34.6073 -1.9939e-12 3.49202e-12 2.318e-13 3.49202e-12 1.4725e-14
Strain 0 0.00133333 0 0.00133333 0 0 0 0 0
Strain mean 9.79491e-20 0.00133333 1.159e-18 0.00133333 -3.12964e-33 1.74601e-17 1.159e-18 1.74601e-17 -1.48507e-33
Plastic strain_mean -1.00431e-17 0.0011603 0 0.0011603 1.00431e-17 0 0 0 0
Plastic strain_rate_mean 0 0 0 0 0 0 0 0 0
Dissipation 0.0112407
End step 4
Begin step 5
Stress 1.23154e-12 35.0764 -7.83591e-13 35.0764 -1.10798e-12 -2.46025e-12 -7.83591e-13 -2.46025e-12 3.71007e-14
Strain 0 0.00166667 0 0.00166667 0 0 0 0 0
Strain mean 2.4679e-19 0.00166667 -3.91795e-18 0.00166667 3.79167e-33 -1.23012e-17 -3.91795e-18 -1.23012e-17 2.32616e-33
Plastic strain_mean -5.72539e-18 0.00149128 0 0.00149128 5.72539e-18 0 0 0 0
Plastic strain_rate_mean 0 0 0 0 0 0 0 0 0
Dissipation 0.0114723
End step 5
Begin step 6
Stress -5.20789e-13 35.3394 4.47766e-13 35.3394 5.55111e-13 -8.17943e-13 4.47766e-13 -8.17943e-13 1.03058e-14
Strain 0 0.002 0 0.002 0 0 0 0 0
Strain mean 6.85527e-20 0.002 2.23883e-18 0.002 1.67315e-33 -4.08972e-18 2.23883e-18 -4.08972e-18 -4.58913e-34
Plastic strain_mean 2.72403e-18 0.0018233 0 0.0018233 -2.72403e-18 0 0 0 0
Plastic strain_rate_mean 0 0 0 0 0 0 0 0 0
Dissipation 0.0115713
End step 6
Begin step 7
Stress -3.58073e-13 35.5301 9.56e-13 35.5301 3.44257e-13 -1.42998e-12 9.56e-13 -1.42998e-12 -4.14851e-15
Strain 0 0.00233333 0 0.00233333 0 0 0 0 0
Strain mean -2.75954e-20 0.00233333 4.78e-18 0.00233333 1.56482e-34 -7.14988e-18 4.78e-18 -7.14988e-18 -2.96413e-34
Plastic strain_mean 1.74203e-18 0.00215568 0 0.00215568 -1.74203e-18 0 0 0 0
Plastic strain_rate_mean 0 0 0 0 0 0 0 0 0
Dissipation 0.0116248
End step 7
Begin step 8
Stress -2.53588e-13 35.6942 -4.69859e-12 35.6942 5.31625e-13 1.44188e-12 -4.69859e-12 1.44188e-12 8.34854e-14
Strain 0 0.00266667 0 0.00266667 0 0 0 0 0
Strain mean 5.55335e-19 0.00266667 -2.3493e-17 0.00266667 -7.47502e-33 7.2094e-18 -2.3493e-17 7.2094e-18 -2.54283e-34
Plastic strain_mean 2.2407e-18 0.0024882 0 0.0024882 -2.2407e-18 0 0 0 0
Plastic strain_rate_mean 0 0 0 0 0 0 0 0 0
Dissipation 0.011663
End step 8
Begin step 9
Stress 1.20475e-12 35.8475 -4.94988e-12 35.8475 -1.04201e-12 1.079e-12 -4.94988e-12 1.079e-12 4.8865e-14
Strain 0 0.003 0 0.003 0 0 0 0 0
Strain mean 3.25045e-19 0.003 -2.47494e-17 0.003 -1.90186e-33 5.39498e-18 -2.47494e-17 5.39498e-18 -4.00232e-34
Plastic strain_mean -5.45436e-18 0.00282076 0 0.00282076 5.45436e-18 0 0 0 0
Plastic strain_rate_mean 0 0 0 0 0 0 0 0 0
Dissipation 0.011696
End step 9
Begin step 10
Stress 1.9127e-12 35.9957 -4.54649e-12 35.9957 -1.67658e-12 -3.60212e-13 -4.54649e-12 -3.60212e-13 7.09001e-14
Strain 0 0.00333333 0 0.00333333 0 0 0 0 0
Strain mean 4.7162e-19 0.00333333 -2.27324e-17 0.00333333 -1.92593e-33 -1.80106e-18 -2.27324e-17 -1.80106e-18 -1.11343e-34
Plastic strain_mean -8.7374e-18 0.00315335 0 0.00315335 8.7374e-18 0 0 0 0
Plastic strain_rate_mean 0 0 0 0 0 0 0 0 0
Dissipation 0.0117274
End step 10
Begin step 11
Stress 1.98108e-12 36.1408 -4.61113e-12 36.1408 -2.00808e-12 -7.5287e-13 -4.61113e-12 -7.5287e-13 -8.10487e-15
Strain 0 0.00366667 0 0.00366667 0 0 0 0 0
Strain mean -5.39127e-20 0.00366667 -2.30557e-17 0.00366667 3.85186e-34 -3.76435e-18 -2.30557e-17 -3.76435e-18 -4.99538e-34
Plastic strain_mean -9.99985e-18 0.00348596 0 0.00348596 9.99985e-18 0 0 0 0
Plastic strain_rate_mean 0 0 0 0 0 0 0 0 0
Dissipation 0.0117583
End step 11
Begin step 12
Stress 2.01073e-12 36.2834 -4.40055e-12 36.2834 -2.29089e-12 -8.98039e-13 -4.40055e-12 -8.98039e-13 -8.4123e-14
Strain 0 0.004 0 0.004 0 0 0 0 0
Strain mean -5.59576e-19 0.004 -2.20027e-17 0.004 -2.43149e-33 -4.4902e-18 -2.20027e-17 -4.4902e-18 -1.20371e-35
Plastic strain_mean -1.10338e-17 0.00381858 0 0.00381858 1.10338e-17 0 0 0 0
Plastic strain_rate_mean 0 0 0 0 0 0 0 0 0
Dissipation 0.011789
End step 12
Begin step 13
Stress 2.0418e-12 36.4241 -4.15883e-12 36.4241 -2.50439e-12 -1.0365e-12 -4.15883e-12 -1.0365e-12 -1.38901e-13
Strain 0 0.00433333 0 0.00433333 0 0 0 0 0
Strain mean -9.23951e-19 0.00433333 -2.07941e-17 0.00433333 1.15556e-33 -5.18252e-18 -2.07941e-17 -5.18252e-18 -1.26389e-34
Plastic strain_mean -1.18275e-17 0.00415121 0 0.00415121 1.18275e-17 0 0 0 0
Plastic strain_rate_mean 0 0 0 0 0 0 0 0 0
Dissipation 0.0118196
End step 13
Begin step 14
Stress 2.35372e-12 36.563 -3.69898e-12 36.563 -2.52381e-12 -1.22545e-12 -3.69898e-12 -1.22545e-12 -5.10746e-14
Strain 0 0.00466667 0 0.00466667 0 0 0 0 0
Strain mean -3.39743e-19 0.00466667 -1.84949e-17 0.00466667 -3.77964e-33 -6.12726e-18 -1.84949e-17 -6.12726e-18 2.40741e-35
Plastic strain_mean -1.23637e-17 0.00448385 0 0.00448385 1.23637e-17 0 0 0 0
Plastic strain_rate_mean 0 0 0 0 0 0 0 0 0
Dissipation 0.0118501
End step 14
Begin step 15
Stress 2.21579e-12 36.7001 -3.60006e-12 36.7001 -2.65127e-12 -1.46395e-12 -3.60006e-12 -1.46395e-12 -1.30761e-13
Strain 0 0.005 0 0.005 0 0 0 0 0
Strain mean -8.69806e-19 0.005 -1.80003e-17 0.005 -1.01593e-32 -7.31973e-18 -1.80003e-17 -7.31973e-18 -9.62965e-34
Plastic strain_mean -1.26025e-17 0.0048165 0 0.0048165 1.26025e-17 0 0 0 0
Plastic strain_rate_mean 0 0 0 0 0 0 0 0 0
Dissipation 0.0118807
End step 15
Begin step 16
Stress 2.84656e-12 36.8358 -3.07429e-12 36.8358 -2.46972e-12 -1.65608e-12 -3.07429e-12 -1.65608e-12 1.13154e-13
Strain 0 0.00533333 0 0.00533333 0 0 0 0 0
Strain mean 7.52686e-19 0.00533333 -1.53714e-17 0.00533333 -1.85371e-33 -8.2804e-18 -1.53714e-17 -8.2804e-18 -7.70372e-34
Plastic strain_mean -1.29144e-17 0.00514915 0 0.00514915 1.29144e-17 0 0 0 0
Plastic strain_rate_mean 0 0 0 0 0 0 0 0 0
Dissipation 0.0119111
End step 16
Begin step 17
Stress 2.15179e-12 36.97 -2.9096e-12 36.97 -2.67651e-12 -1.83176e-12 -2.9096e-12 -1.83176e-12 -1.57556e-13
Strain 0 0.00566667 0 0.00566667 0 0 0 0 0
Strain mean -1.04804e-18 0.00566667 -1.4548e-17 0.00566667 1.85371e-33 -9.15878e-18 -1.4548e-17 -9.15878e-18 -3.12964e-34
Plastic strain_mean -1.25948e-17 0.00548182 0 0.00548182 1.25948e-17 0 0 0 0
Plastic strain_rate_mean 0 0 0 0 0 0 0 0 0
Dissipation 0.0119414
End step 17
Begin step 18
Stress 2.53085e-12 37.1029 -2.70626e-12 37.1029 -2.4102e-12 -1.93793e-12 -2.70626e-12 -1.93793e-12 3.62274e-14
Strain 0 0.006 0 0.006 0 0 0 0 0
Strain mean 2.4098e-19 0.006 -1.35313e-17 0.006 -8.3778e-33 -9.68967e-18 -1.35313e-17 -9.68967e-18 7.10187e-34
Plastic strain_mean -1.22321e-17 0.00581449 0 0.00581449 1.22321e-17 0 0 0 0
Plastic strain_rate_mean 0 0 0 0 0 0 0 0 0
Dissipation 0.0119716
End step 18
Begin step 19
Stress 2.19269e-12 37.2345 -2.4023e-12 37.2345 -2.25644e-12 -2.00179e-12 -2.4023e-12 -2.00179e-12 -1.91443e-14
Strain 0 0.00633333 0 0.00633333 0 0 0 0 0
Strain mean -1.27345e-19 0.00633333 -1.20115e-17 0.00633333 -4.11668e-33 -1.00089e-17 -1.20115e-17 -1.00089e-17 -1.68519e-34
Plastic strain_mean -1.11865e-17 0.00614716 0 0.00614716 1.11865e-17 0 0 0 0
Plastic strain_rate_mean 0 0 0 0 0 0 0 0 0
Dissipation 0.0120017
End step 19
Begin step 20
Stress 1.64546e-12 37.3649 -2.10457e-12 37.3649 -2.07989e-12 -2.00422e-12 -2.10457e-12 -2.00422e-12 -1.30446e-13
Strain 0 0.00666667 0 0.00666667 0 0 0 0 0
Strain mean -8.67715e-19 0.00666667 -1.05228e-17 0.00666667 8.1852e-34 -1.00211e-17 -1.05228e-17 -1.00211e-17 6.50001e-34
Plastic strain_mean -9.74723e-18 0.00647984 0 0.00647984 9.74723e-18 0 0 0 0
Plastic strain_rate_mean 0 0 0 0 0 0 0 0 0
Dissipation 0.0120317
End step 20
Begin step 21
Stress 1.81437e-12 37.4942 -1.85359e-12 37.4942 -1.55375e-12 -1.84945e-12 -1.85359e-12 -1.84945e-12 7.82539e-14
Strain 0 0.007 0 0.007 0 0 0 0 0
Strain mean 5.20536e-19 0.007 -9.26795e-18 0.007 6.74075e-34 -9.24725e-18 -9.26795e-18 -9.24725e-18 -9.75002e-34
Plastic strain_mean -8.16004e-18 0.00681253 0 0.00681253 8.16004e-18 0 0 0 0
Plastic strain_rate_mean 0 0 0 0 0 0 0 0 0
Dissipation 0.0120616
End step 21
Begin step 22
Stress 1.17159e-12 37.6224 -1.8562e-12 37.6224 -1.51534e-12 -9.75023e-13 -1.8562e-12 -9.75023e-13 -1.03215e-13
Strain 0 0.00733333 0 0.00733333 0 0 0 0 0
Strain mean -6.86573e-19 0.00733333 -9.28101e-18 0.00733333 3.75556e-33 -4.87511e-18 -9.28101e-18 -4.87511e-18 -4.63427e-34
Plastic strain_mean -7.06062e-18 0.00714522 0 0.00714522 7.06062e-18 0 0 0 0
Plastic strain_rate_mean 0 0 0 0 0 0 0 0 0
Dissipation 0.0120914
End step 22
Begin step 23
Stress 9.3134e-13 37.7497 -1.7695e-12 37.7497 -1.13634e-12 9.51791e-13 -1.7695e-12 9.51791e-13 -6.15551e-14
Strain 0 0.00766667 0 0.00766667 0 0 0 0 0
Strain mean -4.09457e-19 0.00766667 -8.84749e-18 0.00766667 4.9352e-34 4.75896e-18 -8.84749e-18 4.75896e-18 -3.61112e-34
Plastic strain_mean -5.37393e-18 0.00747792 0 0.00747792 5.37393e-18 0 0 0 0
Plastic strain_rate_mean 0 0 0 0 0 0 0 0 0
Dissipation 0.012121
End step 23
Begin step 24
Stress 2.00239e-12 37.8759 -1.21143e-12 37.8759 -1.22561e-12 -1.47304e-12 -1.21143e-12 -1.47304e-12 2.33242e-13
Strain 0 0.008 0 0.008 0 0 0 0 0
Strain mean 1.5515e-18 0.008 -6.05713e-18 0.008 -2.72038e-33 -7.3652e-18 -6.05713e-18 -7.3652e-18 -3.73149e-34
Plastic strain_mean -7.29426e-18 0.00781062 0 0.00781062 7.29426e-18 0 0 0 0
Plastic strain_rate_mean 0 0 0 0 0 0 0 0 0
Dissipation 0.0121505
End step 24
Begin step 25
Stress 1.4212e-12 38.0014 -1.72618e-12 38.0014 -1.3507e-12 -1.8247e-12 -1.72618e-12 -1.8247e-12 2.11705e-14
Strain 0 0.00833333 0 0.00833333 0 0 0 0 0
Strain mean 1.40824e-19 0.00833333 -8.63091e-18 0.00833333 -1.19167e-33 -9.12351e-18 -8.63091e-18 -9.12351e-18 -5.17594e-34
Plastic strain_mean -6.85934e-18 0.00814333 0 0.00814333 6.85934e-18 0 0 0 0
Plastic strain_rate_mean 0 0 0 0 0 0 0 0 0
Dissipation 0.0121799
End step 25
Begin step 26
Stress 1.43815e-12 38.1259 -1.44601e-12 38.1259 -9.52061e-13 -1.87598e-12 -1.44601e-12 -1.87598e-12 1.45958e-13
Strain 0 0.00866667 0 0.00866667 0 0 0 0 0
Strain mean 9.70893e-19 0.00866667 -7.23003e-18 0.00866667 -4.57408e-34 -9.37988e-18 -7.23003e-18 -9.37988e-18 -6.01853e-34
Plastic strain_mean -5.49009e-18 0.00847604 0 0.00847604 5.49009e-18 0 0 0 0
Plastic strain_rate_mean 0 0 0 0 0 0 0 0 0
Dissipation 0.0122092
End step 26
Begin step 27
Stress 1.46647e-12 38.2497 -9.84595e-13 38.2497 -1.11185e-12 -1.85771e-12 -9.84595e-13 -1.85771e-12 1.06481e-13
Strain 0 0.009 0 0.009 0 0 0 0 0
Strain mean 7.08301e-19 0.009 -4.92297e-18 0.009 -3.85186e-34 -9.28853e-18 -4.92297e-18 -9.28853e-18 -5.53705e-34
Plastic strain_mean -6.09164e-18 0.00880875 0 0.00880875 6.09164e-18 0 0 0 0
Plastic strain_rate_mean 0 0 0 0 0 0 0 0 0
Dissipation 0.0122384
End step 27
Begin step 28
Stress 1.11882e-12 38.3727 -7.6948e-13 38.3727 -7.5768e-13 -1.85164e-12 -7.6948e-13 -1.85164e-12 1.08438e-13
Strain 0 0.00933333 0 0.00933333 0 0 0 0 0
Strain mean 7.21314e-19 0.00933333 -3.8474e-18 0.00933333 3.97223e-34 -9.25818e-18 -3.8474e-18 -9.25818e-18 4.57408e-34
Plastic strain_mean -4.33059e-18 0.00914147 0 0.00914147 4.33059e-18 0 0 0 0
Plastic strain_rate_mean 0 0 0 0 0 0 0 0 0
Dissipation 0.0122675
End step 28
Begin step 29
Stress 3.77311e-13 38.4949 -5.27898e-13 38.4949 -1.1538e-12 -1.7821e-12 -5.27898e-13 -1.7821e-12 -2.33155e-13
Strain 0 0.00966667 0 0.00966667 0 0 0 0 0
Strain mean -1.55092e-18 0.00966667 -2.63949e-18 0.00966667 -2.32315e-33 -8.91049e-18 -2.63949e-18 -8.91049e-18 9.0278e-35
Plastic strain_mean -4.60325e-18 0.00947419 0 0.00947419 4.60325e-18 0 0 0 0
Plastic strain_rate_mean 0 0 0 0 0 0 0 0 0
Dissipation 0.0122964
End step 29
Begin step 30
Stress 1.06681e-12 38.6165 -3.62092e-13 38.6165 -6.01894e-13 -1.75055e-12 -3.62092e-13 -1.75055e-12 1.39599e-13
Strain 0 0.01 0 0.01 0 0 0 0 0
Strain mean 9.28599e-19 0.01 -1.81046e-18 0.01 -9.99076e-34 -8.75274e-18 -1.81046e-18 -8.75274e-18 -1.02315e-34
Plastic strain_mean -3.70747e-18 0.00980692 0 0.00980692 3.70747e-18 0 0 0 0
Plastic strain_rate_mean 0 0 0 0 0 0 0 0 0
Dissipation 0.0123253
End step 30
