Begin step 0
Stress 0 0 0 0 0 0 0 0 0
Strain 0 0 0 0 0 0 0 0 0
Strain mean 0 0 0 0 0 0 0 0 0
Plastic strain_mean 0 0 0 0 0 0 0 0 0
Plastic strain_rate_mean 0 0 0 0 0 0 0 0 0
Dissipation 0
End step 0
Begin step 1
Stress -1.672e-13 65.7228 6.0116e-13 65.7228 1.88055e-13 3.77847e-12 6.0116e-13 3.77847e-12 6.26206e-15
Strain 0 0.000333333 0 0.000333333 0 0 0 0 0
Strain mean 4.16545e-20 0.000333333 3.0058e-18 0.000333333 5.68149e-33 1.88924e-17 3.0058e-18 1.88924e-17 2.8257e-33
Plastic strain_mean 9.08965e-19 4.71944e-06 0 4.71944e-06 -9.08965e-19 0 0 0 0
Plastic strain_rate_mean 0 0 0 0 0 0 0 0 0
Dissipation 0.000310165
End step 1
Begin step 2
Stress -2.33388e-13 103.801 -8.48519e-13 103.801 2.292e-13 1.83527e-12 -8.48519e-13 1.83527e-12 -1.25765e-15
Strain 0 0.000666667 0 0.000666667 0 0 0 0 0
Strain mean -8.36576e-21 0.000666667 -4.2426e-18 0.000666667 1.41435e-33 9.17633e-18 -4.2426e-18 9.17633e-18 6.99654e-34
Plastic strain_mean 1.15229e-18 0.000147662 0 0.000147662 -1.15229e-18 0 0 0 0
Plastic strain_rate_mean 0 0 0 0 0 0 0 0 0
Dissipation 0.0148306
End step 2
Begin step 3
Stress -2.0918e-13 104.995 6.10625e-12 104.995 2.12961e-13 9.79266e-12 6.10625e-12 9.79266e-12 1.13538e-15
Strain 0 0.001 0 0.001 0 0 0 0 0
Strain mean 7.55242e-21 0.001 3.05312e-17 0.001 1.4926e-33 4.89633e-17 3.05312e-17 4.89633e-17 3.80973e-33
Plastic strain_mean 1.05913e-18 0.000475023 0 0.000475023 -1.05913e-18 0 0 0 0
Plastic strain_rate_mean 0 0 0 0 0 0 0 0 0
Dissipation 0.0343457
End step 3
Begin step 4
Stress -1.04368e-12 105.22 -1.62185e-12 105.22 1.13254e-12 -1.71245e-13 -1.62185e-12 -1.71245e-13 2.66814e-14
Strain 0 0.00133333 0 0.00133333 0 0 0 0 0
Strain mean 1.77482e-19 0.00133333 -8.10923e-18 0.00133333 2.28704e-34 -8.56226e-19 -8.10923e-18 -8.56226e-19 1.63271e-33
Plastic strain_mean 5.52927e-18 0.000807234 0 0.000807234 -5.52927e-18 0 0 0 0
Plastic strain_rate_mean 0 0 0 0 0 0 0 0 0
Dissipation 0.0349182
End step 4
Begin step 5
Stress 1.14877e-13 105.432 -4.5068e-12 105.432 -2.90312e-13 2.94935e-12 -4.5068e-12 2.94935e-12 -5.26773e-14
Strain 0 0.00166667 0 0.00166667 0 0 0 0 0
Strain mean -3.50403e-19 0.00166667 -2.2534e-17 0.00166667 -1.74537e-33 1.47468e-17 -2.2534e-17 1.47468e-17 -1.18189e-33
Plastic strain_mean -1.18818e-18 0.00113951 0 0.00113951 1.18818e-18 0 0 0 0
Plastic strain_rate_mean 0 0 0 0 0 0 0 0 0
Dissipation 0.0349852
End step 5
Begin step 6
Stress 9.49726e-14 105.644 -1.98165e-12 105.644 -1.64315e-13 1.37743e-12 -1.98165e-12 1.37743e-12 -2.08211e-14
Strain 0 0.002 0 0.002 0 0 0 0 0
Strain mean -1.385e-19 0.002 -9.90824e-18 0.002 2.99422e-34 6.88714e-18 -9.90824e-18 6.88714e-18 -5.91697e-34
Plastic strain_mean -7.17468e-19 0.00147178 0 0.00147178 7.17468e-19 0 0 0 0
Plastic strain_rate_mean 0 0 0 0 0 0 0 0 0
Dissipation 0.0350461
End step 6
Begin step 7
Stress 3.82499e-12 105.856 -2.76552e-12 105.856 -3.75989e-12 3.51669e-12 -2.76552e-12 3.51669e-12 1.9546e-14
Strain 0 0.00233333 0 0.00233333 0 0 0 0 0
Strain mean 1.30018e-19 0.00233333 -1.38276e-17 0.00233333 -1.44445e-33 1.75835e-17 -1.38276e-17 1.75835e-17 -2.275e-33
Plastic strain_mean -1.88972e-17 0.00180405 0 0.00180405 1.88972e-17 0 0 0 0
Plastic strain_rate_mean 0 0 0 0 0 0 0 0 0
Dissipation 0.0351069
End step 7
Begin step 8
Stress 2.10017e-12 106.069 -1.56286e-12 106.069 -1.97757e-12 1.82917e-12 -1.56286e-12 1.82917e-12 3.68125e-14
Strain 0 0.00266667 0 0.00266667 0 0 0 0 0
Strain mean 2.44873e-19 0.00266667 -7.81429e-18 0.00266667 6.07872e-34 9.14583e-18 -7.81429e-18 9.14583e-18 -8.48613e-34
Plastic strain_mean -1.00719e-17 0.00213632 0 0.00213632 1.00719e-17 0 0 0 0
Plastic strain_rate_mean 0 0 0 0 0 0 0 0 0
Dissipation 0.0351679
End step 8
Begin step 9
Stress 5.23099e-12 106.282 7.81195e-13 106.282 -5.22948e-12 7.4699e-12 7.81195e-13 7.4699e-12 4.54152e-16
Strain 0 0.003 0 0.003 0 0 0 0 0
Strain mean 3.02097e-21 0.003 3.90598e-18 0.003 -5.29029e-33 3.73495e-17 3.90598e-18 3.73495e-17 -7.83312e-33
Plastic strain_mean -2.61497e-17 0.00246859 0 0.00246859 2.61497e-17 0 0 0 0
Plastic strain_rate_mean 0 0 0 0 0 0 0 0 0
Dissipation 0.035229
End step 9
Begin step 10
Stress 3.0229e-12 106.495 3.56469e-13 106.495 -2.85926e-12 4.07727e-12 3.56469e-13 4.07727e-12 4.91358e-14
Strain 0 0.00333333 0 0.00333333 0 0 0 0 0
Strain mean 3.26845e-19 0.00333333 1.78234e-18 0.00333333 -1.88982e-33 2.03864e-17 1.78234e-18 2.03864e-17 -3.76722e-33
Plastic strain_mean -1.4542e-17 0.00280086 0 0.00280086 1.4542e-17 0 0 0 0
Plastic strain_rate_mean 0 0 0 0 0 0 0 0 0
Dissipation 0.0352903
End step 10
Begin step 11
Stress 5.14341e-13 106.709 4.37355e-12 106.709 -8.12652e-13 -9.2808e-13 4.37355e-12 -9.2808e-13 -8.95728e-14
Strain 0 0.00366667 0 0.00366667 0 0 0 0 0
Strain mean -5.95828e-19 0.00366667 2.18677e-17 0.00366667 -1.44445e-33 -4.6404e-18 2.18677e-17 -4.6404e-18 1.25787e-33
Plastic strain_mean -3.6154e-18 0.00313312 0 0.00313312 3.6154e-18 0 0 0 0
Plastic strain_rate_mean 0 0 0 0 0 0 0 0 0
Dissipation 0.0353516
End step 11
Begin step 12
Stress 1.36959e-13 106.922 2.54102e-12 106.922 -8.19503e-13 -5.34362e-13 2.54102e-12 -5.34362e-13 -2.04945e-13
Strain 0 0.004 0 0.004 0 0 0 0 0
Strain mean -1.36327e-18 0.004 1.27051e-17 0.004 -2.44352e-33 -2.67181e-18 1.27051e-17 -2.67181e-18 9.44909e-34
Plastic strain_mean -3.07279e-18 0.00346539 0 0.00346539 3.07279e-18 0 0 0 0
Plastic strain_rate_mean 0 0 0 0 0 0 0 0 0
Dissipation 0.0354129
End step 12
Begin step 13
Stress -3.63199e-13 107.136 2.77956e-12 107.136 6.02348e-13 4.74459e-14 2.77956e-12 4.74459e-14 7.18084e-14
Strain 0 0.00433333 0 0.00433333 0 0 0 0 0
Strain mean 4.77662e-19 0.00433333 1.38978e-17 0.00433333 3.17778e-33 2.3723e-19 1.38978e-17 2.3723e-19 1.88305e-33
Plastic strain_mean 2.6527e-18 0.00379765 0 0.00379765 -2.6527e-18 0 0 0 0
Plastic strain_rate_mean 0 0 0 0 0 0 0 0 0
Dissipation 0.0354743
End step 13
Begin step 14
Stress -3.66295e-12 107.35 -2.71358e-12 107.35 4.00815e-12 -3.64902e-14 -2.71358e-12 -3.64902e-14 1.03651e-13
Strain 0 0.00466667 0 0.00466667 0 0 0 0 0
Strain mean 6.89478e-19 0.00466667 -1.35679e-17 0.00466667 -8.1852e-34 -1.82451e-19 -1.35679e-17 -1.82451e-19 -2.79862e-34
Plastic strain_mean 1.95225e-17 0.00412992 0 0.00412992 -1.95225e-17 0 0 0 0
Plastic strain_rate_mean 0 0 0 0 0 0 0 0 0
Dissipation 0.0355358
End step 14
Begin step 15
Stress -3.04553e-12 107.564 -1.60231e-12 107.564 2.87136e-12 -3.68321e-14 -1.60231e-12 -3.68321e-14 -5.22974e-14
Strain 0 0.005 0 0.005 0 0 0 0 0
Strain mean -3.47876e-19 0.005 -8.01156e-18 0.005 2.30209e-34 -1.84161e-19 -8.01156e-18 -1.84161e-19 8.57641e-35
Plastic strain_mean 1.46183e-17 0.00446218 0 0.00446218 -1.46183e-17 0 0 0 0
Plastic strain_rate_mean 0 0 0 0 0 0 0 0 0
Dissipation 0.0355972
End step 15
Begin step 16
Stress -2.12443e-12 107.779 -1.4428e-12 107.779 2.4815e-12 -2.37151e-14 -1.4428e-12 -2.37151e-14 1.07215e-13
Strain 0 0.00533333 0 0.00533333 0 0 0 0 0
Strain mean 7.13181e-19 0.00533333 -7.214e-18 0.00533333 -2.31112e-33 -1.18576e-19 -7.214e-18 -1.18576e-19 2.25695e-34
Plastic strain_mean 1.18714e-17 0.00479444 0 0.00479444 -1.18714e-17 0 0 0 0
Plastic strain_rate_mean 0 0 0 0 0 0 0 0 0
Dissipation 0.0356586
End step 16
Begin step 17
Stress -1.08107e-12 107.993 -7.59718e-13 107.993 2.06045e-12 -1.66637e-14 -7.59718e-13 -1.66637e-14 2.94072e-13
Strain 0 0.00566667 0 0.00566667 0 0 0 0 0
Strain mean 1.95613e-18 0.00566667 -3.79859e-18 0.00566667 -8.55384e-34 -8.33187e-20 -3.79859e-18 -8.33187e-20 1.50463e-36
Plastic strain_mean 8.83187e-18 0.0051267 0 0.0051267 -8.83187e-18 0 0 0 0
Plastic strain_rate_mean 0 0 0 0 0 0 0 0 0
Dissipation 0.0357201
End step 17
Begin step 18
Stress -1.01613e-11 108.207 -5.48679e-13 108.207 9.67604e-12 3.57827e-13 -5.48679e-13 3.57827e-13 -1.45696e-13
Strain 0 0.006 0 0.006 0 0 0 0 0
Strain mean -9.6915e-19 0.006 -2.7434e-18 0.006 -2.45556e-33 1.78913e-18 -2.7434e-18 1.78913e-18 3.47871e-33
Plastic strain_mean 4.91087e-17 0.00545896 0 0.00545896 -4.91087e-17 0 0 0 0
Plastic strain_rate_mean 0 0 0 0 0 0 0 0 0
Dissipation 0.0357816
End step 18
Begin step 19
Stress -7.67595e-12 108.422 -8.55127e-13 108.422 7.84512e-12 2.38218e-13 -8.55127e-13 2.38218e-13 5.07952e-14
Strain 0 0.00633333 0 0.00633333 0 0 0 0 0
Strain mean 3.37884e-19 0.00633333 -4.27563e-18 0.00633333 6.9815e-34 1.19109e-18 -4.27563e-18 1.19109e-18 3.95417e-33
Plastic strain_mean 3.89716e-17 0.00579122 0 0.00579122 -3.89716e-17 0 0 0 0
Plastic strain_rate_mean 0 0 0 0 0 0 0 0 0
Dissipation 0.035843
End step 19
Begin step 20
Stress -6.21608e-12 108.636 -3.69653e-13 108.636 5.77371e-12 1.82526e-13 -3.69653e-13 1.82526e-13 -1.32831e-13
Strain 0 0.00666667 0 0.00666667 0 0 0 0 0
Strain mean -8.83575e-19 0.00666667 -1.84826e-18 0.00666667 -9.50928e-34 9.12629e-19 -1.84826e-18 9.12629e-19 3.34931e-33
Plastic strain_mean 2.95327e-17 0.00612349 0 0.00612349 -2.95327e-17 0 0 0 0
Plastic strain_rate_mean 0 0 0 0 0 0 0 0 0
Dissipation 0.0359045
End step 20
Begin step 21
Stress -4.44739e-12 108.851 -5.4052e-13 108.851 4.45548e-12 1.40927e-13 -5.4052e-13 1.40927e-13 2.42797e-15
Strain 0 0.007 0 0.007 0 0 0 0 0
Strain mean 1.61506e-20 0.007 -2.7026e-18 0.007 -3.05741e-33 7.04635e-19 -2.7026e-18 7.04635e-19 1.23229e-33
Plastic strain_mean 2.22652e-17 0.00645575 0 0.00645575 -2.22652e-17 0 0 0 0
Plastic strain_rate_mean 0 0 0 0 0 0 0 0 0
Dissipation 0.0359659
End step 21
Begin step 22
Stress -4.14462e-12 109.065 -1.17544e-13 109.065 3.46935e-12 8.806e-14 -1.17544e-13 8.806e-14 -2.02761e-13
Strain 0 0.00733333 0 0.00733333 0 0 0 0 0
Strain mean -1.34875e-18 0.00733333 -5.87718e-19 0.00733333 3.85186e-34 4.403e-19 -5.87718e-19 4.403e-19 1.88982e-33
Plastic strain_mean 1.83606e-17 0.00678801 0 0.00678801 -1.83606e-17 0 0 0 0
Plastic strain_rate_mean 0 0 0 0 0 0 0 0 0
Dissipation 0.0360274
End step 22
Begin step 23
Stress -2.63282e-12 109.28 -2.29423e-13 109.28 2.80333e-12 6.90379e-14 -2.29423e-13 6.90379e-14 5.11969e-14
Strain 0 0.00766667 0 0.00766667 0 0 0 0 0
Strain mean 3.40556e-19 0.00766667 -1.14711e-18 0.00766667 -3.25001e-34 3.45189e-19 -1.14711e-18 3.45189e-19 1.46852e-33
Plastic strain_mean 1.37607e-17 0.00712027 0 0.00712027 -1.37607e-17 0 0 0 0
Plastic strain_rate_mean 0 0 0 0 0 0 0 0 0
Dissipation 0.0360888
End step 23
Begin step 24
Stress -4.1888e-12 109.494 3.10348e-12 109.494 4.60276e-12 -2.76983e-12 3.10348e-12 -2.76983e-12 1.24298e-13
Strain 0 0.008 0 0.008 0 0 0 0 0
Strain mean 8.26816e-19 0.008 1.55174e-17 0.008 -5.53705e-34 -1.38492e-17 1.55174e-17 -1.38492e-17 1.01424e-32
Plastic strain_mean 2.23923e-17 0.00745253 0 0.00745253 -2.23923e-17 0 0 0 0
Plastic strain_rate_mean 0 0 0 0 0 0 0 0 0
Dissipation 0.0361503
End step 24
Begin step 25
Stress -1.16078e-13 109.709 -1.4227e-12 109.709 8.07092e-14 1.05042e-12 -1.4227e-12 1.05042e-12 -1.06202e-14
Strain 0 0.00833333 0 0.00833333 0 0 0 0 0
Strain mean -7.06442e-20 0.00833333 -7.1135e-18 0.00833333 7.07779e-33 5.2521e-18 -7.1135e-18 5.2521e-18 -2.56803e-33
Plastic strain_mean 4.56647e-19 0.00778479 0 0.00778479 -4.56647e-19 0 0 0 0
Plastic strain_rate_mean 0 0 0 0 0 0 0 0 0
Dissipation 0.0362117
End step 25
Begin step 26
Stress -2.99166e-12 109.923 1.52248e-12 109.923 2.54606e-12 -1.65068e-12 1.52248e-12 -1.65068e-12 -1.338e-13
Strain 0 0.00866667 0 0.00866667 0 0 0 0 0
Strain mean -8.90024e-19 0.00866667 7.61241e-18 0.00866667 -2.50371e-33 -8.2534e-18 7.61241e-18 -8.2534e-18 5.76876e-33
Plastic strain_mean 1.33993e-17 0.00811705 0 0.00811705 -1.33993e-17 0 0 0 0
Plastic strain_rate_mean 0 0 0 0 0 0 0 0 0
Dissipation 0.0362731
End step 26
Begin step 27
Stress 1.99487e-12 110.138 -1.84154e-12 110.138 -1.95112e-12 1.14133e-12 -1.84154e-12 1.14133e-12 1.31355e-14
Strain 0 0.009 0 0.009 0 0 0 0 0
Strain mean 8.73757e-20 0.009 -9.2077e-18 0.009 2.52778e-34 5.70666e-18 -9.2077e-18 5.70666e-18 -1.40683e-33
Plastic strain_mean -9.82129e-18 0.00844931 0 0.00844931 9.82129e-18 0 0 0 0
Plastic strain_rate_mean 0 0 0 0 0 0 0 0 0
Dissipation 0.0363346
End step 27
Begin step 28
Stress -1.19971e-12 110.352 5.55124e-13 110.352 1.83961e-12 -9.71681e-13 5.55124e-13 -9.71681e-13 1.92141e-13
Strain 0 0.00933333 0 0.00933333 0 0 0 0 0
Strain mean 1.2781e-18 0.00933333 2.77562e-18 0.00933333 -1.20672e-33 -4.8584e-18 2.77562e-18 -4.8584e-18 2.62295e-33
Plastic strain_mean 8.23735e-18 0.00878157 0 0.00878157 -8.23735e-18 0 0 0 0
Plastic strain_rate_mean 0 0 0 0 0 0 0 0 0
Dissipation 0.036396
End step 28
Begin step 29
Stress 5.07839e-12 110.567 2.56748e-12 110.567 -4.25257e-12 -2.97861e-12 2.56748e-12 -2.97861e-12 2.47967e-13
Strain 0 0.00966667 0 0.00966667 0 0 0 0 0
Strain mean 1.64945e-18 0.00966667 1.28374e-17 0.00966667 -5.92223e-33 -1.4893e-17 1.28374e-17 -1.4893e-17 8.99018e-33
Plastic strain_mean -2.25027e-17 0.00911383 0 0.00911383 2.25027e-17 0 0 0 0
Plastic strain_rate_mean 0 0 0 0 0 0 0 0 0
Dissipation 0.0364575
End step 29
Begin step 30
Stress -1.70691e-12 110.781 -8.72084e-13 110.781 3.36321e-12 8.01313e-13 -8.72084e-13 8.01313e-13 4.97332e-13
Strain 0 0.01 0 0.01 0 0 0 0 0
Strain mean 3.30819e-18 0.01 -4.36042e-18 0.01 -2.94667e-32 4.00656e-18 -4.36042e-18 4.00656e-18 -3.62616e-33
Plastic strain_mean 1.43294e-17 0.00944609 0 0.00944609 -1.43294e-17 0 0 0 0
Plastic strain_rate_mean 0 0 0 0 0 0 0 0 0
Dissipation 0.0365189
End step 30
