Begin step 0
Stress 0 0 0 0 0 0 0 0 0
Strain 0 0 0 0 0 0 0 0 0
Strain mean 0 0 0 0 0 0 0 0 0
Plastic strain_mean 0 0 0 0 0 0 0 0 0
Plastic strain_rate_mean 0 0 0 0 0 0 0 0 0
Dissipation 0
End step 0
Begin step 1
Stress 2.81241e-13 62.3614 -5.60479e-13 62.3614 -2.70945e-13 2.25831e-13 -5.60479e-13 2.25831e-13 3.09173e-15
Strain 0 0.000333333 0 0.000333333 0 0 0 0 0
Strain mean 2.05658e-20 0.000333333 -2.8024e-18 0.000333333 1.52118e-32 1.12915e-18 -2.8024e-18 1.12915e-18 -5.60927e-33
Plastic strain_mean -1.37018e-18 2.15265e-05 0 2.15265e-05 1.37018e-18 0 0 0 0
Plastic strain_rate_mean 0 0 0 0 0 0 0 0 0
Dissipation 0.00134222
End step 1
Begin step 2
Stress 2.5425e-13 98.2353 1.35867e-13 98.2353 -2.28189e-13 1.55988e-12 1.35867e-13 1.55988e-12 7.82539e-15
Strain 0 0.000666667 0 0.000666667 0 0 0 0 0
Strain mean 5.20536e-20 0.000666667 6.79336e-19 0.000666667 -6.25927e-34 7.79939e-18 6.79336e-19 7.79939e-18 -1.60845e-33
Plastic strain_mean -1.18007e-18 0.00017549 0 0.00017549 1.18007e-18 0 0 0 0
Plastic strain_rate_mean 0 0 0 0 0 0 0 0 0
Dissipation 0.0151125
End step 2
Begin step 3
Stress -1.4967e-13 102.01 -1.95276e-12 102.01 -8.03685e-15 5.45719e-13 -1.95276e-12 5.45719e-13 -4.73541e-14
Strain 0 0.001 0 0.001 0 0 0 0 0
Strain mean -3.14994e-19 0.001 -9.76382e-18 0.001 -7.22224e-33 2.7286e-18 -9.76382e-18 2.7286e-18 -7.01008e-33
Plastic strain_mean 1.96586e-19 0.000489949 0 0.000489949 -1.96586e-19 0 0 0 0
Plastic strain_rate_mean 0 0 0 0 0 0 0 0 0
Dissipation 0.0320341
End step 3
Begin step 4
Stress 2.18018e-12 102.413 -2.57276e-13 102.413 -2.27256e-12 3.38699e-13 -2.57276e-13 3.38699e-13 -2.77382e-14
Strain 0 0.00133333 0 0.00133333 0 0 0 0 0
Strain mean -1.84511e-19 0.00133333 -1.28638e-18 0.00133333 5.20001e-33 1.69349e-18 -1.28638e-18 1.69349e-18 8.39585e-33
Plastic strain_mean -1.12241e-17 0.000821269 0 0.000821269 1.12241e-17 0 0 0 0
Plastic strain_rate_mean 0 0 0 0 0 0 0 0 0
Dissipation 0.0338686
End step 4
Begin step 5
Stress 1.56916e-12 102.639 -2.40248e-12 102.639 -1.37591e-12 -1.2286e-12 -2.40248e-12 -1.2286e-12 5.80267e-14
Strain 0 0.00166667 0 0.00166667 0 0 0 0 0
Strain mean 3.85987e-19 0.00166667 -1.20124e-17 0.00166667 5.35348e-33 -6.14302e-18 -1.20124e-17 -6.14302e-18 5.38659e-33
Plastic strain_mean -7.16968e-18 0.00115347 0 0.00115347 7.16968e-18 0 0 0 0
Plastic strain_rate_mean 0 0 0 0 0 0 0 0 0
Dissipation 0.0340193
End step 5
Begin step 6
Stress 7.01377e-13 102.852 -1.46315e-12 102.852 -6.81686e-13 -4.97947e-13 -1.46315e-12 -4.97947e-13 5.91271e-15
Strain 0 0.002 0 0.002 0 0 0 0 0
Strain mean 3.93307e-20 0.002 -7.31577e-18 0.002 -3.86653e-33 -2.48973e-18 -7.31577e-18 -2.48973e-18 3.69538e-33
Plastic strain_mean -3.43799e-18 0.00148574 0 0.00148574 3.43799e-18 0 0 0 0
Plastic strain_rate_mean 0 0 0 0 0 0 0 0 0
Dissipation 0.0340832
End step 6
Begin step 7
Stress -6.4436e-13 103.064 6.61399e-13 103.064 5.09224e-13 -1.48851e-13 6.61399e-13 -1.48851e-13 -4.05767e-14
Strain 0 0.00233333 0 0.00233333 0 0 0 0 0
Strain mean -2.69912e-19 0.00233333 3.307e-18 0.00233333 -4.05649e-33 -7.44253e-19 3.307e-18 -7.44253e-19 -1.37034e-33
Plastic strain_mean 2.749e-18 0.00181802 0 0.00181802 -2.749e-18 0 0 0 0
Plastic strain_rate_mean 0 0 0 0 0 0 0 0 0
Dissipation 0.0341425
End step 7
Begin step 8
Stress -6.35932e-13 103.273 -5.00504e-13 103.273 4.56178e-13 1.66713e-12 -5.00504e-13 1.66713e-12 -5.39742e-14
Strain 0 0.00266667 0 0.00266667 0 0 0 0 0
Strain mean -3.5903e-19 0.00266667 -2.50252e-18 0.00266667 2.30465e-32 8.33567e-18 -2.50252e-18 8.33567e-18 -1.40307e-33
Plastic strain_mean 2.55076e-18 0.0021503 0 0.0021503 -2.55076e-18 0 0 0 0
Plastic strain_rate_mean 0 0 0 0 0 0 0 0 0
Dissipation 0.0342012
End step 8
Begin step 9
Stress -2.44442e-13 103.482 -5.05876e-13 103.482 -1.28883e-13 1.29886e-12 -5.05876e-13 1.29886e-12 -1.12097e-13
Strain 0 0.003 0 0.003 0 0 0 0 0
Strain mean -7.45656e-19 0.003 -2.52938e-18 0.003 4.02038e-32 6.49429e-18 -2.52938e-18 6.49429e-18 -6.19721e-34
Plastic strain_mean -8.39289e-20 0.00248259 0 0.00248259 8.39289e-20 0 0 0 0
Plastic strain_rate_mean 0 0 0 0 0 0 0 0 0
Dissipation 0.0342599
End step 9
Begin step 10
Stress -8.75463e-13 103.69 1.29429e-13 103.69 6.52777e-13 7.67827e-13 1.29429e-13 7.67827e-13 -6.68652e-14
Strain 0 0.00333333 0 0.00333333 0 0 0 0 0
Strain mean -4.44779e-19 0.00333333 6.47145e-19 0.00333333 8.81113e-33 3.83914e-18 6.47145e-19 3.83914e-18 -1.37204e-34
Plastic strain_mean 3.59821e-18 0.00281488 0 0.00281488 -3.59821e-18 0 0 0 0
Plastic strain_rate_mean 0 0 0 0 0 0 0 0 0
Dissipation 0.0343185
End step 10
Begin step 11
Stress 6.35159e-13 103.897 4.64403e-13 103.897 -4.58953e-13 3.38541e-13 4.64403e-13 3.38541e-13 5.29087e-14
Strain 0 0.00366667 0 0.00366667 0 0 0 0 0
Strain mean 3.51943e-19 0.00366667 2.32202e-18 0.00366667 -1.29519e-32 1.6927e-18 2.32202e-18 1.6927e-18 -1.67014e-34
Plastic strain_mean -2.55931e-18 0.00314718 0 0.00314718 2.55931e-18 0 0 0 0
Plastic strain_rate_mean 0 0 0 0 0 0 0 0 0
Dissipation 0.0343772
End step 11
Begin step 12
Stress 1.08016e-13 104.105 -7.33816e-12 104.105 -3.1197e-13 5.3531e-12 -7.33816e-12 5.3531e-12 -6.12407e-14
Strain 0 0.004 0 0.004 0 0 0 0 0
Strain mean -4.07366e-19 0.004 -3.66908e-17 0.004 5.38057e-33 2.67655e-17 -3.66908e-17 2.67655e-17 -2.31112e-33
Plastic strain_mean -1.25365e-18 0.00347948 0 0.00347948 1.25365e-18 0 0 0 0
Plastic strain_rate_mean 0 0 0 0 0 0 0 0 0
Dissipation 0.0344359
End step 12
Begin step 13
Stress -3.88658e-13 104.312 -5.72523e-12 104.312 4.31474e-13 4.21411e-12 -5.72523e-12 4.21411e-12 1.2856e-14
Strain 0 0.00433333 0 0.00433333 0 0 0 0 0
Strain mean 8.55166e-20 0.00433333 -2.86262e-17 0.00433333 -4.1889e-33 2.10706e-17 -2.86262e-17 2.10706e-17 -8.96761e-34
Plastic strain_mean 2.09309e-18 0.00381178 0 0.00381178 -2.09309e-18 0 0 0 0
Plastic strain_rate_mean 0 0 0 0 0 0 0 0 0
Dissipation 0.0344947
End step 13
Begin step 14
Stress -1.81121e-13 104.519 -4.20088e-12 104.519 2.83622e-13 3.29527e-12 -4.20088e-12 3.29527e-12 3.07775e-14
Strain 0 0.00466667 0 0.00466667 0 0 0 0 0
Strain mean 2.04729e-19 0.00466667 -2.10044e-17 0.00466667 8.16113e-33 1.64763e-17 -2.10044e-17 1.64763e-17 -1.17361e-33
Plastic strain_mean 1.26422e-18 0.00414407 0 0.00414407 -1.26422e-18 0 0 0 0
Plastic strain_rate_mean 0 0 0 0 0 0 0 0 0
Dissipation 0.0345536
End step 14
Begin step 15
Stress -7.13722e-14 104.726 -3.24555e-12 104.726 -1.99103e-13 2.54553e-12 -3.24555e-12 2.54553e-12 -8.12146e-14
Strain 0 0.005 0 0.005 0 0 0 0 0
Strain mean -5.4023e-19 0.005 -1.62277e-17 0.005 4.0926e-34 1.27276e-17 -1.62277e-17 1.27276e-17 -7.10187e-34
Plastic strain_mean -5.89443e-19 0.00447637 0 0.00447637 5.89443e-19 0 0 0 0
Plastic strain_rate_mean 0 0 0 0 0 0 0 0 0
Dissipation 0.0346126
End step 15
Begin step 16
Stress -4.28845e-13 104.933 -2.81967e-12 104.933 5.88651e-14 2.08672e-12 -2.81967e-12 2.08672e-12 -1.11093e-13
Strain 0 0.00533333 0 0.00533333 0 0 0 0 0
Strain mean -7.38975e-19 0.00533333 -1.40983e-17 0.00533333 1.12246e-33 1.04336e-17 -1.40983e-17 1.04336e-17 -1.11644e-33
Plastic strain_mean 8.49788e-19 0.00480867 0 0.00480867 -8.49788e-19 0 0 0 0
Plastic strain_rate_mean 0 0 0 0 0 0 0 0 0
Dissipation 0.0346716
End step 16
Begin step 17
Stress 3.08936e-13 105.14 -2.12318e-12 105.14 3.41904e-13 1.65514e-12 -2.12318e-12 1.65514e-12 1.95425e-13
Strain 0 0.00566667 0 0.00566667 0 0 0 0 0
Strain mean 1.29995e-18 0.00566667 -1.06159e-17 0.00566667 -6.1389e-33 8.2757e-18 -1.06159e-17 8.2757e-18 -7.82409e-34
Plastic strain_mean 7.32392e-19 0.00514097 0 0.00514097 -7.32392e-19 0 0 0 0
Plastic strain_rate_mean 0 0 0 0 0 0 0 0 0
Dissipation 0.0347307
End step 17
Begin step 18
Stress -1.31071e-12 105.347 -3.32331e-12 105.347 1.39902e-12 3.67232e-12 -3.32331e-12 3.67232e-12 2.65155e-14
Strain 0 0.006 0 0.006 0 0 0 0 0
Strain mean 1.76378e-19 0.006 -1.66165e-17 0.006 1.52871e-33 1.83616e-17 -1.66165e-17 1.83616e-17 -2.43562e-33
Plastic strain_mean 6.86251e-18 0.00547327 0 0.00547327 -6.86251e-18 0 0 0 0
Plastic strain_rate_mean 0 0 0 0 0 0 0 0 0
Dissipation 0.0347899
End step 18
Begin step 19
Stress -1.71132e-12 105.554 -2.34321e-12 105.554 1.29206e-12 2.99282e-12 -2.34321e-12 2.99282e-12 -1.25887e-13
Strain 0 0.00633333 0 0.00633333 0 0 0 0 0
Strain mean -8.37389e-19 0.00633333 -1.1716e-17 0.00633333 4.57408e-33 1.49641e-17 -1.1716e-17 1.49641e-17 -2.02448e-33
Plastic strain_mean 7.08976e-18 0.00580556 0 0.00580556 -7.08976e-18 0 0 0 0
Plastic strain_rate_mean 0 0 0 0 0 0 0 0 0
Dissipation 0.0348491
End step 19
Begin step 20
Stress -5.11965e-13 105.761 -2.00643e-12 105.761 1.01411e-12 2.40479e-12 -2.00643e-12 2.40479e-12 1.50779e-13
Strain 0 0.00666667 0 0.00666667 0 0 0 0 0
Strain mean 1.00296e-18 0.00666667 -1.00321e-17 0.00666667 -8.06483e-34 1.2024e-17 -1.00321e-17 1.2024e-17 -1.42978e-33
Plastic strain_mean 4.31668e-18 0.00613786 0 0.00613786 -4.31668e-18 0 0 0 0
Plastic strain_rate_mean 0 0 0 0 0 0 0 0 0
Dissipation 0.0349084
End step 20
Begin step 21
Stress -1.2381e-12 105.969 -1.30021e-12 105.969 1.11384e-12 1.97318e-12 -1.30021e-12 1.97318e-12 -3.73103e-14
Strain 0 0.007 0 0.007 0 0 0 0 0
Strain mean -2.48184e-19 0.007 -6.50106e-18 0.007 4.81482e-34 9.86588e-18 -6.50106e-18 9.86588e-18 -9.83278e-34
Plastic strain_mean 5.75577e-18 0.00647016 0 0.00647016 -5.75577e-18 0 0 0 0
Plastic strain_rate_mean 0 0 0 0 0 0 0 0 0
Dissipation 0.0349678
End step 21
Begin step 22
Stress -3.21889e-13 106.176 -1.31384e-12 106.176 6.84423e-13 1.61128e-12 -1.31384e-12 1.61128e-12 1.08857e-13
Strain 0 0.00733333 0 0.00733333 0 0 0 0 0
Strain mean 7.24103e-19 0.00733333 -6.56919e-18 0.00733333 4.15279e-34 8.05638e-18 -6.56919e-18 8.05638e-18 -9.62213e-34
Plastic strain_mean 2.87783e-18 0.00680245 0 0.00680245 -2.87783e-18 0 0 0 0
Plastic strain_rate_mean 0 0 0 0 0 0 0 0 0
Dissipation 0.0350272
End step 22
Begin step 23
Stress -2.06794e-13 106.384 -1.39952e-12 106.384 9.85265e-13 1.31545e-12 -1.39952e-12 1.31545e-12 2.33749e-13
Strain 0 0.00766667 0 0.00766667 0 0 0 0 0
Strain mean 1.55487e-18 0.00766667 -6.9976e-18 0.00766667 4.81482e-35 6.57726e-18 -6.9976e-18 6.57726e-18 -6.57336e-34
Plastic strain_mean 3.75758e-18 0.00713475 0 0.00713475 -3.75758e-18 0 0 0 0
Plastic strain_rate_mean 0 0 0 0 0 0 0 0 0
Dissipation 0.0350866
End step 23
Begin step 24
Stress -8.5522e-13 106.591 -7.6e-13 106.591 7.26774e-13 1.08052e-12 -7.6e-13 1.08052e-12 -3.8568e-14
Strain 0 0.008 0 0.008 0 0 0 0 0
Strain mean -2.5655e-19 0.008 -3.8e-18 0.008 3.01528e-33 5.4026e-18 -3.8e-18 5.4026e-18 -8.17392e-34
Plastic strain_mean 3.82671e-18 0.00746704 0 0.00746704 -3.82671e-18 0 0 0 0
Plastic strain_rate_mean 0 0 0 0 0 0 0 0 0
Dissipation 0.0351461
End step 24
Begin step 25
Stress -2.2673e-13 106.799 -3.90616e-13 106.799 6.73499e-13 8.7389e-13 -3.90616e-13 8.7389e-13 1.3415e-13
Strain 0 0.00833333 0 0.00833333 0 0 0 0 0
Strain mean 8.92347e-19 0.00833333 -1.95308e-18 0.00833333 -6.5602e-34 4.36945e-18 -1.95308e-18 4.36945e-18 -5.22014e-34
Plastic strain_mean 2.69674e-18 0.00779934 0 0.00779934 -2.69674e-18 0 0 0 0
Plastic strain_rate_mean 0 0 0 0 0 0 0 0 0
Dissipation 0.0352057
End step 25
Begin step 26
Stress -9.41431e-13 107.007 1.61397e-12 107.007 -3.38724e-13 4.06853e-12 1.61397e-12 4.06853e-12 -3.84387e-13
Strain 0 0.00866667 0 0.00866667 0 0 0 0 0
Strain mean -2.5569e-18 0.00866667 8.06984e-18 0.00866667 -3.77964e-33 2.03426e-17 8.06984e-18 2.03426e-17 -1.59491e-33
Plastic strain_mean 2.28317e-19 0.00813163 0 0.00813163 -2.28317e-19 0 0 0 0
Plastic strain_rate_mean 0 0 0 0 0 0 0 0 0
Dissipation 0.0352653
End step 26
Begin step 27
Stress 1.56651e-13 107.215 1.65893e-12 107.215 1.77146e-13 3.39988e-12 1.65893e-12 3.39988e-12 1.00228e-13
Strain 0 0.009 0 0.009 0 0 0 0 0
Strain mean 6.66704e-19 0.009 8.29466e-18 0.009 1.75741e-33 1.69994e-17 8.29466e-18 1.69994e-17 -5.47686e-34
Plastic strain_mean 3.8459e-19 0.00846392 0 0.00846392 -3.8459e-19 0 0 0 0
Plastic strain_rate_mean 0 0 0 0 0 0 0 0 0
Dissipation 0.0353249
End step 27
Begin step 28
Stress -4.0069e-13 107.423 1.61803e-12 107.423 3.36769e-14 2.81245e-12 1.61803e-12 2.81245e-12 -1.10202e-13
Strain 0 0.00933333 0 0.00933333 0 0 0 0 0
Strain mean -7.3305e-19 0.00933333 8.09013e-18 0.00933333 2.61806e-33 1.40623e-17 8.09013e-18 1.40623e-17 -1.29398e-33
Plastic strain_mean 7.19394e-19 0.00879622 0 0.00879622 -7.19394e-19 0 0 0 0
Plastic strain_rate_mean 0 0 0 0 0 0 0 0 0
Dissipation 0.0353846
End step 28
Begin step 29
Stress 2.23827e-13 107.631 7.11681e-13 107.631 -1.09134e-14 2.36451e-12 7.11681e-13 2.36451e-12 6.39306e-14
Strain 0 0.00966667 0 0.00966667 0 0 0 0 0
Strain mean 4.25259e-19 0.00966667 3.5584e-18 0.00966667 -2.94908e-33 1.18225e-17 3.5584e-18 1.18225e-17 -1.39931e-33
Plastic strain_mean -3.7422e-19 0.00912851 0 0.00912851 3.7422e-19 0 0 0 0
Plastic strain_rate_mean 0 0 0 0 0 0 0 0 0
Dissipation 0.0354443
End step 29
Begin step 30
Stress 4.202e-13 107.84 1.22456e-13 107.84 2.23805e-14 1.94814e-12 1.22456e-13 1.94814e-12 1.32892e-13
Strain 0 0.01 0 0.01 0 0 0 0 0
Strain mean 8.83982e-19 0.01 6.1228e-19 0.01 -2.87686e-33 9.74069e-18 6.1228e-19 9.74069e-18 -1.04572e-33
Plastic strain_mean -5.52557e-19 0.0094608 0 0.0094608 5.52557e-19 0 0 0 0
Plastic strain_rate_mean 0 0 0 0 0 0 0 0 0
Dissipation 0.035504
End step 30
