Begin step 0
Stress 0 0 0 0 0 0 0 0 0
Strain 0 0 0 0 0 0 0 0 0
Strain mean 0 0 0 0 0 0 0 0 0
Plastic strain_mean 0 0 0 0 0 0 0 0 0
Plastic strain_rate_mean 0 0 0 0 0 0 0 0 0
Dissipation 0
End step 0
Begin step 1
Stress 2.80973e-13 61.9835 -1.27218e-12 61.9835 -2.97211e-13 1.94353e-13 -1.27218e-12 1.94353e-13 -4.87559e-15
Strain 0 0.000333333 0 0.000333333 0 0 0 0 0
Strain mean -3.24318e-20 0.000333333 -6.36089e-18 0.000333333 2.90575e-32 9.71764e-19 -6.36089e-18 9.71764e-19 -4.45371e-33
Plastic strain_mean -1.46168e-18 2.34157e-05 0 2.34157e-05 1.46168e-18 0 0 0 0
Plastic strain_rate_mean 0 0 0 0 0 0 0 0 0
Dissipation 0.00145117
End step 1
Begin step 2
Stress 1.31924e-12 99.9627 -3.95444e-13 99.9627 -1.35932e-12 -1.01748e-12 -3.95444e-13 -1.01748e-12 -1.2035e-14
Strain 0 0.000666667 0 0.000666667 0 0 0 0 0
Strain mean -8.00557e-20 0.000666667 -1.97722e-18 0.000666667 -1.38667e-32 -5.08739e-18 -1.97722e-18 -5.08739e-18 -1.98311e-33
Plastic strain_mean -6.73644e-18 0.000166853 0 0.000166853 6.73644e-18 0 0 0 0
Plastic strain_rate_mean 0 0 0 0 0 0 0 0 0
Dissipation 0.0143186
End step 2
Begin step 3
Stress 2.08699e-12 100.246 7.79121e-12 100.246 -2.19771e-12 1.59443e-12 7.79121e-12 1.59443e-12 -3.32448e-14
Strain 0 0.001 0 0.001 0 0 0 0 0
Strain mean -2.21141e-19 0.001 3.89561e-17 0.001 2.52778e-33 7.97214e-18 3.89561e-17 7.97214e-18 -7.48555e-34
Plastic strain_mean -1.08223e-17 0.000498772 0 0.000498772 1.08223e-17 0 0 0 0
Plastic strain_rate_mean 0 0 0 0 0 0 0 0 0
Dissipation 0.0332446
End step 3
Begin step 4
Stress 1.11368e-12 100.441 5.23727e-12 100.441 -1.15484e-12 1.36109e-12 5.23727e-12 1.36109e-12 -1.23582e-14
Strain 0 0.00133333 0 0.00133333 0 0 0 0 0
Strain mean -8.22052e-20 0.00133333 2.61864e-17 0.00133333 -2.3051e-33 6.80547e-18 2.61864e-17 6.80547e-18 2.64815e-33
Plastic strain_mean -5.71241e-18 0.000831131 0 0.000831131 5.71241e-18 0 0 0 0
Plastic strain_rate_mean 0 0 0 0 0 0 0 0 0
Dissipation 0.033344
End step 4
Begin step 5
Stress 2.60648e-12 100.639 1.26568e-12 100.639 -2.42489e-12 -1.92984e-12 1.26568e-12 -1.92984e-12 5.45245e-14
Strain 0 0.00166667 0 0.00166667 0 0 0 0 0
Strain mean 3.6269e-19 0.00166667 6.32842e-18 0.00166667 -6.40974e-34 -9.64922e-18 6.32842e-18 -9.64922e-18 -3.91205e-35
Plastic strain_mean -1.23971e-17 0.00116347 0 0.00116347 1.23971e-17 0 0 0 0
Plastic strain_rate_mean 0 0 0 0 0 0 0 0 0
Dissipation 0.0333991
End step 5
Begin step 6
Stress 1.31756e-12 100.839 3.38817e-12 100.839 -1.18214e-12 -3.60373e-12 3.38817e-12 -3.60373e-12 4.06641e-14
Strain 0 0.002 0 0.002 0 0 0 0 0
Strain mean 2.70493e-19 0.002 1.69409e-17 0.002 5.197e-33 -1.80187e-17 1.69409e-17 -1.80187e-17 4.36043e-33
Plastic strain_mean -6.114e-18 0.0014958 0 0.0014958 6.114e-18 0 0 0 0
Plastic strain_rate_mean 0 0 0 0 0 0 0 0 0
Dissipation 0.0334554
End step 6
Begin step 7
Stress 7.99739e-13 101.041 1.7956e-12 101.041 -4.06373e-13 -2.75056e-12 1.7956e-12 -2.75056e-12 1.18114e-13
Strain 0 0.00233333 0 0.00233333 0 0 0 0 0
Strain mean 7.85684e-19 0.00233333 8.97802e-18 0.00233333 -4.59816e-33 -1.37528e-17 8.97802e-18 -1.37528e-17 2.14711e-33
Plastic strain_mean -2.62244e-18 0.00182813 0 0.00182813 2.62244e-18 0 0 0 0
Plastic strain_rate_mean 0 0 0 0 0 0 0 0 0
Dissipation 0.0335126
End step 7
Begin step 8
Stress -4.57271e-12 101.244 -5.79606e-13 101.244 4.08952e-12 8.71904e-14 -5.79606e-13 8.71904e-14 -1.45084e-13
Strain 0 0.00266667 0 0.00266667 0 0 0 0 0
Strain mean -9.65083e-19 0.00266667 -2.89803e-18 0.00266667 7.09735e-33 4.35952e-19 -2.89803e-18 4.35952e-19 2.46308e-33
Plastic strain_mean 2.1173e-17 0.00216045 0 0.00216045 -2.1173e-17 0 0 0 0
Plastic strain_rate_mean 0 0 0 0 0 0 0 0 0
Dissipation 0.0335702
End step 8
Begin step 9
Stress -1.28707e-12 101.447 1.13587e-12 101.447 1.54838e-12 1.02068e-13 1.13587e-12 1.02068e-13 7.84635e-14
Strain 0 0.003 0 0.003 0 0 0 0 0
Strain mean 5.2193e-19 0.003 5.67937e-18 0.003 1.98612e-34 5.1034e-19 5.67937e-18 5.1034e-19 1.63253e-33
Plastic strain_mean 7.3496e-18 0.00249276 0 0.00249276 -7.3496e-18 0 0 0 0
Plastic strain_rate_mean 0 0 0 0 0 0 0 0 0
Dissipation 0.0336282
End step 9
Begin step 10
Stress 1.15735e-12 101.652 5.99093e-12 101.652 -1.68021e-12 -1.14838e-12 5.99093e-12 -1.14838e-12 -1.56997e-13
Strain 0 0.00333333 0 0.00333333 0 0 0 0 0
Strain mean -1.04433e-18 0.00333333 2.99547e-17 0.00333333 4.16482e-33 -5.74191e-18 2.99547e-17 -5.74191e-18 5.29631e-34
Plastic strain_mean -7.61606e-18 0.00282508 0 0.00282508 7.61606e-18 0 0 0 0
Plastic strain_rate_mean 0 0 0 0 0 0 0 0 0
Dissipation 0.0336863
End step 10
Begin step 11
Stress -3.62875e-12 101.856 -4.39945e-12 101.856 3.73471e-12 1.13611e-12 -4.39945e-12 1.13611e-12 3.18169e-14
Strain 0 0.00366667 0 0.00366667 0 0 0 0 0
Strain mean 2.11642e-19 0.00366667 -2.19973e-17 0.00366667 1.92593e-34 5.68057e-18 -2.19973e-17 5.68057e-18 2.60301e-34
Plastic strain_mean 1.85145e-17 0.00315739 0 0.00315739 -1.85145e-17 0 0 0 0
Plastic strain_rate_mean 0 0 0 0 0 0 0 0 0
Dissipation 0.0337447
End step 11
Begin step 12
Stress 7.13787e-13 102.061 -1.06383e-12 102.061 -8.65502e-13 -4.63201e-13 -1.06383e-12 -4.63201e-13 -4.5555e-14
Strain 0 0.004 0 0.004 0 0 0 0 0
Strain mean -3.03026e-19 0.004 -5.31917e-18 0.004 -3.30478e-32 -2.31601e-18 -5.31917e-18 -2.31601e-18 -9.34377e-34
Plastic strain_mean -4.09974e-18 0.00348969 0 0.00348969 4.09974e-18 0 0 0 0
Plastic strain_rate_mean 0 0 0 0 0 0 0 0 0
Dissipation 0.0338031
End step 12
Begin step 13
Stress -1.61507e-12 102.266 3.93751e-12 102.266 1.11211e-12 -7.35898e-13 3.93751e-12 -7.35898e-13 -1.51023e-13
Strain 0 0.00433333 0 0.00433333 0 0 0 0 0
Strain mean -1.00459e-18 0.00433333 1.96876e-17 0.00433333 1.252e-32 -3.67949e-18 1.96876e-17 -3.67949e-18 -4.10163e-33
Plastic strain_mean 6.31566e-18 0.003822 0 0.003822 -6.31566e-18 0 0 0 0
Plastic strain_rate_mean 0 0 0 0 0 0 0 0 0
Dissipation 0.0338617
End step 13
Begin step 14
Stress -1.21762e-12 102.472 2.77509e-12 102.472 1.2291e-12 -3.74886e-13 2.77509e-12 -3.74886e-13 3.44981e-15
Strain 0 0.00466667 0 0.00466667 0 0 0 0 0
Strain mean 2.29477e-20 0.00466667 1.38754e-17 0.00466667 -6.25927e-34 -1.87443e-18 1.38754e-17 -1.87443e-18 -2.72639e-33
Plastic strain_mean 6.12827e-18 0.00415431 0 0.00415431 -6.12827e-18 0 0 0 0
Plastic strain_rate_mean 0 0 0 0 0 0 0 0 0
Dissipation 0.0339203
End step 14
Begin step 15
Stress -3.27315e-13 102.677 -1.84642e-12 102.677 8.229e-14 -3.67146e-12 -1.84642e-12 -3.67146e-12 -7.35726e-14
Strain 0 0.005 0 0.005 0 0 0 0 0
Strain mean -4.89397e-19 0.005 -9.23212e-18 0.005 -4.12871e-33 -1.83573e-17 -9.23212e-18 -1.83573e-17 -6.39168e-33
Plastic strain_mean 7.79313e-19 0.00448661 0 0.00448661 -7.79313e-19 0 0 0 0
Plastic strain_rate_mean 0 0 0 0 0 0 0 0 0
Dissipation 0.0339789
End step 15
Begin step 16
Stress -4.92944e-13 102.883 -1.74408e-12 102.883 -1.12055e-13 -3.93872e-12 -1.74408e-12 -3.93872e-12 -1.81661e-13
Strain 0 0.00533333 0 0.00533333 0 0 0 0 0
Strain mean -1.20839e-18 0.00533333 -8.72038e-18 0.00533333 1.05926e-33 -1.96936e-17 -8.72038e-18 -1.96936e-17 -4.38149e-33
Plastic strain_mean 3.48028e-19 0.00481892 0 0.00481892 -3.48028e-19 0 0 0 0
Plastic strain_rate_mean 0 0 0 0 0 0 0 0 0
Dissipation 0.0340376
End step 16
Begin step 17
Stress 2.72757e-13 103.089 -8.84749e-13 103.089 -4.15892e-13 -3.10041e-12 -8.84749e-13 -3.10041e-12 -4.29785e-14
Strain 0 0.00566667 0 0.00566667 0 0 0 0 0
Strain mean -2.85888e-19 0.00566667 -4.42374e-18 0.00566667 4.22651e-33 -1.55021e-17 -4.42374e-18 -1.55021e-17 -1.92743e-33
Plastic strain_mean -1.86457e-18 0.00515122 0 0.00515122 1.86457e-18 0 0 0 0
Plastic strain_rate_mean 0 0 0 0 0 0 0 0 0
Dissipation 0.0340963
End step 17
Begin step 18
Stress -2.22701e-13 103.295 -7.55432e-13 103.295 3.94185e-15 -2.89405e-12 -7.55432e-13 -2.89405e-12 -6.56861e-14
Strain 0 0.006 0 0.006 0 0 0 0 0
Strain mean -4.36937e-19 0.006 -3.77716e-18 0.006 -2.49167e-33 -1.44702e-17 -3.77716e-18 -1.44702e-17 -2.26146e-33
Plastic strain_mean 3.4814e-19 0.00548353 0 0.00548353 -3.4814e-19 0 0 0 0
Plastic strain_rate_mean 0 0 0 0 0 0 0 0 0
Dissipation 0.034155
End step 18
Begin step 19
Stress -2.93637e-12 103.501 -3.14989e-12 103.501 2.48972e-12 1.94707e-12 -3.14989e-12 1.94707e-12 -1.34115e-13
Strain 0 0.00633333 0 0.00633333 0 0 0 0 0
Strain mean -8.92115e-19 0.00633333 -1.57494e-17 0.00633333 4.67038e-33 9.73535e-18 -1.57494e-17 9.73535e-18 -9.29863e-34
Plastic strain_mean 1.31192e-17 0.00581583 0 0.00581583 -1.31192e-17 0 0 0 0
Plastic strain_rate_mean 0 0 0 0 0 0 0 0 0
Dissipation 0.0342137
End step 19
Begin step 20
Stress 2.26271e-12 103.707 3.10716e-13 103.707 -3.2812e-12 -5.68701e-12 3.10716e-13 -5.68701e-12 -3.05819e-13
Strain 0 0.00666667 0 0.00666667 0 0 0 0 0
Strain mean -2.03427e-18 0.00666667 1.55358e-18 0.00666667 4.18626e-33 -2.8435e-17 1.55358e-18 -2.8435e-17 -1.75139e-33
Plastic strain_mean -1.48769e-17 0.00614813 0 0.00614813 1.48769e-17 0 0 0 0
Plastic strain_rate_mean 0 0 0 0 0 0 0 0 0
Dissipation 0.0342725
End step 20
Begin step 21
Stress 3.19346e-12 103.913 2.5985e-12 103.913 -3.37048e-12 9.70659e-13 2.5985e-12 9.70659e-13 -5.31533e-14
Strain 0 0.007 0 0.007 0 0 0 0 0
Strain mean -3.53569e-19 0.007 1.29925e-17 0.007 -4.62223e-33 4.85329e-18 1.29925e-17 4.85329e-18 1.97709e-33
Plastic strain_mean -1.65866e-17 0.00648044 0 0.00648044 1.65866e-17 0 0 0 0
Plastic strain_rate_mean 0 0 0 0 0 0 0 0 0
Dissipation 0.0343312
End step 21
Begin step 22
Stress 2.64738e-12 104.119 2.03329e-12 104.119 -2.43592e-12 1.25697e-12 2.03329e-12 1.25697e-12 6.3494e-14
Strain 0 0.00733333 0 0.00733333 0 0 0 0 0
Strain mean 4.22355e-19 0.00733333 1.01665e-17 0.00733333 -2.39538e-33 6.28486e-18 1.01665e-17 6.28486e-18 -3.17854e-35
Plastic strain_mean -1.24971e-17 0.00681274 0 0.00681274 1.24971e-17 0 0 0 0
Plastic strain_rate_mean 0 0 0 0 0 0 0 0 0
Dissipation 0.03439
End step 22
Begin step 23
Stress 1.72897e-12 104.325 2.82649e-13 104.325 -2.66916e-12 -2.98432e-12 2.82649e-13 -2.98432e-12 -2.82308e-13
Strain 0 0.00766667 0 0.00766667 0 0 0 0 0
Strain mean -1.87788e-18 0.00766667 1.41324e-18 0.00766667 3.25001e-33 -1.49216e-17 1.41324e-18 -1.49216e-17 -1.97709e-33
Plastic strain_mean -1.19342e-17 0.00714504 0 0.00714504 1.19342e-17 0 0 0 0
Plastic strain_rate_mean 0 0 0 0 0 0 0 0 0
Dissipation 0.0344487
End step 23
Begin step 24
Stress 3.23422e-12 104.531 1.28843e-12 104.531 -3.27198e-12 -2.09272e-12 1.28843e-12 -2.09272e-12 -1.13363e-14
Strain 0 0.008 0 0.008 0 0 0 0 0
Strain mean -7.5408e-20 0.008 6.44216e-18 0.008 3.80371e-33 -1.04636e-17 6.44216e-18 -1.04636e-17 -1.56482e-34
Plastic strain_mean -1.63032e-17 0.00747735 0 0.00747735 1.63032e-17 0 0 0 0
Plastic strain_rate_mean 0 0 0 0 0 0 0 0 0
Dissipation 0.0345075
End step 24
Begin step 25
Stress 1.4084e-12 104.737 1.15133e-12 104.737 -2.67099e-12 -1.82274e-12 1.15133e-12 -1.82274e-12 -3.79112e-13
Strain 0 0.00833333 0 0.00833333 0 0 0 0 0
Strain mean -2.52181e-18 0.00833333 5.75665e-18 0.00833333 9.60558e-33 -9.11371e-18 5.75665e-18 -9.11371e-18 -7.40279e-34
Plastic strain_mean -1.14594e-17 0.00780965 0 0.00780965 1.14594e-17 0 0 0 0
Plastic strain_rate_mean 0 0 0 0 0 0 0 0 0
Dissipation 0.0345662
End step 25
Begin step 26
Stress 6.46946e-12 104.943 2.97596e-12 104.943 -6.9591e-12 -2.17053e-12 2.97596e-12 -2.17053e-12 -1.47023e-13
Strain 0 0.00866667 0 0.00866667 0 0 0 0 0
Strain mean -9.7798e-19 0.00866667 1.48798e-17 0.00866667 1.84167e-32 -1.08526e-17 1.48798e-17 -1.08526e-17 -1.08616e-33
Plastic strain_mean -3.40604e-17 0.00814195 0 0.00814195 3.40604e-17 0 0 0 0
Plastic strain_rate_mean 0 0 0 0 0 0 0 0 0
Dissipation 0.034625
End step 26
Begin step 27
Stress -1.35753e-13 105.149 -1.85665e-12 105.149 -2.95425e-13 2.48432e-15 -1.85665e-12 2.48432e-15 -1.29468e-13
Strain 0 0.009 0 0.009 0 0 0 0 0
Strain mean -8.61208e-19 0.009 -9.28323e-18 0.009 -2.81667e-33 1.24216e-20 -9.28323e-18 1.24216e-20 5.79284e-35
Plastic strain_mean -8.29784e-19 0.00847425 0 0.00847425 8.29784e-19 0 0 0 0
Plastic strain_rate_mean 0 0 0 0 0 0 0 0 0
Dissipation 0.0346838
End step 27
Begin step 28
Stress 6.27252e-12 105.355 7.35048e-12 105.355 -6.22482e-12 -2.86876e-12 7.35048e-12 -2.86876e-12 1.43233e-14
Strain 0 0.00933333 0 0.00933333 0 0 0 0 0
Strain mean 9.52767e-20 0.00933333 3.67524e-17 0.00933333 6.9815e-34 -1.43438e-17 3.67524e-17 -1.43438e-17 3.3779e-34
Plastic strain_mean -3.11957e-17 0.00880656 0 0.00880656 3.11957e-17 0 0 0 0
Plastic strain_rate_mean 0 0 0 0 0 0 0 0 0
Dissipation 0.0347425
End step 28
Begin step 29
Stress 4.55785e-12 105.562 5.44076e-12 105.562 -5.20217e-12 -2.34793e-12 5.44076e-12 -2.34793e-12 -1.93469e-13
Strain 0 0.00966667 0 0.00966667 0 0 0 0 0
Strain mean -1.28693e-18 0.00966667 2.72038e-17 0.00966667 -1.02556e-32 -1.17396e-17 2.72038e-17 -1.17396e-17 -1.5272e-34
Plastic strain_mean -2.50435e-17 0.00913886 0 0.00913886 2.50435e-17 0 0 0 0
Plastic strain_rate_mean 0 0 0 0 0 0 0 0 0
Dissipation 0.0348013
End step 29
Begin step 30
Stress 3.96933e-12 105.768 3.91709e-12 105.768 -3.73727e-12 -1.49977e-12 3.91709e-12 -1.49977e-12 6.96774e-14
Strain 0 0.01 0 0.01 0 0 0 0 0
Strain mean 4.63486e-19 0.01 1.95855e-17 0.01 1.02315e-33 -7.49884e-18 1.95855e-17 -7.49884e-18 4.13774e-34
Plastic strain_mean -1.90348e-17 0.00947116 0 0.00947116 1.90348e-17 0 0 0 0
Plastic strain_rate_mean 0 0 0 0 0 0 0 0 0
Dissipation 0.03486
End step 30
