Begin step 0
Stress 0 0 0 0 0 0 0 0 0
Strain 0 0 0 0 0 0 0 0 0
Strain mean 0 0 0 0 0 0 0 0 0
Plastic strain_mean 0 0 0 0 0 0 0 0 0
Plastic strain_rate_mean 0 0 0 0 0 0 0 0 0
Dissipation 0
End step 0
Begin step 1
Stress 2.45124e-13 62.3614 -5.34883e-13 62.3614 -2.87947e-13 2.26815e-13 -5.34883e-13 2.26815e-13 -1.28582e-14
Strain 0 0.000333333 0 0.000333333 0 0 0 0 0
Strain mean -8.55312e-20 0.000333333 -2.67442e-18 0.000333333 -1.38095e-32 1.13408e-18 -2.67442e-18 1.13408e-18 -5.2301e-33
Plastic strain_mean -1.37544e-18 2.15265e-05 0 2.15265e-05 1.37544e-18 0 0 0 0
Plastic strain_rate_mean 0 0 0 0 0 0 0 0 0
Dissipation 0.00134222
End step 1
Begin step 2
Stress 2.23796e-13 98.2353 1.47323e-13 98.2353 -2.43982e-13 1.5605e-12 1.47323e-13 1.5605e-12 -6.06118e-15
Strain 0 0.000666667 0 0.000666667 0 0 0 0 0
Strain mean -4.03183e-20 0.000666667 7.36614e-19 0.000666667 -1.47755e-33 7.80249e-18 7.36614e-19 7.80249e-18 -9.35129e-34
Plastic strain_mean -1.1896e-18 0.00017549 0 0.00017549 1.1896e-18 0 0 0 0
Plastic strain_rate_mean 0 0 0 0 0 0 0 0 0
Dissipation 0.0151125
End step 2
Begin step 3
Stress -1.81552e-12 102.01 9.11194e-13 102.01 1.7533e-12 -1.29087e-12 9.11194e-13 -1.29087e-12 -1.86814e-14
Strain 0 0.001 0 0.001 0 0 0 0 0
Strain mean -1.24266e-19 0.001 4.55597e-18 0.001 1.52871e-32 -6.45437e-18 4.55597e-18 -6.45437e-18 2.56916e-33
Plastic strain_mean 8.85991e-18 0.000489949 0 0.000489949 -8.85991e-18 0 0 0 0
Plastic strain_rate_mean 0 0 0 0 0 0 0 0 0
Dissipation 0.0320341
End step 3
Begin step 4
Stress 2.37394e-12 102.413 -2.42903e-13 102.413 -2.46283e-12 3.25973e-13 -2.42903e-13 3.25973e-13 -2.66902e-14
Strain 0 0.00133333 0 0.00133333 0 0 0 0 0
Strain mean -1.7754e-19 0.00133333 -1.21452e-18 0.00133333 -5.30534e-33 1.62987e-18 -1.21452e-18 1.62987e-18 8.45905e-33
Plastic strain_mean -1.21807e-17 0.000821269 0 0.000821269 1.21807e-17 0 0 0 0
Plastic strain_rate_mean 0 0 0 0 0 0 0 0 0
Dissipation 0.0338686
End step 4
Begin step 5
Stress 1.21223e-12 102.639 -2.32562e-12 102.639 -1.39303e-12 -1.05444e-12 -2.32562e-12 -1.05444e-12 -5.42886e-14
Strain 0 0.00166667 0 0.00166667 0 0 0 0 0
Strain mean -3.61122e-19 0.00166667 -1.16281e-17 0.00166667 1.03037e-32 -5.27218e-18 -1.16281e-17 -5.27218e-18 5.02246e-33
Plastic strain_mean -6.69373e-18 0.00115347 0 0.00115347 6.69373e-18 0 0 0 0
Plastic strain_rate_mean 0 0 0 0 0 0 0 0 0
Dissipation 0.0340193
End step 5
Begin step 6
Stress 5.23459e-13 102.852 -1.39098e-12 102.852 -7.6924e-13 -4.74761e-13 -1.39098e-12 -4.74761e-13 -7.37997e-14
Strain 0 0.002 0 0.002 0 0 0 0 0
Strain mean -4.90907e-19 0.002 -6.95488e-18 0.002 2.95209e-33 -2.3738e-18 -6.95488e-18 -2.3738e-18 3.59306e-33
Plastic strain_mean -3.4772e-18 0.00148574 0 0.00148574 3.4772e-18 0 0 0 0
Plastic strain_rate_mean 0 0 0 0 0 0 0 0 0
Dissipation 0.0340832
End step 6
Begin step 7
Stress 1.64561e-12 103.064 1.34965e-12 103.064 -1.50294e-12 -6.933e-13 1.34965e-12 -6.933e-13 4.28388e-14
Strain 0 0.00233333 0 0.00233333 0 0 0 0 0
Strain mean 2.84959e-19 0.00233333 6.74824e-18 0.00233333 -2.53741e-32 -3.4665e-18 6.74824e-18 -3.4665e-18 -4.12646e-34
Plastic strain_mean -7.72889e-18 0.00181802 0 0.00181802 7.72889e-18 0 0 0 0
Plastic strain_rate_mean 0 0 0 0 0 0 0 0 0
Dissipation 0.0341425
End step 7
Begin step 8
Stress 7.91504e-13 103.273 -5.02132e-13 103.273 -7.66868e-13 -2.89932e-13 -5.02132e-13 -2.89932e-13 7.39744e-15
Strain 0 0.00266667 0 0.00266667 0 0 0 0 0
Strain mean 4.92069e-20 0.00266667 -2.51066e-18 0.00266667 -2.05232e-33 -1.44966e-18 -2.51066e-18 -1.44966e-18 1.19167e-33
Plastic strain_mean -3.87133e-18 0.0021503 0 0.0021503 3.87133e-18 0 0 0 0
Plastic strain_rate_mean 0 0 0 0 0 0 0 0 0
Dissipation 0.0342012
End step 8
Begin step 9
Stress -1.22027e-12 103.482 -5.19462e-13 103.482 1.34782e-12 1.51119e-12 -5.19462e-13 1.51119e-12 3.82973e-14
Strain 0 0.003 0 0.003 0 0 0 0 0
Strain mean 2.54749e-19 0.003 -2.59731e-18 0.003 -7.46298e-34 7.55595e-18 -2.59731e-18 7.55595e-18 -1.02165e-33
Plastic strain_mean 6.54761e-18 0.00248259 0 0.00248259 -6.54761e-18 0 0 0 0
Plastic strain_rate_mean 0 0 0 0 0 0 0 0 0
Dissipation 0.0342599
End step 9
Begin step 10
Stress 3.64959e-13 103.69 -8.61788e-15 103.69 -2.97159e-13 8.24293e-13 -8.61788e-15 8.24293e-13 2.03582e-14
Strain 0 0.00333333 0 0.00333333 0 0 0 0 0
Strain mean 1.35421e-19 0.00333333 -4.30894e-20 0.00333333 1.7863e-32 4.12147e-18 -4.30894e-20 4.12147e-18 -3.62287e-34
Plastic strain_mean -1.58759e-18 0.00281488 0 0.00281488 1.58759e-18 0 0 0 0
Plastic strain_rate_mean 0 0 0 0 0 0 0 0 0
Dissipation 0.0343185
End step 10
Begin step 11
Stress 2.16928e-13 103.897 -1.37522e-13 103.897 -2.29843e-13 7.02126e-13 -1.37522e-13 7.02126e-13 -3.87776e-15
Strain 0 0.00366667 0 0.00366667 0 0 0 0 0
Strain mean -2.57944e-20 0.00366667 -6.87611e-19 0.00366667 -7.27039e-33 3.51063e-18 -6.87611e-19 3.51063e-18 -1.84882e-34
Plastic strain_mean -1.12982e-18 0.00314718 0 0.00314718 1.12982e-18 0 0 0 0
Plastic strain_rate_mean 0 0 0 0 0 0 0 0 0
Dissipation 0.0343772
End step 11
Begin step 12
Stress 8.18899e-14 104.105 -7.47129e-12 104.105 -7.77752e-15 5.31079e-12 -7.47129e-12 5.31079e-12 2.22535e-14
Strain 0 0.004 0 0.004 0 0 0 0 0
Strain mean 1.48027e-19 0.004 -3.73564e-17 0.004 -6.81298e-33 2.6554e-17 -3.73564e-17 2.6554e-17 -2.03426e-33
Plastic strain_mean -1.50155e-19 0.00347948 0 0.00347948 1.50155e-19 0 0 0 0
Plastic strain_rate_mean 0 0 0 0 0 0 0 0 0
Dissipation 0.0344359
End step 12
Begin step 13
Stress -3.9147e-13 104.312 -5.56325e-12 104.312 2.44816e-13 4.19561e-12 -5.56325e-12 4.19561e-12 -4.40353e-14
Strain 0 0.00433333 0 0.00433333 0 0 0 0 0
Strain mean -2.92918e-19 0.00433333 -2.78162e-17 0.00433333 -2.98519e-33 2.0978e-17 -2.78162e-17 2.0978e-17 -1.90787e-33
Plastic strain_mean 1.44426e-18 0.00381178 0 0.00381178 -1.44426e-18 0 0 0 0
Plastic strain_rate_mean 0 0 0 0 0 0 0 0 0
Dissipation 0.0344947
End step 13
Begin step 14
Stress 4.47934e-13 104.519 -4.29571e-12 104.519 -7.99531e-13 3.24415e-12 -4.29571e-12 3.24415e-12 -1.05573e-13
Strain 0 0.00466667 0 0.00466667 0 0 0 0 0
Strain mean -7.02259e-19 0.00466667 -2.14785e-17 0.00466667 -1.27834e-32 1.62207e-17 -2.14785e-17 1.62207e-17 -1.32408e-33
Plastic strain_mean -3.46979e-18 0.00414407 0 0.00414407 3.46979e-18 0 0 0 0
Plastic strain_rate_mean 0 0 0 0 0 0 0 0 0
Dissipation 0.0345536
End step 14
Begin step 15
Stress -5.10556e-13 104.726 -3.38171e-12 104.726 7.87378e-14 2.57913e-12 -3.38171e-12 2.57913e-12 -1.2966e-13
Strain 0 0.005 0 0.005 0 0 0 0 0
Strain mean -8.62486e-19 0.005 -1.69085e-17 0.005 -1.64908e-33 1.28956e-17 -1.69085e-17 1.28956e-17 -7.28242e-34
Plastic strain_mean 1.04199e-18 0.00447637 0 0.00447637 -1.04199e-18 0 0 0 0
Plastic strain_rate_mean 0 0 0 0 0 0 0 0 0
Dissipation 0.0346126
End step 15
Begin step 16
Stress -1.19119e-13 104.933 -2.86503e-12 104.933 -2.20146e-13 2.07099e-12 -2.86503e-12 2.07099e-12 -1.0187e-13
Strain 0 0.00533333 0 0.00533333 0 0 0 0 0
Strain mean -6.77626e-19 0.00533333 -1.43251e-17 0.00533333 1.01713e-33 1.0355e-17 -1.43251e-17 1.0355e-17 -3.88195e-34
Plastic strain_mean -5.91379e-19 0.00480867 0 0.00480867 5.91379e-19 0 0 0 0
Plastic strain_rate_mean 0 0 0 0 0 0 0 0 0
Dissipation 0.0346716
End step 16
Begin step 17
Stress -1.27618e-13 105.14 -2.08489e-12 105.14 1.51352e-13 1.60586e-12 -2.08489e-12 1.60586e-12 7.1267e-15
Strain 0 0.00566667 0 0.00566667 0 0 0 0 0
Strain mean 4.7406e-20 0.00566667 -1.04244e-17 0.00566667 3.12964e-34 8.02929e-18 -1.04244e-17 8.02929e-18 -5.14584e-34
Plastic strain_mean 7.21128e-19 0.00514097 0 0.00514097 -7.21128e-19 0 0 0 0
Plastic strain_rate_mean 0 0 0 0 0 0 0 0 0
Dissipation 0.0347307
End step 17
Begin step 18
Stress -1.44414e-12 105.347 -3.32928e-12 105.347 1.43506e-12 3.68153e-12 -3.32928e-12 3.68153e-12 -2.72491e-15
Strain 0 0.006 0 0.006 0 0 0 0 0
Strain mean -1.81258e-20 0.006 -1.66464e-17 0.006 2.08241e-33 1.84076e-17 -1.66464e-17 1.84076e-17 -2.80539e-33
Plastic strain_mean 7.18895e-18 0.00547327 0 0.00547327 -7.18895e-18 0 0 0 0
Plastic strain_rate_mean 0 0 0 0 0 0 0 0 0
Dissipation 0.0347899
End step 18
Begin step 19
Stress -1.80726e-12 105.554 -2.86732e-12 105.554 1.31401e-12 2.98234e-12 -2.86732e-12 2.98234e-12 -1.48106e-13
Strain 0 0.00633333 0 0.00633333 0 0 0 0 0
Strain mean -9.85184e-19 0.00633333 -1.43366e-17 0.00633333 -2.85278e-33 1.49117e-17 -1.43366e-17 1.49117e-17 -2.39914e-33
Plastic strain_mean 7.31059e-18 0.00580556 0 0.00580556 -7.31059e-18 0 0 0 0
Plastic strain_rate_mean 0 0 0 0 0 0 0 0 0
Dissipation 0.0348491
End step 19
Begin step 20
Stress -3.80227e-13 105.761 -2.09746e-12 105.761 9.92615e-13 2.42914e-12 -2.09746e-12 2.42914e-12 1.83879e-13
Strain 0 0.00666667 0 0.00666667 0 0 0 0 0
Strain mean 1.22314e-18 0.00666667 -1.04873e-17 0.00666667 -2.64815e-34 1.21457e-17 -1.04873e-17 1.21457e-17 -1.56952e-33
Plastic strain_mean 4.04368e-18 0.00613786 0 0.00613786 -4.04368e-18 0 0 0 0
Plastic strain_rate_mean 0 0 0 0 0 0 0 0 0
Dissipation 0.0349084
End step 20
Begin step 21
Stress -1.1326e-12 105.969 -1.47609e-12 105.969 1.05442e-12 1.98425e-12 -1.47609e-12 1.98425e-12 -2.34762e-14
Strain 0 0.007 0 0.007 0 0 0 0 0
Strain mean -1.56161e-19 0.007 -7.38047e-18 0.007 5.77779e-34 9.92125e-18 -7.38047e-18 9.92125e-18 -7.32004e-34
Plastic strain_mean 5.38947e-18 0.00647016 0 0.00647016 -5.38947e-18 0 0 0 0
Plastic strain_rate_mean 0 0 0 0 0 0 0 0 0
Dissipation 0.0349678
End step 21
Begin step 22
Stress -6.31998e-13 106.176 -1.37447e-12 106.176 4.15827e-13 1.60909e-12 -1.37447e-12 1.60909e-12 -6.49088e-14
Strain 0 0.00733333 0 0.00733333 0 0 0 0 0
Strain mean -4.31766e-19 0.00733333 -6.87234e-18 0.00733333 -6.9815e-34 8.04547e-18 -6.87234e-18 8.04547e-18 -1.08508e-33
Plastic strain_mean 2.40368e-18 0.00680245 0 0.00680245 -2.40368e-18 0 0 0 0
Plastic strain_rate_mean 0 0 0 0 0 0 0 0 0
Dissipation 0.0350272
End step 22
Begin step 23
Stress -1.20234e-12 106.384 -8.2462e-13 106.384 4.74652e-13 1.32515e-12 -8.2462e-13 1.32515e-12 -2.185e-13
Strain 0 0.00766667 0 0.00766667 0 0 0 0 0
Strain mean -1.45343e-18 0.00766667 -4.1231e-18 0.00766667 8.42594e-34 6.62575e-18 -4.1231e-18 6.62575e-18 -9.75942e-34
Plastic strain_mean 3.46576e-18 0.00713475 0 0.00713475 -3.46576e-18 0 0 0 0
Plastic strain_rate_mean 0 0 0 0 0 0 0 0 0
Dissipation 0.0350866
End step 23
Begin step 24
Stress -4.56475e-13 106.591 -1.10583e-12 106.591 4.87423e-13 1.06856e-12 -1.10583e-12 1.06856e-12 9.29265e-15
Strain 0 0.008 0 0.008 0 0 0 0 0
Strain mean 6.18137e-20 0.008 -5.52914e-18 0.008 1.25185e-33 5.34281e-18 -5.52914e-18 5.34281e-18 -1.04722e-33
Plastic strain_mean 2.39065e-18 0.00746704 0 0.00746704 -2.39065e-18 0 0 0 0
Plastic strain_rate_mean 0 0 0 0 0 0 0 0 0
Dissipation 0.0351461
End step 24
Begin step 25
Stress -3.00003e-13 106.799 -5.85141e-13 106.799 2.92557e-13 8.81205e-13 -5.85141e-13 8.81205e-13 -2.23583e-15
Strain 0 0.00833333 0 0.00833333 0 0 0 0 0
Strain mean -1.48725e-20 0.00833333 -2.92571e-18 0.00833333 -9.93058e-35 4.40603e-18 -2.92571e-18 4.40603e-18 -9.53185e-34
Plastic strain_mean 1.47396e-18 0.00779934 0 0.00779934 -1.47396e-18 0 0 0 0
Plastic strain_rate_mean 0 0 0 0 0 0 0 0 0
Dissipation 0.0352057
End step 25
Begin step 26
Stress -4.43205e-13 107.007 2.14187e-12 107.007 -1.53883e-13 4.04455e-12 2.14187e-12 4.04455e-12 -1.79285e-13
Strain 0 0.00866667 0 0.00866667 0 0 0 0 0
Strain mean -1.19259e-18 0.00866667 1.07094e-17 0.00866667 -2.40741e-33 2.02228e-17 1.07094e-17 2.02228e-17 -1.58287e-33
Plastic strain_mean 1.27012e-19 0.00813163 0 0.00813163 -1.27012e-19 0 0 0 0
Plastic strain_rate_mean 0 0 0 0 0 0 0 0 0
Dissipation 0.0352653
End step 26
Begin step 27
Stress 5.7708e-13 107.215 1.44792e-12 107.215 2.77888e-13 3.39724e-12 1.44792e-12 3.39724e-12 2.56718e-13
Strain 0 0.009 0 0.009 0 0 0 0 0
Strain mean 1.70766e-18 0.009 7.23961e-18 0.009 -4.23705e-33 1.69862e-17 7.23961e-18 1.69862e-17 -1.40232e-33
Plastic strain_mean 1.05851e-19 0.00846392 0 0.00846392 -1.05851e-19 0 0 0 0
Plastic strain_rate_mean 0 0 0 0 0 0 0 0 0
Dissipation 0.0353249
End step 27
Begin step 28
Stress -8.03734e-13 107.423 9.4593e-13 107.423 -1.35061e-13 2.83465e-12 9.4593e-13 2.83465e-12 -2.81889e-13
Strain 0 0.00933333 0 0.00933333 0 0 0 0 0
Strain mean -1.87509e-18 0.00933333 4.72965e-18 0.00933333 -8.1852e-34 1.41733e-17 4.72965e-18 1.41733e-17 -8.51622e-34
Plastic strain_mean 7.34137e-19 0.00879622 0 0.00879622 -7.34137e-19 0 0 0 0
Plastic strain_rate_mean 0 0 0 0 0 0 0 0 0
Dissipation 0.0353846
End step 28
Begin step 29
Stress 6.32611e-13 107.631 1.40692e-12 107.631 2.55865e-13 2.38662e-12 1.40692e-12 2.38662e-12 2.66779e-13
Strain 0 0.00966667 0 0.00966667 0 0 0 0 0
Strain mean 1.77459e-18 0.00966667 7.0346e-18 0.00966667 -1.08334e-33 1.19331e-17 7.0346e-18 1.19331e-17 -7.16205e-34
Plastic strain_mean -5.45726e-20 0.00912851 0 0.00912851 5.45726e-20 0 0 0 0
Plastic strain_rate_mean 0 0 0 0 0 0 0 0 0
Dissipation 0.0354443
End step 29
Begin step 30
Stress -6.24025e-13 107.84 1.03927e-12 107.84 -2.20822e-13 2.0168e-12 1.03927e-12 2.0168e-12 -2.53679e-13
Strain 0 0.01 0 0.01 0 0 0 0 0
Strain mean -1.68744e-18 0.01 5.19635e-18 0.01 1.64908e-33 1.0084e-17 5.19635e-18 1.0084e-17 -9.93058e-34
Plastic strain_mean 1.64286e-19 0.0094608 0 0.0094608 -1.64286e-19 0 0 0 0
Plastic strain_rate_mean 0 0 0 0 0 0 0 0 0
Dissipation 0.035504
End step 30
