Begin step 0
Stress 0 0 0 0 0 0 0 0 0
Strain 0 0 0 0 0 0 0 0 0
Strain mean 0 0 0 0 0 0 0 0 0
Plastic strain_mean 0 0 0 0 0 0 0 0 0
Plastic strain_rate_mean 0 0 0 0 0 0 0 0 0
Dissipation 0
End step 0
Begin step 1
Stress 8.61954e-13 3.39687 -1.97727e-12 3.39687 -8.6287e-13 7.67712e-13 -1.97727e-12 7.67712e-13 -2.75111e-16
Strain 0 3.33333e-05 0 3.33333e-05 0 0 0 0 0
Strain mean -1.83001e-21 3.33333e-05 -9.88633e-18 3.33333e-05 1.44445e-33 3.83856e-18 -9.88633e-18 3.83856e-18 2.4676e-33
Plastic strain_mean -4.31297e-18 1.6349e-05 0 1.6349e-05 4.31297e-18 0 0 0 0
Plastic strain_rate_mean 0 0 0 0 0 0 0 0 0
Dissipation 5.54435e-05
End step 1
Begin step 2
Stress 1.35323e-12 5.12948 -1.94062e-12 5.12948 -1.35261e-12 1.07906e-12 -1.94062e-12 1.07906e-12 1.86683e-16
Strain 0 6.66667e-05 0 6.66667e-05 0 0 0 0 0
Strain mean 1.24179e-21 6.66667e-05 -9.70311e-18 6.66667e-05 -1.42037e-33 5.39531e-18 -9.70311e-18 5.39531e-18 3.46141e-33
Plastic strain_mean -6.76396e-18 4.10193e-05 0 4.10193e-05 6.76396e-18 0 0 0 0
Plastic strain_rate_mean 0 0 0 0 0 0 0 0 0
Dissipation 0.000126205
End step 2
Begin step 3
Stress 7.66456e-13 6.01569 -5.74515e-13 6.01569 -7.63909e-13 5.57411e-13 -5.74515e-13 5.57411e-13 7.64744e-16
Strain 0 0.0001 0 0.0001 0 0 0 0 0
Strain mean 5.08699e-21 0.0001 -2.87257e-18 0.0001 -3.3463e-33 2.78705e-18 -2.87257e-18 2.78705e-18 1.79277e-33
Plastic strain_mean -3.82337e-18 6.99216e-05 0 6.99216e-05 3.82337e-18 0 0 0 0
Plastic strain_rate_mean 0 0 0 0 0 0 0 0 0
Dissipation 0.000173202
End step 3
Begin step 4
Stress 3.1592e-12 6.47175 -5.73014e-13 6.47175 -3.16761e-12 8.89341e-13 -5.73014e-13 8.89341e-13 -2.52677e-15
Strain 0 0.000133333 0 0.000133333 0 0 0 0 0
Strain mean -1.68078e-20 0.000133333 -2.86507e-18 0.000133333 3.12964e-34 4.44671e-18 -2.86507e-18 4.44671e-18 -7.05673e-34
Plastic strain_mean -1.58254e-17 0.000100975 0 0.000100975 1.58254e-17 0 0 0 0
Plastic strain_rate_mean 0 0 0 0 0 0 0 0 0
Dissipation 0.000199959
End step 4
Begin step 5
Stress 2.02241e-12 6.70927 9.60856e-13 6.70927 -2.03012e-12 -3.98301e-13 9.60856e-13 -3.98301e-13 -2.31443e-15
Strain 0 0.000166667 0 0.000166667 0 0 0 0 0
Strain mean -1.53953e-20 0.000166667 4.80428e-18 0.000166667 -8.35372e-33 -1.9915e-18 4.80428e-18 -1.9915e-18 1.96656e-33
Plastic strain_mean -1.0139e-17 0.00013312 0 0.00013312 1.0139e-17 0 0 0 0
Plastic strain_rate_mean 0 0 0 0 0 0 0 0 0
Dissipation 0.00021433
End step 5
Begin step 6
Stress 9.14362e-14 6.83574 -5.87753e-13 6.83574 -6.96068e-14 -5.87707e-12 -5.87753e-13 -5.87707e-12 6.55464e-15
Strain 0 0.0002 0 0.0002 0 0 0 0 0
Strain mean 4.36007e-20 0.0002 -2.93876e-18 0.0002 1.97408e-33 -2.93854e-17 -2.93876e-18 -2.93854e-17 -3.4411e-33
Plastic strain_mean -3.80807e-19 0.000165821 0 0.000165821 3.80807e-19 0 0 0 0
Plastic strain_rate_mean 0 0 0 0 0 0 0 0 0
Dissipation 0.000221872
End step 6
Begin step 7
Stress 1.81703e-13 6.90574 7.11447e-14 6.90574 -1.84573e-13 -2.02057e-12 7.11447e-14 -2.02057e-12 -8.61907e-16
Strain 0 0.000233333 0 0.000233333 0 0 0 0 0
Strain mean -5.7333e-21 0.000233333 3.55724e-19 0.000233333 -2.03426e-33 -1.01028e-17 3.55724e-19 -1.01028e-17 -1.25994e-33
Plastic strain_mean -9.18557e-19 0.000198805 0 0.000198805 9.18557e-19 0 0 0 0
Plastic strain_rate_mean 0 0 0 0 0 0 0 0 0
Dissipation 0.000225811
End step 7
Begin step 8
Stress 2.87717e-12 6.94698 9.77047e-13 6.94698 -2.86599e-12 5.3638e-12 9.77047e-13 5.3638e-12 3.35811e-15
Strain 0 0.000266667 0 0.000266667 0 0 0 0 0
Strain mean 2.23377e-20 0.000266667 4.88524e-18 0.000266667 6.69261e-33 2.6819e-17 4.88524e-18 2.6819e-17 -1.95602e-33
Plastic strain_mean -1.43467e-17 0.000231932 0 0.000231932 1.43467e-17 0 0 0 0
Plastic strain_rate_mean 0 0 0 0 0 0 0 0 0
Dissipation 0.000227886
End step 8
Begin step 9
Stress 3.64643e-12 6.97353 2.85355e-12 6.97353 -3.64443e-12 7.94819e-12 2.85355e-12 7.94819e-12 6.00442e-16
Strain 0 0.0003 0 0.0003 0 0 0 0 0
Strain mean 3.99407e-21 0.0003 1.42678e-17 0.0003 8.36576e-34 3.9741e-17 1.42678e-17 3.9741e-17 -1.70926e-33
Plastic strain_mean -1.82252e-17 0.000265132 0 0.000265132 1.82252e-17 0 0 0 0
Plastic strain_rate_mean 0 0 0 0 0 0 0 0 0
Dissipation 0.000229008
End step 9
Begin step 10
Stress 4.02219e-12 6.99254 5.81619e-12 6.99254 -4.00301e-12 2.60588e-12 5.81619e-12 2.60588e-12 5.75987e-15
Strain 0 0.000333333 0 0.000333333 0 0 0 0 0
Strain mean 3.8314e-20 0.000333333 2.90809e-17 0.000333333 -7.29371e-33 1.30294e-17 2.90809e-17 1.30294e-17 -1.50689e-33
Plastic strain_mean -2.00438e-17 0.000298371 0 0.000298371 2.00438e-17 0 0 0 0
Plastic strain_rate_mean 0 0 0 0 0 0 0 0 0
Dissipation 0.000229647
End step 10
Begin step 11
Stress 3.43751e-12 7.00763 7.64645e-12 7.00763 -3.43019e-12 1.0601e-13 7.64645e-12 1.0601e-13 2.19871e-15
Strain 0 0.000366667 0 0.000366667 0 0 0 0 0
Strain mean 1.46256e-20 0.000366667 3.82322e-17 0.000366667 3.54491e-33 5.30051e-19 3.82322e-17 5.30051e-19 -4.39353e-34
Plastic strain_mean -1.71619e-17 0.000331629 0 0.000331629 1.71619e-17 0 0 0 0
Plastic strain_rate_mean 0 0 0 0 0 0 0 0 0
Dissipation 0.00023004
End step 11
Begin step 12
Stress 2.76159e-12 7.02066 8.41247e-12 7.02066 -2.77184e-12 -8.30476e-13 8.41247e-12 -8.30476e-13 -3.07972e-15
Strain 0 0.0004 0 0.0004 0 0 0 0 0
Strain mean -2.04859e-20 0.0004 4.20623e-17 0.0004 -1.01472e-32 -4.15238e-18 4.20623e-17 -4.15238e-18 -2.78357e-34
Plastic strain_mean -1.38438e-17 0.000364897 0 0.000364897 1.38438e-17 0 0 0 0
Plastic strain_rate_mean 0 0 0 0 0 0 0 0 0
Dissipation 0.00023031
End step 12
Begin step 13
Stress 2.11137e-12 7.03257 7.2644e-12 7.03257 -2.12535e-12 -9.77679e-13 7.2644e-12 -9.77679e-13 -4.19763e-15
Strain 0 0.000433333 0 0.000433333 0 0 0 0 0
Strain mean -2.79222e-20 0.000433333 3.6322e-17 0.000433333 -1.68519e-33 -4.8884e-18 3.6322e-17 -4.8884e-18 8.09492e-34
Plastic strain_mean -1.06058e-17 0.000398171 0 0.000398171 1.06058e-17 0 0 0 0
Plastic strain_rate_mean 0 0 0 0 0 0 0 0 0
Dissipation 0.00023052
End step 13
Begin step 14
Stress 2.04189e-12 7.04383 8.37481e-12 7.04383 -2.07035e-12 -1.45644e-12 8.37481e-12 -1.45644e-12 -8.54592e-15
Strain 0 0.000466667 0 0.000466667 0 0 0 0 0
Strain mean -5.68465e-20 0.000466667 4.18741e-17 0.000466667 -9.32872e-34 -7.28221e-18 4.18741e-17 -7.28221e-18 -3.46066e-35
Plastic strain_mean -1.0309e-17 0.000431448 0 0.000431448 1.0309e-17 0 0 0 0
Plastic strain_rate_mean 0 0 0 0 0 0 0 0 0
Dissipation 0.000230698
End step 14
Begin step 15
Stress 2.0206e-12 7.05469 8.20903e-12 7.05469 -2.06829e-12 -1.55056e-12 8.20903e-12 -1.55056e-12 -1.43189e-14
Strain 0 0.0005 0 0.0005 0 0 0 0 0
Strain mean -9.52476e-20 0.0005 4.10451e-17 0.0005 -1.95e-33 -7.75279e-18 4.10451e-17 -7.75279e-18 2.60301e-34
Plastic strain_mean -1.02698e-17 0.000464727 0 0.000464727 1.02698e-17 0 0 0 0
Plastic strain_rate_mean 0 0 0 0 0 0 0 0 0
Dissipation 0.000230863
End step 15
Begin step 16
Stress 2.11926e-12 7.06529 8.03119e-12 7.06529 -2.0921e-12 -1.57917e-12 8.03119e-12 -1.57917e-12 8.15727e-15
Strain 0 0.000533333 0 0.000533333 0 0 0 0 0
Strain mean 5.42612e-20 0.000533333 4.0156e-17 0.000533333 -9.26854e-34 -7.89586e-18 4.0156e-17 -7.89586e-18 1.50915e-33
Plastic strain_mean -1.05013e-17 0.000498007 0 0.000498007 1.05013e-17 0 0 0 0
Plastic strain_rate_mean 0 0 0 0 0 0 0 0 0
Dissipation 0.000231021
End step 16
Begin step 17
Stress 2.18495e-12 7.07569 7.81781e-12 7.07569 -2.17716e-12 -1.55919e-12 7.81781e-12 -1.55919e-12 2.34063e-15
Strain 0 0.000566667 0 0.000566667 0 0 0 0 0
Strain mean 1.55696e-20 0.000566667 3.9089e-17 0.000566667 8.78706e-34 -7.79595e-18 3.9089e-17 -7.79595e-18 1.09086e-33
Plastic strain_mean -1.08975e-17 0.000531288 0 0.000531288 1.08975e-17 0 0 0 0
Plastic strain_rate_mean 0 0 0 0 0 0 0 0 0
Dissipation 0.000231175
End step 17
Begin step 18
Stress 2.2217e-12 7.08592 7.60497e-12 7.08592 -2.2901e-12 -1.49939e-12 7.60497e-12 -1.49939e-12 -2.05395e-14
Strain 0 0.0006 0 0.0006 0 0 0 0 0
Strain mean -1.36626e-19 0.0006 3.80248e-17 0.0006 9.62965e-35 -7.49693e-18 3.80248e-17 -7.49693e-18 1.27743e-33
Plastic strain_mean -1.13478e-17 0.00056457 0 0.00056457 1.13478e-17 0 0 0 0
Plastic strain_rate_mean 0 0 0 0 0 0 0 0 0
Dissipation 0.000231329
End step 18
Begin step 19
Stress 2.33533e-12 7.09601 7.40805e-12 7.09601 -2.35022e-12 -1.41495e-12 7.40805e-12 -1.41495e-12 -4.47165e-15
Strain 0 0.000633333 0 0.000633333 0 0 0 0 0
Strain mean -2.97449e-20 0.000633333 3.70402e-17 0.000633333 -2.17269e-33 -7.07477e-18 3.70402e-17 -7.07477e-18 8.20025e-34
Plastic strain_mean -1.17287e-17 0.000597853 0 0.000597853 1.17287e-17 0 0 0 0
Plastic strain_rate_mean 0 0 0 0 0 0 0 0 0
Dissipation 0.000231483
End step 19
Begin step 20
Stress 2.38109e-12 7.10596 7.15242e-12 7.10596 -2.44506e-12 -1.3091e-12 7.15242e-12 -1.3091e-12 -1.92076e-14
Strain 0 0.000666667 0 0.000666667 0 0 0 0 0
Strain mean -1.27767e-19 0.000666667 3.57621e-17 0.000666667 -3.25001e-34 -6.5455e-18 3.57621e-17 -6.5455e-18 1.22628e-33
Plastic strain_mean -1.21293e-17 0.000631137 0 0.000631137 1.21293e-17 0 0 0 0
Plastic strain_rate_mean 0 0 0 0 0 0 0 0 0
Dissipation 0.000231636
End step 20
Begin step 21
Stress 2.45927e-12 7.1158 6.89888e-12 7.1158 -2.5084e-12 -1.18473e-12 6.89888e-12 -1.18473e-12 -1.47534e-14
Strain 0 0.0007 0 0.0007 0 0 0 0 0
Strain mean -9.81379e-20 0.0007 3.44944e-17 0.0007 -6.74075e-34 -5.92367e-18 3.44944e-17 -5.92367e-18 2.94156e-34
Plastic strain_mean -1.24682e-17 0.000664421 0 0.000664421 1.24682e-17 0 0 0 0
Plastic strain_rate_mean 0 0 0 0 0 0 0 0 0
Dissipation 0.00023179
End step 21
Begin step 22
Stress 2.47123e-12 7.12552 6.34909e-12 7.12552 -2.45154e-12 -9.81272e-13 6.34909e-12 -9.81272e-13 5.91271e-15
Strain 0 0.000733333 0 0.000733333 0 0 0 0 0
Strain mean 3.93307e-20 0.000733333 3.17455e-17 0.000733333 1.20371e-35 -4.90636e-18 3.17455e-17 -4.90636e-18 1.31279e-33
Plastic strain_mean -1.22873e-17 0.000697706 0 0.000697706 1.22873e-17 0 0 0 0
Plastic strain_rate_mean 0 0 0 0 0 0 0 0 0
Dissipation 0.000231944
End step 22
Begin step 23
Stress 2.61293e-12 7.13513 6.3393e-12 7.13513 -2.48036e-12 -9.1456e-13 6.3393e-12 -9.1456e-13 3.98082e-14
Strain 0 0.000766667 0 0.000766667 0 0 0 0 0
Strain mean 2.64799e-19 0.000766667 3.16965e-17 0.000766667 3.91205e-33 -4.5728e-18 3.16965e-17 -4.5728e-18 8.20777e-34
Plastic strain_mean -1.26008e-17 0.000730991 0 0.000730991 1.26008e-17 0 0 0 0
Plastic strain_rate_mean 0 0 0 0 0 0 0 0 0
Dissipation 0.000232098
End step 23
Begin step 24
Stress 2.60231e-12 7.14463 6.10086e-12 7.14463 -2.57451e-12 -7.81584e-13 6.10086e-12 -7.81584e-13 8.34941e-15
Strain 0 0.0008 0 0.0008 0 0 0 0 0
Strain mean 5.55393e-20 0.0008 3.05043e-17 0.0008 -1.03519e-33 -3.90792e-18 3.05043e-17 -3.90792e-18 1.0871e-33
Plastic strain_mean -1.29143e-17 0.000764277 0 0.000764277 1.29143e-17 0 0 0 0
Plastic strain_rate_mean 0 0 0 0 0 0 0 0 0
Dissipation 0.000232251
End step 24
Begin step 25
Stress 2.56249e-12 7.15403 5.83965e-12 7.15403 -2.60385e-12 -6.39405e-13 5.83965e-12 -6.39405e-13 -1.24193e-14
Strain 0 0.000833333 0 0.000833333 0 0 0 0 0
Strain mean -8.26119e-20 0.000833333 2.91982e-17 0.000833333 -1.11945e-33 -3.19703e-18 2.91982e-17 -3.19703e-18 1.21048e-33
Plastic strain_mean -1.29571e-17 0.000797563 0 0.000797563 1.29571e-17 0 0 0 0
Plastic strain_rate_mean 0 0 0 0 0 0 0 0 0
Dissipation 0.000232405
End step 25
Begin step 26
Stress 2.71784e-12 7.16334 5.55275e-12 7.16334 -2.55761e-12 -4.93621e-13 5.55275e-12 -4.93621e-13 4.81117e-14
Strain 0 0.000866667 0 0.000866667 0 0 0 0 0
Strain mean 3.20034e-19 0.000866667 2.77637e-17 0.000866667 -1.02315e-34 -2.4681e-18 2.77637e-17 -2.4681e-18 7.35013e-34
Plastic strain_mean -1.30286e-17 0.00083085 0 0.00083085 1.30286e-17 0 0 0 0
Plastic strain_rate_mean 0 0 0 0 0 0 0 0 0
Dissipation 0.000232558
End step 26
Begin step 27
Stress 2.53864e-12 7.17255 5.3264e-12 7.17255 -2.59144e-12 -3.54084e-13 5.3264e-12 -3.54084e-13 -1.58517e-14
Strain 0 0.0009 0 0.0009 0 0 0 0 0
Strain mean -1.05443e-19 0.0009 2.6632e-17 0.0009 2.31713e-33 -1.77042e-18 2.6632e-17 -1.77042e-18 1.19882e-33
Plastic strain_mean -1.28779e-17 0.000864137 0 0.000864137 1.28779e-17 0 0 0 0
Plastic strain_rate_mean 0 0 0 0 0 0 0 0 0
Dissipation 0.000232712
End step 27
Begin step 28
Stress 2.61593e-12 7.18166 5.05257e-12 7.18166 -2.53192e-12 -2.13345e-13 5.05257e-12 -2.13345e-13 2.52251e-14
Strain 0 0.000933333 0 0.000933333 0 0 0 0 0
Strain mean 1.67794e-19 0.000933333 2.52629e-17 0.000933333 -2.70232e-33 -1.06672e-18 2.52629e-17 -1.06672e-18 1.45047e-33
Plastic strain_mean -1.27857e-17 0.000897425 0 0.000897425 1.27857e-17 0 0 0 0
Plastic strain_rate_mean 0 0 0 0 0 0 0 0 0
Dissipation 0.000232864
End step 28
Begin step 29
Stress 2.5041e-12 7.19069 4.83882e-12 7.19069 -2.52713e-12 -7.3059e-14 4.83882e-12 -7.3059e-14 -6.91272e-15
Strain 0 0.000966667 0 0.000966667 0 0 0 0 0
Strain mean -4.59826e-20 0.000966667 2.41941e-17 0.000966667 9.14817e-34 -3.65295e-19 2.41941e-17 -3.65295e-19 1.50407e-33
Plastic strain_mean -1.26011e-17 0.000930713 0 0.000930713 1.26011e-17 0 0 0 0
Plastic strain_rate_mean 0 0 0 0 0 0 0 0 0
Dissipation 0.000233017
End step 29
Begin step 30
Stress 2.45816e-12 7.19963 4.50585e-12 7.19963 -2.47231e-12 6.55041e-14 4.50585e-12 6.55041e-14 -4.24894e-15
Strain 0 0.001 0 0.001 0 0 0 0 0
Strain mean -2.82635e-20 0.001 2.25292e-17 0.001 -1.03218e-33 3.27521e-19 2.25292e-17 3.27521e-19 1.62096e-33
Plastic strain_mean -1.23403e-17 0.000964002 0 0.000964002 1.23403e-17 0 0 0 0
Plastic strain_rate_mean 0 0 0 0 0 0 0 0 0
Dissipation 0.000233169
End step 30
