Begin step 0
Stress 0 0 0 0 0 0 0 0 0
Strain 0 0 0 0 0 0 0 0 0
Strain mean 0 0 0 0 0 0 0 0 0
Plastic strain_mean 0 0 0 0 0 0 0 0 0
Plastic strain_rate_mean 0 0 0 0 0 0 0 0 0
Dissipation 0
End step 0
Begin step 1
Stress -1.75441e-13 56.3737 -3.30523e-13 56.3737 1.70053e-13 -3.41422e-13 -3.30523e-13 -3.41422e-13 -1.61792e-15
Strain 0 0.000333333 0 0.000333333 0 0 0 0 0
Strain mean -1.07622e-20 0.000333333 -1.65261e-18 0.000333333 -1.13148e-33 -1.70711e-18 -1.65261e-18 -1.70711e-18 1.14352e-34
Plastic strain_mean 8.58356e-19 5.14646e-05 0 5.14646e-05 -8.58356e-19 0 0 0 0
Plastic strain_rate_mean 0 0 0 0 0 0 0 0 0
Dissipation 0.00290025
End step 1
Begin step 2
Stress 2.9505e-15 94.1296 -9.05427e-13 94.1296 -1.11065e-13 1.19159e-12 -9.05427e-13 1.19159e-12 -3.24631e-14
Strain 0 0.000666667 0 0.000666667 0 0 0 0 0
Strain mean -2.15941e-19 0.000666667 -4.52713e-18 0.000666667 1.67315e-33 5.95797e-18 -4.52713e-18 5.95797e-18 7.70372e-34
Plastic strain_mean -3.93009e-19 0.000196019 0 0.000196019 3.93009e-19 0 0 0 0
Plastic strain_rate_mean 0 0 0 0 0 0 0 0 0
Dissipation 0.0135923
End step 2
Begin step 3
Stress 2.17289e-12 100.047 9.87408e-13 100.047 -2.29086e-12 1.19827e-12 9.87408e-13 1.19827e-12 -3.54239e-14
Strain 0 0.001 0 0.001 0 0 0 0 0
Strain mean -2.35636e-19 0.001 4.93704e-18 0.001 -1.22176e-33 5.99137e-18 4.93704e-18 5.99137e-18 7.95198e-34
Plastic strain_mean -1.12772e-17 0.000499765 0 0.000499765 1.12772e-17 0 0 0 0
Plastic strain_rate_mean 0 0 0 0 0 0 0 0 0
Dissipation 0.030322
End step 3
Begin step 4
Stress 2.22946e-13 100.318 2.72078e-13 100.318 -1.66635e-13 -5.93046e-12 2.72078e-13 -5.93046e-12 1.69084e-14
Strain 0 0.00133333 0 0.00133333 0 0 0 0 0
Strain mean 1.12473e-19 0.00133333 1.36039e-18 0.00133333 1.56482e-34 -2.96523e-17 1.36039e-18 -2.96523e-17 -7.35765e-34
Plastic strain_mean -9.17716e-19 0.000831743 0 0.000831743 9.17716e-19 0 0 0 0
Plastic strain_rate_mean 0 0 0 0 0 0 0 0 0
Dissipation 0.0332204
End step 4
Begin step 5
Stress -1.81363e-13 100.507 -4.7856e-12 100.507 2.67226e-13 2.15287e-12 -4.7856e-12 2.15287e-12 2.57819e-14
Strain 0 0.00166667 0 0.00166667 0 0 0 0 0
Strain mean 1.71498e-19 0.00166667 -2.3928e-17 0.00166667 8.63659e-34 1.07643e-17 -2.3928e-17 1.07643e-17 3.70328e-34
Plastic strain_mean 1.20722e-18 0.00116413 0 0.00116413 -1.20722e-18 0 0 0 0
Plastic strain_rate_mean 0 0 0 0 0 0 0 0 0
Dissipation 0.0333114
End step 5
Begin step 6
Stress 3.49667e-12 100.69 -2.46776e-12 100.69 -3.56569e-12 3.34453e-12 -2.46776e-12 3.34453e-12 -2.07251e-14
Strain 0 0.002 0 0.002 0 0 0 0 0
Strain mean -1.37861e-19 0.002 -1.23388e-17 0.002 -1.17361e-33 1.67227e-17 -1.23388e-17 1.67227e-17 3.73149e-34
Plastic strain_mean -1.77248e-17 0.00149655 0 0.00149655 1.77248e-17 0 0 0 0
Plastic strain_rate_mean 0 0 0 0 0 0 0 0 0
Dissipation 0.033363
End step 6
Begin step 7
Stress 9.27337e-14 100.875 -3.99831e-13 100.875 -1.49161e-13 -4.35202e-13 -3.99831e-13 -4.35202e-13 -1.69434e-14
Strain 0 0.00233333 0 0.00233333 0 0 0 0 0
Strain mean -1.12705e-19 0.00233333 -1.99916e-18 0.00233333 -7.32154e-33 -2.17601e-18 -1.99916e-18 -2.17601e-18 -3.31019e-35
Plastic strain_mean -6.61091e-19 0.00182896 0 0.00182896 6.61091e-19 0 0 0 0
Plastic strain_rate_mean 0 0 0 0 0 0 0 0 0
Dissipation 0.0334129
End step 7
Begin step 8
Stress 3.64972e-13 101.061 2.87213e-12 101.061 -5.83499e-13 -1.20867e-12 2.87213e-12 -1.20867e-12 -6.56163e-14
Strain 0 0.00266667 0 0.00266667 0 0 0 0 0
Strain mean -4.36472e-19 0.00266667 1.43607e-17 0.00266667 -3.06945e-33 -6.04336e-18 1.43607e-17 -6.04336e-18 1.98612e-34
Plastic strain_mean -2.58941e-18 0.00216136 0 0.00216136 2.58941e-18 0 0 0 0
Plastic strain_rate_mean 0 0 0 0 0 0 0 0 0
Dissipation 0.0334631
End step 8
Begin step 9
Stress -1.81629e-12 101.248 -3.22348e-12 101.248 1.61216e-12 -4.70526e-13 -3.22348e-12 -4.70526e-13 -6.12931e-14
Strain 0 0.003 0 0.003 0 0 0 0 0
Strain mean -4.07714e-19 0.003 -1.61174e-17 0.003 -3.32223e-33 -2.35263e-18 -1.61174e-17 -2.35263e-18 5.43925e-34
Plastic strain_mean 8.36725e-18 0.00249376 0 0.00249376 -8.36725e-18 0 0 0 0
Plastic strain_rate_mean 0 0 0 0 0 0 0 0 0
Dissipation 0.0335141
End step 9
Begin step 10
Stress -3.60066e-13 101.437 -6.46378e-12 101.437 5.51231e-14 1.76334e-12 -6.46378e-12 1.76334e-12 -9.15641e-14
Strain 0 0.00333333 0 0.00333333 0 0 0 0 0
Strain mean -6.09074e-19 0.00333333 -3.23189e-17 0.00333333 -7.70372e-34 8.81671e-18 -3.23189e-17 8.81671e-18 -3.9459e-33
Plastic strain_mean 7.33436e-19 0.00282615 0 0.00282615 -7.33436e-19 0 0 0 0
Plastic strain_rate_mean 0 0 0 0 0 0 0 0 0
Dissipation 0.0335659
End step 10
Begin step 11
Stress -8.06924e-14 101.627 -3.95217e-12 101.627 -3.65844e-14 1.06214e-12 -3.95217e-12 1.06214e-12 -3.52143e-14
Strain 0 0.00366667 0 0.00366667 0 0 0 0 0
Strain mean -2.34241e-19 0.00366667 -1.97609e-17 0.00366667 -1.18866e-33 5.31071e-18 -1.97609e-17 5.31071e-18 -2.10197e-33
Plastic strain_mean -6.85063e-21 0.00315853 0 0.00315853 6.85063e-21 0 0 0 0
Plastic strain_rate_mean 0 0 0 0 0 0 0 0 0
Dissipation 0.0336183
End step 11
Begin step 12
Stress -2.30953e-13 101.819 -2.66493e-12 101.819 -2.64041e-14 6.94811e-13 -2.66493e-12 6.94811e-13 -7.72757e-14
Strain 0 0.004 0 0.004 0 0 0 0 0
Strain mean -5.14029e-19 0.004 -1.33247e-17 0.004 9.38891e-34 3.47405e-18 -1.33247e-17 3.47405e-18 -2.45857e-33
Plastic strain_mean 2.54358e-19 0.00349091 0 0.00349091 -2.54358e-19 0 0 0 0
Plastic strain_rate_mean 0 0 0 0 0 0 0 0 0
Dissipation 0.0336713
End step 12
Begin step 13
Stress -4.25974e-13 102.011 -1.71461e-12 102.011 -2.98163e-13 4.27147e-13 -1.71461e-12 4.27147e-13 -2.17434e-13
Strain 0 0.00433333 0 0.00433333 0 0 0 0 0
Strain mean -1.44635e-18 0.00433333 -8.57305e-18 0.00433333 2.63311e-34 2.13573e-18 -8.57305e-18 2.13573e-18 -1.61861e-33
Plastic strain_mean -4.03645e-19 0.00382328 0 0.00382328 4.03645e-19 0 0 0 0
Plastic strain_rate_mean 0 0 0 0 0 0 0 0 0
Dissipation 0.0337249
End step 13
Begin step 14
Stress 4.34409e-13 102.204 3.00002e-13 102.204 -7.22249e-13 -1.25993e-12 3.00002e-13 -1.25993e-12 -8.64286e-14
Strain 0 0.00466667 0 0.00466667 0 0 0 0 0
Strain mean -5.74913e-19 0.00466667 1.50001e-18 0.00466667 -7.42687e-33 -6.29966e-18 1.50001e-18 -6.29966e-18 -4.32131e-33
Plastic strain_mean -3.1791e-18 0.00415564 0 0.00415564 3.1791e-18 0 0 0 0
Plastic strain_rate_mean 0 0 0 0 0 0 0 0 0
Dissipation 0.0337788
End step 14
Begin step 15
Stress 5.53187e-13 102.399 6.04812e-13 102.399 -4.33205e-13 -1.77672e-12 6.04812e-13 -1.77672e-12 3.60265e-14
Strain 0 0.005 0 0.005 0 0 0 0 0
Strain mean 2.39644e-19 0.005 3.02406e-18 0.005 -2.16667e-34 -8.88362e-18 3.02406e-18 -8.88362e-18 -3.68635e-33
Plastic strain_mean -2.34616e-18 0.00448801 0 0.00448801 2.34616e-18 0 0 0 0
Plastic strain_rate_mean 0 0 0 0 0 0 0 0 0
Dissipation 0.0338332
End step 15
Begin step 16
Stress 2.50787e-13 102.594 6.04017e-13 102.594 -1.45843e-13 -2.06576e-12 6.04017e-13 -2.06576e-12 3.15112e-14
Strain 0 0.00533333 0 0.00533333 0 0 0 0 0
Strain mean 2.09609e-19 0.00533333 3.02008e-18 0.00533333 -1.40533e-33 -1.03288e-17 3.02008e-18 -1.03288e-17 -2.21181e-33
Plastic strain_mean -8.86769e-19 0.00482037 0 0.00482037 8.86769e-19 0 0 0 0
Plastic strain_rate_mean 0 0 0 0 0 0 0 0 0
Dissipation 0.0338879
End step 16
Begin step 17
Stress 3.58626e-13 102.789 6.64147e-13 102.789 -5.78136e-14 -2.1604e-12 6.64147e-13 -2.1604e-12 9.03239e-14
Strain 0 0.00566667 0 0.00566667 0 0 0 0 0
Strain mean 6.00824e-19 0.00566667 3.32074e-18 0.00566667 -5.20603e-34 -1.0802e-17 3.32074e-18 -1.0802e-17 -1.46401e-33
Plastic strain_mean -7.40687e-19 0.00515272 0 0.00515272 7.40687e-19 0 0 0 0
Plastic strain_rate_mean 0 0 0 0 0 0 0 0 0
Dissipation 0.0339429
End step 17
Begin step 18
Stress 9.55741e-14 102.986 4.9343e-12 102.986 4.43341e-13 -7.55242e-12 4.9343e-12 -7.55242e-12 1.61818e-13
Strain 0 0.006 0 0.006 0 0 0 0 0
Strain mean 1.07639e-18 0.006 2.46715e-17 0.006 -6.37964e-34 -3.77621e-17 2.46715e-17 -3.77621e-17 -6.32849e-33
Plastic strain_mean 1.40761e-18 0.00548507 0 0.00548507 -1.40761e-18 0 0 0 0
Plastic strain_rate_mean 0 0 0 0 0 0 0 0 0
Dissipation 0.0339982
End step 18
Begin step 19
Stress -5.92571e-14 103.182 3.08577e-12 103.182 2.48668e-13 -6.02203e-12 3.08577e-12 -6.02203e-12 5.68738e-14
Strain 0 0.00633333 0 0.00633333 0 0 0 0 0
Strain mean 3.78318e-19 0.00633333 1.54289e-17 0.00633333 -7.01761e-33 -3.01101e-17 1.54289e-17 -3.01101e-17 -3.32298e-33
Plastic strain_mean 9.58973e-19 0.00581742 0 0.00581742 -9.58973e-19 0 0 0 0
Plastic strain_rate_mean 0 0 0 0 0 0 0 0 0
Dissipation 0.0340537
End step 19
Begin step 20
Stress -1.42788e-13 103.38 2.82637e-12 103.38 2.40286e-13 -5.23403e-12 2.82637e-12 -5.23403e-12 2.92753e-14
Strain 0 0.00666667 0 0.00666667 0 0 0 0 0
Strain mean 1.94736e-19 0.00666667 1.41318e-17 0.00666667 -1.92593e-34 -2.61702e-17 1.41318e-17 -2.61702e-17 -1.68067e-33
Plastic strain_mean 1.05505e-18 0.00614977 0 0.00614977 -1.05505e-18 0 0 0 0
Plastic strain_rate_mean 0 0 0 0 0 0 0 0 0
Dissipation 0.0341094
End step 20
Begin step 21
Stress -9.70138e-13 103.578 -5.25567e-13 103.578 2.24418e-14 -1.0088e-13 -5.25567e-13 -1.0088e-13 -2.84561e-13
Strain 0 0.007 0 0.007 0 0 0 0 0
Strain mean -1.89287e-18 0.007 -2.62783e-18 0.007 -7.87705e-32 -5.04402e-19 -2.62783e-18 -5.04402e-19 1.37824e-33
Plastic strain_mean 1.53502e-18 0.00648211 0 0.00648211 -1.53502e-18 0 0 0 0
Plastic strain_rate_mean 0 0 0 0 0 0 0 0 0
Dissipation 0.0341654
End step 21
Begin step 22
Stress -4.87825e-15 103.776 1.5709e-12 103.776 9.7955e-14 -3.054e-12 1.5709e-12 -3.054e-12 2.79478e-14
Strain 0 0.00733333 0 0.00733333 0 0 0 0 0
Strain mean 1.85906e-19 0.00733333 7.85448e-18 0.00733333 -1.33611e-33 -1.527e-17 7.85448e-18 -1.527e-17 -3.37602e-34
Plastic strain_mean 3.50036e-19 0.00681445 0 0.00681445 -3.50036e-19 0 0 0 0
Plastic strain_rate_mean 0 0 0 0 0 0 0 0 0
Dissipation 0.0342215
End step 22
Begin step 23
Stress -9.98748e-14 103.974 9.07908e-13 103.974 8.90547e-14 -2.27868e-12 9.07908e-13 -2.27868e-12 -3.24893e-15
Strain 0 0.00766667 0 0.00766667 0 0 0 0 0
Strain mean -2.16115e-20 0.00766667 4.53954e-18 0.00766667 9.14817e-34 -1.13934e-17 4.53954e-18 -1.13934e-17 -1.06641e-34
Plastic strain_mean 4.61518e-19 0.00714679 0 0.00714679 -4.61518e-19 0 0 0 0
Plastic strain_rate_mean 0 0 0 0 0 0 0 0 0
Dissipation 0.0342777
End step 23
Begin step 24
Stress 9.17693e-13 104.173 4.14594e-12 104.173 -1.60047e-12 -1.30365e-12 4.14594e-12 -1.30365e-12 -2.05015e-13
Strain 0 0.008 0 0.008 0 0 0 0 0
Strain mean -1.36373e-18 0.008 2.07297e-17 0.008 1.30963e-32 -6.51823e-18 2.07297e-17 -6.51823e-18 -8.72687e-34
Plastic strain_mean -6.97727e-18 0.00747913 0 0.00747913 6.97727e-18 0 0 0 0
Plastic strain_rate_mean 0 0 0 0 0 0 0 0 0
Dissipation 0.0343342
End step 24
Begin step 25
Stress -1.64963e-12 104.373 3.76855e-12 104.373 2.19087e-12 -6.16341e-13 3.76855e-12 -6.16341e-13 1.62517e-13
Strain 0 0.00833333 0 0.00833333 0 0 0 0 0
Strain mean 1.08104e-18 0.00833333 1.88428e-17 0.00833333 4.18408e-32 -3.08171e-18 1.88428e-17 -3.08171e-18 3.00927e-35
Plastic strain_mean 1.01418e-17 0.00781147 0 0.00781147 -1.01418e-17 0 0 0 0
Plastic strain_rate_mean 0 0 0 0 0 0 0 0 0
Dissipation 0.0343907
End step 25
Begin step 26
Stress 2.5771e-12 104.572 2.94928e-12 104.572 -2.57768e-12 1.3325e-13 2.94928e-12 1.3325e-13 -1.74674e-16
Strain 0 0.00866667 0 0.00866667 0 0 0 0 0
Strain mean -1.16191e-21 0.00866667 1.47464e-17 0.00866667 1.48297e-32 6.66248e-19 1.47464e-17 6.66248e-19 1.08334e-34
Plastic strain_mean -1.28875e-17 0.0081438 0 0.0081438 1.28875e-17 0 0 0 0
Plastic strain_rate_mean 0 0 0 0 0 0 0 0 0
Dissipation 0.0344474
End step 26
Begin step 27
Stress -2.48441e-12 104.772 2.41091e-12 104.772 2.76684e-12 1.89097e-13 2.41091e-12 1.89097e-13 8.48042e-14
Strain 0 0.009 0 0.009 0 0 0 0 0
Strain mean 5.64108e-19 0.009 1.20545e-17 0.009 -1.44445e-34 9.45485e-19 1.20545e-17 9.45485e-19 -6.07872e-34
Plastic strain_mean 1.34102e-17 0.00847614 0 0.00847614 -1.34102e-17 0 0 0 0
Plastic strain_rate_mean 0 0 0 0 0 0 0 0 0
Dissipation 0.0345042
End step 27
Begin step 28
Stress 1.03243e-12 104.973 2.60418e-12 104.973 -5.37847e-13 -5.34936e-13 2.60418e-12 -5.34936e-13 1.48508e-13
Strain 0 0.00933333 0 0.00933333 0 0 0 0 0
Strain mean 9.87857e-19 0.00933333 1.30209e-17 0.00933333 1.36019e-33 -2.67468e-18 1.30209e-17 -2.67468e-18 -1.08334e-34
Plastic strain_mean -3.43178e-18 0.00880847 0 0.00880847 3.43178e-18 0 0 0 0
Plastic strain_rate_mean 0 0 0 0 0 0 0 0 0
Dissipation 0.0345611
End step 28
Begin step 29
Stress 1.4798e-12 105.173 1.76035e-12 105.173 -6.67993e-13 -6.48035e-14 1.76035e-12 -6.48035e-14 2.43757e-13
Strain 0 0.00966667 0 0.00966667 0 0 0 0 0
Strain mean 1.62145e-18 0.00966667 8.80176e-18 0.00966667 -2.25815e-32 -3.24018e-19 8.80176e-18 -3.24018e-19 7.22224e-35
Plastic strain_mean -4.55875e-18 0.0091408 0 0.0091408 4.55875e-18 0 0 0 0
Plastic strain_rate_mean 0 0 0 0 0 0 0 0 0
Dissipation 0.0346181
End step 29
Begin step 30
Stress 5.84387e-13 105.374 4.77766e-12 105.374 -4.99455e-13 -4.15259e-12 4.77766e-12 -4.15259e-12 2.55024e-14
Strain 0 0.01 0 0.01 0 0 0 0 0
Strain mean 1.69639e-19 0.01 2.38883e-17 0.01 -1.58889e-33 -2.07629e-17 2.38883e-17 -2.07629e-17 -1.10139e-33
Plastic strain_mean -2.62479e-18 0.00947313 0 0.00947313 2.62479e-18 0 0 0 0
Plastic strain_rate_mean 0 0 0 0 0 0 0 0 0
Dissipation 0.0346752
End step 30
