Begin step 0
Stress 0 0 0 0 0 0 0 0 0
Strain 0 0 0 0 0 0 0 0 0
Strain mean 0 0 0 0 0 0 0 0 0
Plastic strain_mean 0 0 0 0 0 0 0 0 0
Plastic strain_rate_mean 0 0 0 0 0 0 0 0 0
Dissipation 0
End step 0
Begin step 1
Stress 3.79473e-13 55.7065 -1.64408e-12 55.7065 -3.79059e-13 -3.24821e-12 -1.64408e-12 -3.24821e-12 1.24455e-16
Strain 0 0.000333333 0 0.000333333 0 0 0 0 0
Strain mean 8.27861e-22 0.000333333 -8.22039e-18 0.000333333 -8.90743e-34 -1.6241e-17 -8.22039e-18 -1.6241e-17 3.14543e-33
Plastic strain_mean -1.89592e-18 5.48007e-05 0 5.48007e-05 1.89592e-18 0 0 0 0
Plastic strain_rate_mean 0 0 0 0 0 0 0 0 0
Dissipation 0.00305156
End step 1
Begin step 2
Stress 3.59294e-13 87.4759 5.34843e-13 87.4759 -3.48387e-13 3.6247e-12 5.34843e-13 3.6247e-12 3.27514e-15
Strain 0 0.000666667 0 0.000666667 0 0 0 0 0
Strain mean 2.17858e-20 0.000666667 2.67421e-18 0.000666667 -2.22686e-34 1.81235e-17 2.67421e-18 1.81235e-17 1.23079e-33
Plastic strain_mean -1.75831e-18 0.000229287 0 0.000229287 1.75831e-18 0 0 0 0
Plastic strain_rate_mean 0 0 0 0 0 0 0 0 0
Dissipation 0.015245
End step 2
Begin step 3
Stress -1.01243e-12 94.3465 9.02038e-13 94.3465 9.74966e-13 -1.33979e-12 9.02038e-13 -1.33979e-12 -1.1249e-14
Strain 0 0.001 0 0.001 0 0 0 0 0
Strain mean -7.48271e-20 0.001 4.51019e-18 0.001 2.6963e-33 -6.69897e-18 4.51019e-18 -6.69897e-18 4.47929e-33
Plastic strain_mean 4.93108e-18 0.000528268 0 0.000528268 -4.93108e-18 0 0 0 0
Plastic strain_rate_mean 0 0 0 0 0 0 0 0 0
Dissipation 0.0281469
End step 3
Begin step 4
Stress 3.39291e-13 95.4322 -1.35922e-13 95.4322 -3.48613e-13 -7.67414e-14 -1.35922e-13 -7.67414e-14 -2.79915e-15
Strain 0 0.00133333 0 0.00133333 0 0 0 0 0
Strain mean -1.86196e-20 0.00133333 -6.79611e-19 0.00133333 -1.20371e-35 -3.83707e-19 -6.79611e-19 -3.83707e-19 -1.46852e-33
Plastic strain_mean -1.72907e-18 0.000856172 0 0.000856172 1.72907e-18 0 0 0 0
Plastic strain_rate_mean 0 0 0 0 0 0 0 0 0
Dissipation 0.0312013
End step 4
Begin step 5
Stress -3.10165e-13 95.7596 -1.38019e-13 95.7596 3.622e-13 1.44753e-13 -1.38019e-13 1.44753e-13 1.56246e-14
Strain 0 0.00166667 0 0.00166667 0 0 0 0 0
Strain mean 1.03933e-19 0.00166667 -6.90097e-19 0.00166667 7.94446e-34 7.23767e-19 -6.90097e-19 7.23767e-19 -1.98461e-33
Plastic strain_mean 1.73288e-18 0.00118787 0 0.00118787 -1.73288e-18 0 0 0 0
Plastic strain_rate_mean 0 0 0 0 0 0 0 0 0
Dissipation 0.0316495
End step 5
Begin step 6
Stress 1.68407e-13 95.9918 -5.67965e-13 95.9918 1.2493e-13 -4.58181e-13 -5.67965e-13 -4.58181e-13 8.80793e-14
Strain 0 0.002 0 0.002 0 0 0 0 0
Strain mean 5.85894e-19 0.002 -2.83982e-18 0.002 -3.03936e-34 -2.2909e-18 -2.83982e-18 -2.2909e-18 -1.12847e-33
Plastic strain_mean 1.84255e-19 0.00152004 0 0.00152004 -1.84255e-19 0 0 0 0
Plastic strain_rate_mean 0 0 0 0 0 0 0 0 0
Dissipation 0.0317534
End step 6
Begin step 7
Stress -8.48958e-13 96.2086 -2.8107e-12 96.2086 6.42415e-13 -1.87025e-12 -2.8107e-12 -1.87025e-12 -6.2018e-14
Strain 0 0.00233333 0 0.00233333 0 0 0 0 0
Strain mean -4.12536e-19 0.00233333 -1.40535e-17 0.00233333 -9.26854e-34 -9.35124e-18 -1.40535e-17 -9.35124e-18 -2.47888e-33
Plastic strain_mean 3.52216e-18 0.00185229 0 0.00185229 -3.52216e-18 0 0 0 0
Plastic strain_rate_mean 0 0 0 0 0 0 0 0 0
Dissipation 0.0318159
End step 7
Begin step 8
Stress -4.45227e-13 96.4204 -2.11724e-12 96.4204 6.11253e-13 -1.45711e-12 -2.11724e-12 -1.45711e-12 4.98519e-14
Strain 0 0.00266667 0 0.00266667 0 0 0 0 0
Strain mean 3.31609e-19 0.00266667 -1.05862e-17 0.00266667 -1.38426e-34 -7.28555e-18 -1.05862e-17 -7.28555e-18 -1.51291e-33
Plastic strain_mean 2.80701e-18 0.00218456 0 0.00218456 -2.80701e-18 0 0 0 0
Plastic strain_rate_mean 0 0 0 0 0 0 0 0 0
Dissipation 0.031873
End step 8
Begin step 9
Stress -5.10858e-13 96.6293 -1.4628e-12 96.6293 4.19177e-13 -1.15307e-12 -1.4628e-12 -1.15307e-12 -2.75286e-14
Strain 0 0.003 0 0.003 0 0 0 0 0
Strain mean -1.83117e-19 0.003 -7.31398e-18 0.003 4.39353e-34 -5.76536e-18 -7.31398e-18 -5.76536e-18 -1.64306e-33
Plastic strain_mean 2.23353e-18 0.00251685 0 0.00251685 -2.23353e-18 0 0 0 0
Plastic strain_rate_mean 0 0 0 0 0 0 0 0 0
Dissipation 0.0319291
End step 9
Begin step 10
Stress -5.79231e-13 96.836 -1.21762e-12 96.836 3.71146e-13 -9.22354e-13 -1.21762e-12 -9.22354e-13 -6.24809e-14
Strain 0 0.00333333 0 0.00333333 0 0 0 0 0
Strain mean -4.15615e-19 0.00333333 -6.08809e-18 0.00333333 4.81482e-34 -4.61177e-18 -6.08809e-18 -4.61177e-18 -9.33154e-34
Plastic strain_mean 2.16814e-18 0.00284915 0 0.00284915 -2.16814e-18 0 0 0 0
Plastic strain_rate_mean 0 0 0 0 0 0 0 0 0
Dissipation 0.0319848
End step 10
Begin step 11
Stress -6.04329e-13 97.0409 -5.65409e-13 97.0409 2.22917e-13 -7.63004e-13 -5.65409e-13 -7.63004e-13 -1.14525e-13
Strain 0 0.00366667 0 0.00366667 0 0 0 0 0
Strain mean -7.61807e-19 0.00366667 -2.82705e-18 0.00366667 -5.59723e-34 -3.81502e-18 -2.82705e-18 -3.81502e-18 -1.11192e-33
Plastic strain_mean 1.68721e-18 0.00318146 0 0.00318146 -1.68721e-18 0 0 0 0
Plastic strain_rate_mean 0 0 0 0 0 0 0 0 0
Dissipation 0.0320404
End step 11
Begin step 12
Stress -5.91786e-13 97.2445 -1.03109e-12 97.2445 2.80677e-13 -6.36853e-13 -1.03109e-12 -6.36853e-13 -9.34156e-14
Strain 0 0.004 0 0.004 0 0 0 0 0
Strain mean -6.2139e-19 0.004 -5.15547e-18 0.004 1.86574e-34 -3.18426e-18 -5.15547e-18 -3.18426e-18 -7.98208e-34
Plastic strain_mean 1.87046e-18 0.00351378 0 0.00351378 -1.87046e-18 0 0 0 0
Plastic strain_rate_mean 0 0 0 0 0 0 0 0 0
Dissipation 0.0320958
End step 12
Begin step 13
Stress 2.29022e-12 97.4469 -2.33894e-12 97.4469 -2.30791e-12 -4.25192e-12 -2.33894e-12 -4.25192e-12 -5.31009e-15
Strain 0 0.00433333 0 0.00433333 0 0 0 0 0
Strain mean -3.53221e-20 0.00433333 -1.16947e-17 0.00433333 -4.1889e-33 -2.12596e-17 -1.16947e-17 -2.12596e-17 2.10348e-33
Plastic strain_mean -1.1513e-17 0.0038461 0 0.0038461 1.1513e-17 0 0 0 0
Plastic strain_rate_mean 0 0 0 0 0 0 0 0 0
Dissipation 0.0321511
End step 13
Begin step 14
Stress 2.31354e-12 97.6483 -1.57704e-12 97.6483 -1.77619e-12 -3.56893e-12 -1.57704e-12 -3.56893e-12 1.61346e-13
Strain 0 0.00466667 0 0.00466667 0 0 0 0 0
Strain mean 1.07326e-18 0.00466667 -7.88521e-18 0.00466667 1.1676e-33 -1.78447e-17 -7.88521e-18 -1.78447e-17 2.13658e-33
Plastic strain_mean -9.6877e-18 0.00417843 0 0.00417843 9.6877e-18 0 0 0 0
Plastic strain_rate_mean 0 0 0 0 0 0 0 0 0
Dissipation 0.0322063
End step 14
Begin step 15
Stress 1.42338e-12 97.849 -1.38501e-12 97.849 -1.68213e-12 -3.00649e-12 -1.38501e-12 -3.00649e-12 -7.7695e-14
Strain 0 0.005 0 0.005 0 0 0 0 0
Strain mean -5.16818e-19 0.005 -6.92504e-18 0.005 1.92593e-33 -1.50325e-17 -6.92504e-18 -1.50325e-17 1.4941e-33
Plastic strain_mean -8.0222e-18 0.00451076 0 0.00451076 8.0222e-18 0 0 0 0
Plastic strain_rate_mean 0 0 0 0 0 0 0 0 0
Dissipation 0.0322615
End step 15
Begin step 16
Stress 1.22727e-12 98.049 -1.26114e-12 98.049 -1.15124e-12 -2.55597e-12 -1.26114e-12 -2.55597e-12 2.28299e-14
Strain 0 0.00533333 0 0.00533333 0 0 0 0 0
Strain mean 1.51862e-19 0.00533333 -6.30569e-18 0.00533333 -4.69445e-34 -1.27798e-17 -6.30569e-18 -1.27798e-17 1.3331e-33
Plastic strain_mean -5.87036e-18 0.00484309 0 0.00484309 5.87036e-18 0 0 0 0
Plastic strain_rate_mean 0 0 0 0 0 0 0 0 0
Dissipation 0.0323166
End step 16
Begin step 17
Stress 1.19949e-12 98.2484 -9.57474e-13 98.2484 -9.43996e-13 -2.17193e-12 -9.57474e-13 -2.17193e-12 7.67168e-14
Strain 0 0.00566667 0 0.00566667 0 0 0 0 0
Strain mean 5.10311e-19 0.00566667 -4.78737e-18 0.00566667 1.26389e-33 -1.08596e-17 -4.78737e-18 -1.08596e-17 3.55093e-34
Plastic strain_mean -5.10357e-18 0.00517542 0 0.00517542 5.10357e-18 0 0 0 0
Plastic strain_rate_mean 0 0 0 0 0 0 0 0 0
Dissipation 0.0323718
End step 17
Begin step 18
Stress 1.06183e-12 98.4473 -8.13189e-13 98.4473 -7.22274e-13 -1.85372e-12 -8.13189e-13 -1.85372e-12 1.01957e-13
Strain 0 0.006 0 0.006 0 0 0 0 0
Strain mean 6.78207e-19 0.006 -4.06595e-18 0.006 8.42594e-35 -9.26858e-18 -4.06595e-18 -9.26858e-18 7.25233e-34
Plastic strain_mean -4.12116e-18 0.00550776 0 0.00550776 4.12116e-18 0 0 0 0
Plastic strain_rate_mean 0 0 0 0 0 0 0 0 0
Dissipation 0.0324269
End step 18
Begin step 19
Stress 7.40688e-13 98.6458 -6.15396e-13 98.6458 -5.43365e-13 -1.60083e-12 -6.15396e-13 -1.60083e-12 5.92494e-14
Strain 0 0.00633333 0 0.00633333 0 0 0 0 0
Strain mean 3.9412e-19 0.00633333 -3.07698e-18 0.00633333 1.00509e-33 -8.00416e-18 -3.07698e-18 -8.00416e-18 9.29111e-34
Plastic strain_mean -3.01307e-18 0.0058401 0 0.0058401 3.01307e-18 0 0 0 0
Plastic strain_rate_mean 0 0 0 0 0 0 0 0 0
Dissipation 0.0324821
End step 19
Begin step 20
Stress 9.32124e-13 98.844 -7.27992e-13 98.844 -5.50742e-13 -1.36502e-12 -7.27992e-13 -1.36502e-12 1.14516e-13
Strain 0 0.00666667 0 0.00666667 0 0 0 0 0
Strain mean 7.61749e-19 0.00666667 -3.63996e-18 0.00666667 -1.56482e-34 -6.82511e-18 -3.63996e-18 -6.82511e-18 1.67767e-34
Plastic strain_mean -3.32629e-18 0.00617245 0 0.00617245 3.32629e-18 0 0 0 0
Plastic strain_rate_mean 0 0 0 0 0 0 0 0 0
Dissipation 0.0325372
End step 20
Begin step 21
Stress 2.10949e-12 99.0418 2.64665e-12 99.0418 -2.28122e-12 -3.24848e-12 2.64665e-12 -3.24848e-12 -5.15637e-14
Strain 0 0.007 0 0.007 0 0 0 0 0
Strain mean -3.42996e-19 0.007 1.32333e-17 0.007 2.75649e-33 -1.62424e-17 1.32333e-17 -1.62424e-17 -2.64815e-33
Plastic strain_mean -1.11483e-17 0.00650479 0 0.00650479 1.11483e-17 0 0 0 0
Plastic strain_rate_mean 0 0 0 0 0 0 0 0 0
Dissipation 0.0325924
End step 21
Begin step 22
Stress 1.90654e-12 99.2394 1.73485e-12 99.2394 -2.40566e-12 -2.80405e-12 1.73485e-12 -2.80405e-12 -1.4987e-13
Strain 0 0.00733333 0 0.00733333 0 0 0 0 0
Strain mean -9.96919e-19 0.00733333 8.67425e-18 0.00733333 -1.96204e-33 -1.40202e-17 8.67425e-18 -1.40202e-17 -9.50928e-34
Plastic strain_mean -1.1279e-17 0.00683714 0 0.00683714 1.1279e-17 0 0 0 0
Plastic strain_rate_mean 0 0 0 0 0 0 0 0 0
Dissipation 0.0326476
End step 22
Begin step 23
Stress 2.33556e-12 99.4367 1.53252e-12 99.4367 -1.86593e-12 -2.44705e-12 1.53252e-12 -2.44705e-12 1.41014e-13
Strain 0 0.00766667 0 0.00766667 0 0 0 0 0
Strain mean 9.38011e-19 0.00766667 7.66259e-18 0.00766667 1.14352e-33 -1.22353e-17 7.66259e-18 -1.22353e-17 -1.61598e-33
Plastic strain_mean -1.00347e-17 0.00716948 0 0.00716948 1.00347e-17 0 0 0 0
Plastic strain_rate_mean 0 0 0 0 0 0 0 0 0
Dissipation 0.0327027
End step 23
Begin step 24
Stress 1.28587e-12 99.6339 1.63402e-12 99.6339 -1.916e-12 -2.14621e-12 1.63402e-12 -2.14621e-12 -1.89207e-13
Strain 0 0.008 0 0.008 0 0 0 0 0
Strain mean -1.25858e-18 0.008 8.1701e-18 0.008 -3.03334e-33 -1.07311e-17 8.1701e-18 -1.07311e-17 -1.66713e-33
Plastic strain_mean -8.63397e-18 0.00750183 0 0.00750183 8.63397e-18 0 0 0 0
Plastic strain_rate_mean 0 0 0 0 0 0 0 0 0
Dissipation 0.032758
End step 24
Begin step 25
Stress 1.72415e-12 99.8309 1.47533e-12 99.8309 -1.36726e-12 -1.82945e-12 1.47533e-12 -1.82945e-12 1.07162e-13
Strain 0 0.00833333 0 0.00833333 0 0 0 0 0
Strain mean 7.12832e-19 0.00833333 7.37667e-18 0.00833333 -5.77779e-34 -9.14723e-18 7.37667e-18 -9.14723e-18 -1.87477e-33
Plastic strain_mean -7.3721e-18 0.00783418 0 0.00783418 7.3721e-18 0 0 0 0
Plastic strain_rate_mean 0 0 0 0 0 0 0 0 0
Dissipation 0.0328132
End step 25
Begin step 26
Stress 2.12959e-12 100.028 1.35798e-12 100.028 -7.42748e-13 -1.60842e-12 1.35798e-12 -1.60842e-12 4.16423e-13
Strain 0 0.00866667 0 0.00866667 0 0 0 0 0
Strain mean 2.77e-18 0.00866667 6.7899e-18 0.00866667 1.08334e-33 -8.04209e-18 6.7899e-18 -8.04209e-18 -1.02014e-33
Plastic strain_mean -5.79585e-18 0.00816653 0 0.00816653 5.79585e-18 0 0 0 0
Plastic strain_rate_mean 0 0 0 0 0 0 0 0 0
Dissipation 0.0328685
End step 26
Begin step 27
Stress 5.511e-13 100.225 5.07078e-13 100.225 -1.4508e-12 -1.40695e-12 5.07078e-13 -1.40695e-12 -2.70151e-13
Strain 0 0.009 0 0.009 0 0 0 0 0
Strain mean -1.79701e-18 0.009 2.53539e-18 0.009 -1.38426e-34 -7.03473e-18 2.53539e-18 -7.03473e-18 -8.6065e-34
Plastic strain_mean -5.90327e-18 0.00849888 0 0.00849888 5.90327e-18 0 0 0 0
Plastic strain_rate_mean 0 0 0 0 0 0 0 0 0
Dissipation 0.0329237
End step 27
Begin step 28
Stress 7.08804e-13 100.421 6.43074e-13 100.421 -1.14219e-12 -1.25966e-12 6.43074e-13 -1.25966e-12 -1.30132e-13
Strain 0 0.00933333 0 0.00933333 0 0 0 0 0
Strain mean -8.65624e-19 0.00933333 3.21537e-18 0.00933333 -2.70834e-34 -6.29828e-18 3.21537e-18 -6.29828e-18 -8.77201e-34
Plastic strain_mean -5.0603e-18 0.00883123 0 0.00883123 5.0603e-18 0 0 0 0
Plastic strain_rate_mean 0 0 0 0 0 0 0 0 0
Dissipation 0.032979
End step 28
Begin step 29
Stress 9.22696e-13 100.618 9.27706e-13 100.618 -1.00379e-12 -1.08388e-12 9.27706e-13 -1.08388e-12 -2.43495e-14
Strain 0 0.00966667 0 0.00966667 0 0 0 0 0
Strain mean -1.6197e-19 0.00966667 4.63853e-18 0.00966667 4.57408e-34 -5.41942e-18 4.63853e-18 -5.41942e-18 -7.05673e-34
Plastic strain_mean -4.8972e-18 0.00916358 0 0.00916358 4.8972e-18 0 0 0 0
Plastic strain_rate_mean 0 0 0 0 0 0 0 0 0
Dissipation 0.0330344
End step 29
Begin step 30
Stress 1.06419e-12 100.814 1.37322e-12 100.814 -8.54997e-13 -9.48497e-13 1.37322e-12 -9.48497e-13 6.28127e-14
Strain 0 0.01 0 0.01 0 0 0 0 0
Strain mean 4.17823e-19 0.01 6.86612e-18 0.01 1.08334e-34 -4.74249e-18 6.86612e-18 -4.74249e-18 -3.20487e-34
Plastic strain_mean -4.58905e-18 0.00949593 0 0.00949593 4.58905e-18 0 0 0 0
Plastic strain_rate_mean 0 0 0 0 0 0 0 0 0
Dissipation 0.0330897
End step 30
