Begin step 0
Stress 0 0 0 0 0 0 0 0 0
Strain 0 0 0 0 0 0 0 0 0
Strain mean 0 0 0 0 0 0 0 0 0
Plastic strain_mean 0 0 0 0 0 0 0 0 0
Plastic strain_rate_mean 0 0 0 0 0 0 0 0 0
Dissipation 0
End step 0
Begin step 1
Stress 1.91775e-13 65.2786 -2.95847e-12 65.2786 -2.38081e-13 -6.73302e-13 -2.95847e-12 -6.73302e-13 -1.3904e-14
Strain 0 0.000333333 0 0.000333333 0 0 0 0 0
Strain mean -9.24881e-20 0.000333333 -1.47924e-17 0.000333333 1.21334e-32 -3.36651e-18 -1.47924e-17 -3.36651e-18 -2.31413e-33
Plastic strain_mean -1.12088e-18 6.94016e-06 0 6.94016e-06 1.12088e-18 0 0 0 0
Plastic strain_rate_mean 0 0 0 0 0 0 0 0 0
Dissipation 0.000453025
End step 1
Begin step 2
Stress -1.16591e-12 100.09 2.43221e-12 100.09 1.18741e-12 -2.18219e-12 2.43221e-12 -2.18219e-12 6.4542e-15
Strain 0 0.000666667 0 0.000666667 0 0 0 0 0
Strain mean 4.29326e-20 0.000666667 1.21611e-17 0.000666667 -6.95742e-33 -1.09109e-17 1.21611e-17 -1.09109e-17 3.00475e-33
Plastic strain_mean 5.90477e-18 0.000166214 0 0.000166214 -5.90477e-18 0 0 0 0
Plastic strain_rate_mean 0 0 0 0 0 0 0 0 0
Dissipation 0.0159376
End step 2
Begin step 3
Stress 6.66445e-13 100.302 3.85543e-12 100.302 -5.82036e-13 -5.5757e-12 3.85543e-12 -5.5757e-12 2.53452e-14
Strain 0 0.001 0 0.001 0 0 0 0 0
Strain mean 1.68593e-19 0.001 1.92772e-17 0.001 -6.42779e-33 -2.78785e-17 1.92772e-17 -2.78785e-17 2.87084e-33
Plastic strain_mean -3.03691e-18 0.000498492 0 0.000498492 3.03691e-18 0 0 0 0
Plastic strain_rate_mean 0 0 0 0 0 0 0 0 0
Dissipation 0.0333136
End step 3
Begin step 4
Stress -3.80113e-13 100.51 -1.57019e-13 100.51 4.85871e-13 -2.39073e-12 -1.57019e-13 -2.39073e-12 3.17557e-14
Strain 0 0.00133333 0 0.00133333 0 0 0 0 0
Strain mean 2.11235e-19 0.00133333 -7.85097e-19 0.00133333 4.63427e-34 -1.19536e-17 -7.85097e-19 -1.19536e-17 -1.58212e-33
Plastic strain_mean 2.27058e-18 0.000830784 0 0.000830784 -2.27058e-18 0 0 0 0
Plastic strain_rate_mean 0 0 0 0 0 0 0 0 0
Dissipation 0.0333742
End step 4
Begin step 5
Stress 9.09942e-13 100.717 1.14307e-12 100.717 -1.09999e-12 -1.4518e-12 1.14307e-12 -1.4518e-12 -5.7066e-14
Strain 0 0.00166667 0 0.00166667 0 0 0 0 0
Strain mean -3.79596e-19 0.00166667 5.71537e-18 0.00166667 1.45047e-33 -7.25899e-18 5.71537e-18 -7.25899e-18 -3.91205e-35
Plastic strain_mean -5.21464e-18 0.00116308 0 0.00116308 5.21464e-18 0 0 0 0
Plastic strain_rate_mean 0 0 0 0 0 0 0 0 0
Dissipation 0.0334337
End step 5
Begin step 6
Stress -2.10627e-12 100.923 7.22901e-14 100.923 2.046e-12 -3.77214e-12 7.22901e-14 -3.77214e-12 -1.80962e-14
Strain 0 0.002 0 0.002 0 0 0 0 0
Strain mean -1.20374e-19 0.002 3.6145e-19 0.002 -3.58704e-33 -1.88607e-17 3.6145e-19 -1.88607e-17 3.70441e-33
Plastic strain_mean 1.03205e-17 0.00149538 0 0.00149538 -1.03205e-17 0 0 0 0
Plastic strain_rate_mean 0 0 0 0 0 0 0 0 0
Dissipation 0.0334927
End step 6
Begin step 7
Stress -6.80518e-13 101.13 -3.03724e-13 101.13 8.17152e-13 -2.52456e-12 -3.03724e-13 -2.52456e-12 4.10265e-14
Strain 0 0.00233333 0 0.00233333 0 0 0 0 0
Strain mean 2.72904e-19 0.00233333 -1.51862e-18 0.00233333 -8.87733e-34 -1.26228e-17 -1.51862e-18 -1.26228e-17 -1.90487e-33
Plastic strain_mean 3.88063e-18 0.00182769 0 0.00182769 -3.88063e-18 0 0 0 0
Plastic strain_rate_mean 0 0 0 0 0 0 0 0 0
Dissipation 0.0335516
End step 7
Begin step 8
Stress 2.53898e-12 101.336 1.96252e-12 101.336 -2.28471e-12 -2.43175e-12 1.96252e-12 -2.43175e-12 7.635e-14
Strain 0 0.00266667 0 0.00266667 0 0 0 0 0
Strain mean 5.07871e-19 0.00266667 9.81262e-18 0.00266667 3.85186e-33 -1.21587e-17 9.81262e-18 -1.21587e-17 -4.36344e-34
Plastic strain_mean -1.18053e-17 0.00215999 0 0.00215999 1.18053e-17 0 0 0 0
Plastic strain_rate_mean 0 0 0 0 0 0 0 0 0
Dissipation 0.0336104
End step 8
Begin step 9
Stress 1.65494e-12 101.542 7.63958e-12 101.542 -1.8653e-12 -3.09062e-12 7.63958e-12 -3.09062e-12 -6.31621e-14
Strain 0 0.003 0 0.003 0 0 0 0 0
Strain mean -4.20147e-19 0.003 3.81979e-17 0.003 -4.69445e-33 -1.54531e-17 3.81979e-17 -1.54531e-17 2.33669e-33
Plastic strain_mean -9.01068e-18 0.00249229 0 0.00249229 9.01068e-18 0 0 0 0
Plastic strain_rate_mean 0 0 0 0 0 0 0 0 0
Dissipation 0.0336691
End step 9
Begin step 10
Stress 1.33772e-12 101.748 6.13269e-12 101.748 -1.56259e-12 -8.65912e-12 6.13269e-12 -8.65912e-12 -6.75202e-14
Strain 0 0.00333333 0 0.00333333 0 0 0 0 0
Strain mean -4.49137e-19 0.00333333 3.06635e-17 0.00333333 -4.1889e-33 -4.32956e-17 3.06635e-17 -4.32956e-17 5.26922e-33
Plastic strain_mean -7.47533e-18 0.00282459 0 0.00282459 7.47533e-18 0 0 0 0
Plastic strain_rate_mean 0 0 0 0 0 0 0 0 0
Dissipation 0.0337279
End step 10
Begin step 11
Stress 7.53853e-13 101.954 4.39648e-12 101.954 -1.34605e-12 -1.42276e-11 4.39648e-12 -1.42276e-11 -1.77818e-13
Strain 0 0.00366667 0 0.00366667 0 0 0 0 0
Strain mean -1.18283e-18 0.00366667 2.19824e-17 0.00366667 1.15556e-33 -7.11381e-17 2.19824e-17 -7.11381e-17 6.68659e-33
Plastic strain_mean -5.84118e-18 0.00315689 0 0.00315689 5.84118e-18 0 0 0 0
Plastic strain_rate_mean 0 0 0 0 0 0 0 0 0
Dissipation 0.0337867
End step 11
Begin step 12
Stress -1.72096e-12 102.161 1.80491e-12 102.161 1.56435e-12 -2.75589e-12 1.80491e-12 -2.75589e-12 -4.70222e-14
Strain 0 0.004 0 0.004 0 0 0 0 0
Strain mean -3.12786e-19 0.004 9.02454e-18 0.004 4.62073e-33 -1.37794e-17 9.02454e-18 -1.37794e-17 3.13415e-33
Plastic strain_mean 8.05688e-18 0.0034892 0 0.0034892 -8.05688e-18 0 0 0 0
Plastic strain_rate_mean 0 0 0 0 0 0 0 0 0
Dissipation 0.0338454
End step 12
Begin step 13
Stress -4.77324e-12 102.367 -8.91348e-13 102.367 4.2395e-12 8.71584e-12 -8.91348e-13 8.71584e-12 -1.60263e-13
Strain 0 0.00433333 0 0.00433333 0 0 0 0 0
Strain mean -1.06605e-18 0.00433333 -4.45674e-18 0.00433333 -7.36668e-33 4.35792e-17 -4.45674e-18 4.35792e-17 -5.14584e-34
Plastic strain_mean 2.19988e-17 0.0038215 0 0.0038215 -2.19988e-17 0 0 0 0
Plastic strain_rate_mean 0 0 0 0 0 0 0 0 0
Dissipation 0.0339042
End step 13
Begin step 14
Stress -7.01435e-12 102.573 -3.29119e-12 102.573 7.26645e-12 2.01876e-11 -3.29119e-12 2.01876e-11 7.56949e-14
Strain 0 0.00466667 0 0.00466667 0 0 0 0 0
Strain mean 5.03514e-19 0.00466667 -1.6456e-17 0.00466667 -4.03482e-32 1.00938e-16 -1.6456e-17 1.00938e-16 -6.60835e-33
Plastic strain_mean 3.59538e-17 0.0041538 0 0.0041538 -3.59538e-17 0 0 0 0
Plastic strain_rate_mean 0 0 0 0 0 0 0 0 0
Dissipation 0.033963
End step 14
Begin step 15
Stress -1.00823e-11 102.779 -5.77903e-12 102.779 9.94168e-12 3.16593e-11 -5.77903e-12 3.16593e-11 -4.22099e-14
Strain 0 0.005 0 0.005 0 0 0 0 0
Strain mean -2.80776e-19 0.005 -2.88952e-17 0.005 1.07852e-32 1.58297e-16 -2.88952e-17 1.58297e-16 -7.83613e-33
Plastic strain_mean 4.99195e-17 0.0044861 0 0.0044861 -4.99195e-17 0 0 0 0
Plastic strain_rate_mean 0 0 0 0 0 0 0 0 0
Dissipation 0.0340217
End step 15
Begin step 16
Stress 1.4411e-12 102.985 3.47447e-12 102.985 -1.69706e-12 -3.52644e-12 3.47447e-12 -3.52644e-12 -7.68565e-14
Strain 0 0.00533333 0 0.00533333 0 0 0 0 0
Strain mean -5.11241e-19 0.00533333 1.73724e-17 0.00533333 -3.50038e-32 -1.76322e-17 1.73724e-17 -1.76322e-17 -3.12512e-33
Plastic strain_mean -8.10103e-18 0.00481841 0 0.00481841 8.10103e-18 0 0 0 0
Plastic strain_rate_mean 0 0 0 0 0 0 0 0 0
Dissipation 0.0340805
End step 16
Begin step 17
Stress 1.3022e-11 103.192 1.27952e-11 103.192 -1.32846e-11 -3.87122e-11 1.27952e-11 -3.87122e-11 -7.88478e-14
Strain 0 0.00566667 0 0.00566667 0 0 0 0 0
Strain mean -5.24487e-19 0.00566667 6.39762e-17 0.00566667 -4.15038e-32 -1.93561e-16 6.39762e-17 -1.93561e-16 4.7426e-33
Plastic strain_mean -6.60286e-17 0.00515071 0 0.00515071 6.60286e-17 0 0 0 0
Plastic strain_rate_mean 0 0 0 0 0 0 0 0 0
Dissipation 0.0341393
End step 17
Begin step 18
Stress 2.46061e-11 103.398 2.2144e-11 103.398 -2.49111e-11 -7.38979e-11 2.2144e-11 -7.38979e-11 -9.15903e-14
Strain 0 0.006 0 0.006 0 0 0 0 0
Strain mean -6.09248e-19 0.006 1.1072e-16 0.006 1.00919e-31 -3.6949e-16 1.1072e-16 -3.6949e-16 1.06167e-32
Plastic strain_mean -1.24098e-16 0.00548301 0 0.00548301 1.24098e-16 0 0 0 0
Plastic strain_rate_mean 0 0 0 0 0 0 0 0 0
Dissipation 0.034198
End step 18
Begin step 19
Stress -1.48676e-13 103.604 3.3769e-12 103.604 2.34598e-13 -5.91283e-14 3.3769e-12 -5.91283e-14 2.57993e-14
Strain 0 0.00633333 0 0.00633333 0 0 0 0 0
Strain mean 1.71614e-19 0.00633333 1.68845e-17 0.00633333 9.19632e-33 -2.95641e-19 1.68845e-17 -2.95641e-19 -1.64005e-34
Plastic strain_mean 1.04399e-18 0.00581531 0 0.00581531 -1.04399e-18 0 0 0 0
Plastic strain_rate_mean 0 0 0 0 0 0 0 0 0
Dissipation 0.0342568
End step 19
Begin step 20
Stress -2.47489e-11 103.81 -1.53507e-11 103.81 2.54603e-11 7.37797e-11 -1.53507e-11 7.37797e-11 2.13591e-13
Strain 0 0.00666667 0 0.00666667 0 0 0 0 0
Strain mean 1.42078e-18 0.00666667 -7.67536e-17 0.00666667 -9.19632e-33 3.68898e-16 -7.67536e-17 3.68898e-16 -1.31445e-32
Plastic strain_mean 1.26233e-16 0.00614762 0 0.00614762 -1.26233e-16 0 0 0 0
Plastic strain_rate_mean 0 0 0 0 0 0 0 0 0
Dissipation 0.0343156
End step 20
Begin step 21
Stress -5.12329e-11 104.016 -3.44712e-11 104.016 4.98526e-11 1.47618e-10 -3.44712e-11 1.47618e-10 -4.14484e-13
Strain 0 0.007 0 0.007 0 0 0 0 0
Strain mean -2.7571e-18 0.007 -1.72356e-16 0.007 2.65778e-32 7.38092e-16 -1.72356e-16 7.38092e-16 -1.98852e-32
Plastic strain_mean 2.51335e-16 0.00647992 0 0.00647992 -2.51335e-16 0 0 0 0
Plastic strain_rate_mean 0 0 0 0 0 0 0 0 0
Dissipation 0.0343743
End step 21
Begin step 22
Stress 2.52117e-12 104.223 2.90867e-12 104.223 -2.15433e-12 -3.91382e-12 2.90867e-12 -3.91382e-12 1.10149e-13
Strain 0 0.00733333 0 0.00733333 0 0 0 0 0
Strain mean 7.32701e-19 0.00733333 1.45434e-17 0.00733333 -5.03631e-32 -1.95691e-17 1.45434e-17 -1.95691e-17 -1.4625e-33
Plastic strain_mean -1.13224e-17 0.00681222 0 0.00681222 1.13224e-17 0 0 0 0
Plastic strain_rate_mean 0 0 0 0 0 0 0 0 0
Dissipation 0.0344331
End step 22
Begin step 23
Stress 5.4705e-11 104.429 4.08871e-11 104.429 -5.49056e-11 -1.55446e-10 4.08871e-11 -1.55446e-10 -6.02188e-14
Strain 0 0.00766667 0 0.00766667 0 0 0 0 0
Strain mean -4.00569e-19 0.00766667 2.04436e-16 0.00766667 -1.19408e-32 -7.77231e-16 2.04436e-16 -7.77231e-16 2.46519e-32
Plastic strain_mean -2.74227e-16 0.00714452 0 0.00714452 2.74227e-16 0 0 0 0
Plastic strain_rate_mean 0 0 0 0 0 0 0 0 0
Dissipation 0.0344919
End step 23
Begin step 24
Stress 1.07658e-10 104.635 7.7914e-11 104.635 -1.07269e-10 -3.06978e-10 7.7914e-11 -3.06978e-10 1.16778e-13
Strain 0 0.008 0 0.008 0 0 0 0 0
Strain mean 7.76795e-19 0.008 3.8957e-16 0.008 1.17482e-31 -1.53489e-15 3.8957e-16 -1.53489e-15 5.44075e-32
Plastic strain_mean -5.3693e-16 0.00747683 0 0.00747683 5.3693e-16 0 0 0 0
Plastic strain_rate_mean 0 0 0 0 0 0 0 0 0
Dissipation 0.0345506
End step 24
Begin step 25
Stress -1.18502e-12 104.841 -2.7795e-12 104.841 1.36815e-12 3.15964e-12 -2.7795e-12 3.15964e-12 5.49873e-14
Strain 0 0.00833333 0 0.00833333 0 0 0 0 0
Strain mean 3.6577e-19 0.00833333 -1.38975e-17 0.00833333 7.58335e-33 1.57982e-17 -1.38975e-17 1.57982e-17 1.8507e-33
Plastic strain_mean 6.56579e-18 0.00780913 0 0.00780913 -6.56579e-18 0 0 0 0
Plastic strain_rate_mean 0 0 0 0 0 0 0 0 0
Dissipation 0.0346094
End step 25
Begin step 26
Stress -1.10089e-10 105.047 -8.35023e-11 105.047 1.10036e-10 3.13298e-10 -8.35023e-11 3.13298e-10 -1.58604e-14
Strain 0 0.00866667 0 0.00866667 0 0 0 0 0
Strain mean -1.05501e-19 0.00866667 -4.17511e-16 0.00866667 2.38045e-31 1.56649e-15 -4.17511e-16 1.56649e-15 -4.52594e-32
Plastic strain_mean 5.50259e-16 0.00814143 0 0.00814143 -5.50259e-16 0 0 0 0
Plastic strain_rate_mean 0 0 0 0 0 0 0 0 0
Dissipation 0.0346682
End step 26
Begin step 27
Stress -2.19268e-10 105.254 -1.64874e-10 105.254 2.18449e-10 6.23436e-10 -1.64874e-10 6.23436e-10 -2.46063e-13
Strain 0 0.009 0 0.009 0 0 0 0 0
Strain mean -1.63678e-18 0.009 -8.24368e-16 0.009 -1.1155e-30 3.11718e-15 -8.24368e-16 3.11718e-15 -7.22224e-32
Plastic strain_mean 1.09347e-15 0.00847373 0 0.00847373 -1.09347e-15 0 0 0 0
Plastic strain_rate_mean 0 0 0 0 0 0 0 0 0
Dissipation 0.0347269
End step 27
Begin step 28
Stress 6.80045e-13 105.46 -3.77716e-12 105.46 -1.77605e-13 -5.26703e-14 -3.77716e-12 -5.26703e-14 1.50866e-13
Strain 0 0.00933333 0 0.00933333 0 0 0 0 0
Strain mean 1.00354e-18 0.00933333 -1.88858e-17 0.00933333 -1.65148e-32 -2.63352e-19 -1.88858e-17 -2.63352e-19 5.47686e-34
Plastic strain_mean -1.64236e-18 0.00880603 0 0.00880603 1.64236e-18 0 0 0 0
Plastic strain_rate_mean 0 0 0 0 0 0 0 0 0
Dissipation 0.0347857
End step 28
Begin step 29
Stress 2.19237e-10 105.666 1.56708e-10 105.666 -2.19383e-10 -6.23541e-10 1.56708e-10 -6.23541e-10 -4.37733e-14
Strain 0 0.00966667 0 0.00966667 0 0 0 0 0
Strain mean -2.91175e-19 0.00966667 7.83539e-16 0.00966667 2.21867e-31 -3.11771e-15 7.83539e-16 -3.11771e-15 1.11704e-31
Plastic strain_mean -1.09669e-15 0.00913834 0 0.00913834 1.09669e-15 0 0 0 0
Plastic strain_rate_mean 0 0 0 0 0 0 0 0 0
Dissipation 0.0348445
End step 29
Begin step 30
Stress 4.38712e-10 105.872 3.17497e-10 105.872 -4.38355e-10 -1.24703e-09 3.17497e-10 -1.24703e-09 1.07215e-13
Strain 0 0.01 0 0.01 0 0 0 0 0
Strain mean 7.13181e-19 0.01 1.58749e-15 0.01 -2.15704e-30 -6.23515e-15 1.58749e-15 -6.23515e-15 1.61393e-31
Plastic strain_mean -2.19231e-15 0.00947064 0 0.00947064 2.19231e-15 0 0 0 0
Plastic strain_rate_mean 0 0 0 0 0 0 0 0 0
Dissipation 0.0349032
End step 30
