Begin step 0
Stress 0 0 0 0 0 0 0 0 0
Strain 0 0 0 0 0 0 0 0 0
Strain mean 0 0 0 0 0 0 0 0 0
Plastic strain_mean 0 0 0 0 0 0 0 0 0
Plastic strain_rate_mean 0 0 0 0 0 0 0 0 0
Dissipation 0
End step 0
Begin step 1
Stress 2.26205e-14 6.60293 3.28634e-12 6.60293 -2.19815e-14 -4.14991e-12 3.28634e-12 -4.14991e-12 1.91868e-16
Strain 0 3.33333e-05 0 3.33333e-05 0 0 0 0 0
Strain mean 1.27629e-21 3.33333e-05 1.64317e-17 3.33333e-05 -2.25144e-31 -2.07496e-17 1.64317e-17 -2.07496e-17 -1.8176e-33
Plastic strain_mean -1.10867e-19 3.18706e-07 0 3.18706e-07 1.10867e-19 0 0 0 0
Plastic strain_rate_mean 0 0 0 0 0 0 0 0 0
Dissipation 2.10436e-06
End step 1
Begin step 2
Stress 1.41194e-14 13.1422 2.12019e-12 13.1422 -1.56973e-14 2.23582e-12 2.12019e-12 2.23582e-12 -4.73803e-16
Strain 0 6.66667e-05 0 6.66667e-05 0 0 0 0 0
Strain mean -3.15168e-21 6.66667e-05 1.0601e-17 6.66667e-05 5.92223e-31 1.11791e-17 1.0601e-17 1.11791e-17 3.52987e-33
Plastic strain_mean -7.61176e-20 9.5589e-07 0 9.5589e-07 7.61176e-20 0 0 0 0
Plastic strain_rate_mean 0 0 0 0 0 0 0 0 0
Dissipation 8.37375e-06
End step 2
Begin step 3
Stress 1.4758e-14 19.6172 2.82283e-12 19.6172 -2.46802e-14 -6.01939e-12 2.82283e-12 -6.01939e-12 -2.97928e-15
Strain 0 0.0001 0 0.0001 0 0 0 0 0
Strain mean -1.98178e-20 0.0001 1.41142e-17 0.0001 1.68519e-32 -3.0097e-17 1.41142e-17 -3.0097e-17 -1.77321e-33
Plastic strain_mean -1.08504e-19 1.91414e-06 0 1.91414e-06 1.08504e-19 0 0 0 0
Plastic strain_rate_mean 0 0 0 0 0 0 0 0 0
Dissipation 1.87976e-05
End step 3
Begin step 4
Stress 3.97668e-14 26.0269 2.73225e-12 26.0269 -2.69105e-14 -4.9515e-12 2.73225e-12 -4.9515e-12 3.86029e-15
Strain 0 0.000133333 0 0.000133333 0 0 0 0 0
Strain mean 2.56782e-20 0.000133333 1.36612e-17 0.000133333 -2.47963e-33 -2.47575e-17 1.36612e-17 -2.47575e-17 6.91379e-33
Plastic strain_mean -1.53854e-19 3.19899e-06 0 3.19899e-06 1.53854e-19 0 0 0 0
Plastic strain_rate_mean 0 0 0 0 0 0 0 0 0
Dissipation 3.3439e-05
End step 4
Begin step 5
Stress 9.37169e-14 32.3695 5.59193e-12 32.3695 -7.07676e-14 -2.12286e-12 5.59193e-12 -2.12286e-12 6.89089e-15
Strain 0 0.000166667 0 0.000166667 0 0 0 0 0
Strain mean 4.58374e-20 0.000166667 2.79596e-17 0.000166667 1.93797e-33 -1.06143e-17 2.79596e-17 -1.06143e-17 6.46992e-34
Plastic strain_mean -3.88292e-19 4.81914e-06 0 4.81914e-06 3.88292e-19 0 0 0 0
Plastic strain_rate_mean 0 0 0 0 0 0 0 0 0
Dissipation 5.24406e-05
End step 5
Begin step 6
Stress 3.38107e-14 38.6426 -2.50859e-13 38.6426 -3.01676e-14 6.53265e-13 -2.50859e-13 6.53265e-13 1.0939e-15
Strain 0 0.0002 0 0.0002 0 0 0 0 0
Strain mean 7.27647e-21 0.0002 -1.25429e-18 0.0002 1.80556e-33 3.26633e-18 -1.25429e-18 3.26633e-18 -2.18774e-33
Plastic strain_mean -1.56307e-19 6.78697e-06 0 6.78697e-06 1.56307e-19 0 0 0 0
Plastic strain_rate_mean 0 0 0 0 0 0 0 0 0
Dissipation 7.60371e-05
End step 6
Begin step 7
Stress -6.97518e-14 44.8428 -7.03772e-13 44.8428 6.22621e-14 1.4229e-12 -7.03772e-13 1.4229e-12 -2.24893e-15
Strain 0 0.000233333 0 0.000233333 0 0 0 0 0
Strain mean -1.49596e-20 0.000233333 -3.51886e-18 0.000233333 2.05533e-32 7.1145e-18 -3.51886e-18 7.1145e-18 -3.85637e-33
Plastic strain_mean 3.22555e-19 9.11924e-06 0 9.11924e-06 -3.22555e-19 0 0 0 0
Plastic strain_rate_mean 0 0 0 0 0 0 0 0 0
Dissipation 0.000104578
End step 7
Begin step 8
Stress -5.02001e-14 50.9657 -3.84531e-12 50.9657 8.46386e-14 2.28584e-12 -3.84531e-12 2.28584e-12 1.03407e-14
Strain 0 0.000266667 0 0.000266667 0 0 0 0 0
Strain mean 6.87851e-20 0.000266667 -1.92266e-17 0.000266667 8.90743e-34 1.14292e-17 -1.92266e-17 1.14292e-17 -9.90048e-34
Plastic strain_mean 3.71489e-19 1.18382e-05 0 1.18382e-05 -3.71489e-19 0 0 0 0
Plastic strain_rate_mean 0 0 0 0 0 0 0 0 0
Dissipation 0.000138563
End step 8
Begin step 9
Stress -1.01501e-13 57.0053 -7.91233e-12 57.0053 9.07976e-14 4.66742e-12 -7.91233e-12 4.66742e-12 -3.214e-15
Strain 0 0.0003 0 0.0003 0 0 0 0 0
Strain mean -2.13792e-20 0.0003 -3.95617e-17 0.0003 3.45945e-32 2.33371e-17 -3.95617e-17 2.33371e-17 -1.20972e-33
Plastic strain_mean 4.70058e-19 1.49734e-05 0 1.49734e-05 -4.70058e-19 0 0 0 0
Plastic strain_rate_mean 0 0 0 0 0 0 0 0 0
Dissipation 0.000178703
End step 9
Begin step 10
Stress -2.48006e-13 62.9538 6.49514e-12 62.9538 2.23777e-13 -2.58638e-12 6.49514e-12 -2.58638e-12 -7.27517e-15
Strain 0 0.000333333 0 0.000333333 0 0 0 0 0
Strain mean -4.83936e-20 0.000333333 3.24757e-17 0.000333333 -1.12402e-31 -1.29319e-17 3.24757e-17 -1.29319e-17 5.84399e-33
Plastic strain_mean 1.15526e-18 1.85641e-05 0 1.85641e-05 -1.15526e-18 0 0 0 0
Plastic strain_rate_mean 0 0 0 0 0 0 0 0 0
Dissipation 0.000226025
End step 10
Begin step 11
Stress -2.85469e-13 68.8005 6.88511e-13 68.8005 3.058e-13 -1.69096e-12 6.88511e-13 -1.69096e-12 6.10485e-15
Strain 0 0.000366667 0 0.000366667 0 0 0 0 0
Strain mean 4.06088e-20 0.000366667 3.44256e-18 0.000366667 2.14163e-31 -8.45481e-18 3.44256e-18 -8.45481e-18 -2.06135e-33
Plastic strain_mean 1.49848e-18 2.26642e-05 0 2.26642e-05 -1.49848e-18 0 0 0 0
Plastic strain_rate_mean 0 0 0 0 0 0 0 0 0
Dissipation 0.000282048
End step 11
Begin step 12
Stress -1.98359e-13 74.5301 1.06224e-12 74.5301 2.18167e-13 -1.42909e-12 1.06224e-12 -1.42909e-12 5.94765e-15
Strain 0 0.0004 0 0.0004 0 0 0 0 0
Strain mean 3.95631e-20 0.0004 5.31118e-18 0.0004 -1.21334e-31 -7.14546e-18 5.31118e-18 -7.14546e-18 3.65325e-33
Plastic strain_mean 1.0611e-18 2.73493e-05 0 2.73493e-05 -1.0611e-18 0 0 0 0
Plastic strain_rate_mean 0 0 0 0 0 0 0 0 0
Dissipation 0.000349135
End step 12
Begin step 13
Stress -6.14069e-13 80.1202 2.48882e-12 80.1202 5.81245e-13 -5.50003e-12 2.48882e-12 -5.50003e-12 -9.85597e-15
Strain 0 0.000433333 0 0.000433333 0 0 0 0 0
Strain mean -6.55608e-20 0.000433333 1.24441e-17 0.000433333 4.20816e-32 -2.75001e-17 1.24441e-17 -2.75001e-17 5.76575e-33
Plastic strain_mean 2.9555e-18 3.27324e-05 0 3.27324e-05 -2.9555e-18 0 0 0 0
Plastic strain_rate_mean 0 0 0 0 0 0 0 0 0
Dissipation 0.000431221
End step 13
Begin step 14
Stress -2.60683e-13 85.5343 -2.58698e-12 85.5343 2.28644e-13 4.67766e-12 -2.58698e-12 4.67766e-12 -9.62017e-15
Strain 0 0.000466667 0 0.000466667 0 0 0 0 0
Strain mean -6.39922e-20 0.000466667 -1.29349e-17 0.000466667 -2.51575e-32 2.33883e-17 -1.29349e-17 2.33883e-17 9.50627e-33
Plastic strain_mean 1.19132e-18 3.89954e-05 0 3.89954e-05 -1.19132e-18 0 0 0 0
Plastic strain_rate_mean 0 0 0 0 0 0 0 0 0
Dissipation 0.000535595
End step 14
Begin step 15
Stress -1.32076e-13 90.7051 5.95721e-13 90.7051 1.69598e-13 3.89565e-13 5.95721e-13 3.89565e-13 1.12665e-14
Strain 0 0.0005 0 0.0005 0 0 0 0 0
Strain mean 7.49432e-20 0.0005 2.97861e-18 0.0005 -7.21742e-32 1.94783e-18 2.97861e-18 1.94783e-18 2.42848e-33
Plastic strain_mean 7.91656e-19 4.64743e-05 0 4.64743e-05 -7.91656e-19 0 0 0 0
Plastic strain_rate_mean 0 0 0 0 0 0 0 0 0
Dissipation 0.00067821
End step 15
Begin step 16
Stress -1.01207e-12 95.4719 8.72197e-12 95.4719 1.01272e-12 -2.38156e-12 8.72197e-12 -2.38156e-12 1.96508e-16
Strain 0 0.000533333 0 0.000533333 0 0 0 0 0
Strain mean 1.30715e-21 0.000533333 4.36098e-17 0.000533333 -2.77334e-32 -1.19078e-17 4.36098e-17 -1.19078e-17 -2.64815e-34
Plastic strain_mean 5.06263e-18 5.59737e-05 0 5.59737e-05 -5.06263e-18 0 0 0 0
Plastic strain_rate_mean 0 0 0 0 0 0 0 0 0
Dissipation 0.000906637
End step 16
Begin step 17
Stress -7.72587e-13 99.1241 3.90542e-13 99.1241 7.50423e-13 1.2362e-12 3.90542e-13 1.2362e-12 -6.65508e-15
Strain 0 0.000566667 0 0.000566667 0 0 0 0 0
Strain mean -4.42688e-20 0.000566667 1.95271e-18 0.000566667 3.98728e-33 6.18101e-18 1.95271e-18 6.18101e-18 1.09236e-33
Plastic strain_mean 3.78539e-18 7.10461e-05 0 7.10461e-05 -3.78539e-18 0 0 0 0
Plastic strain_rate_mean 0 0 0 0 0 0 0 0 0
Dissipation 0.00149306
End step 17
Begin step 18
Stress -9.27595e-13 100.005 5.87194e-13 100.005 8.29428e-13 1.01882e-12 5.87194e-13 1.01882e-12 -2.94762e-14
Strain 0 0.0006 0 0.0006 0 0 0 0 0
Strain mean -1.96072e-19 0.0006 2.93597e-18 0.0006 -3.2801e-34 5.0941e-18 2.93597e-18 5.0941e-18 -2.08241e-33
Plastic strain_mean 4.29452e-18 9.99732e-05 0 9.99732e-05 -4.29452e-18 0 0 0 0
Plastic strain_rate_mean 0 0 0 0 0 0 0 0 0
Dissipation 0.00289072
End step 18
Begin step 19
Stress 6.54065e-13 100.042 1.56212e-12 100.042 -6.08152e-13 5.06142e-13 1.56212e-12 5.06142e-13 1.37861e-14
Strain 0 0.000633333 0 0.000633333 0 0 0 0 0
Strain mean 9.17038e-20 0.000633333 7.8106e-18 0.000633333 5.97038e-33 2.53071e-18 7.8106e-18 2.53071e-18 3.91205e-34
Plastic strain_mean -3.10969e-18 0.000133123 0 0.000133123 3.10969e-18 0 0 0 0
Plastic strain_rate_mean 0 0 0 0 0 0 0 0 0
Dissipation 0.00331383
End step 19
Begin step 20
Stress 9.51084e-13 100.061 7.00286e-14 100.061 -9.12952e-13 3.31666e-12 7.00286e-14 3.31666e-12 1.14499e-14
Strain 0 0.000666667 0 0.000666667 0 0 0 0 0
Strain mean 7.61633e-20 0.000666667 3.50143e-19 0.000666667 -2.22445e-32 1.65833e-17 3.50143e-19 1.65833e-17 -4.3183e-34
Plastic strain_mean -4.62201e-18 0.000166363 0 0.000166363 4.62201e-18 0 0 0 0
Plastic strain_rate_mean 0 0 0 0 0 0 0 0 0
Dissipation 0.00332316
End step 20
Begin step 21
Stress -1.77484e-12 100.077 1.23994e-12 100.077 1.65965e-12 -5.52549e-13 1.23994e-12 -5.52549e-13 -3.45854e-14
Strain 0 0.0007 0 0.0007 0 0 0 0 0
Strain mean -2.30058e-19 0.0007 6.1997e-18 0.0007 7.31853e-33 -2.76275e-18 6.1997e-18 -2.76275e-18 3.23346e-33
Plastic strain_mean 8.4712e-18 0.000199616 0 0.000199616 -8.4712e-18 0 0 0 0
Plastic strain_rate_mean 0 0 0 0 0 0 0 0 0
Dissipation 0.00332469
End step 21
Begin step 22
Stress -1.47243e-12 100.092 -4.73488e-12 100.092 1.57904e-12 -1.07258e-12 -4.73488e-12 -1.07258e-12 3.20134e-14
Strain 0 0.000733333 0 0.000733333 0 0 0 0 0
Strain mean 2.12949e-19 0.000733333 -2.36744e-17 0.000733333 6.25927e-34 -5.36292e-18 -2.36744e-17 -5.36292e-18 7.35765e-34
Plastic strain_mean 7.73515e-18 0.000232871 0 0.000232871 -7.73515e-18 0 0 0 0
Plastic strain_rate_mean 0 0 0 0 0 0 0 0 0
Dissipation 0.00332532
End step 22
Begin step 23
Stress -2.27422e-12 100.108 -2.87965e-12 100.108 2.23641e-12 -1.68564e-12 -2.87965e-12 -1.68564e-12 -1.13538e-14
Strain 0 0.000766667 0 0.000766667 0 0 0 0 0
Strain mean -7.55242e-20 0.000766667 -1.43983e-17 0.000766667 -8.11298e-33 -8.42818e-18 -1.43983e-17 -8.42818e-18 6.40974e-33
Plastic strain_mean 1.12388e-17 0.000266126 0 0.000266126 -1.12388e-17 0 0 0 0
Plastic strain_rate_mean 0 0 0 0 0 0 0 0 0
Dissipation 0.00332561
End step 23
Begin step 24
Stress -1.4223e-12 100.124 -3.13918e-12 100.124 1.45198e-12 -1.758e-13 -3.13918e-12 -1.758e-13 8.91274e-15
Strain 0 0.0008 0 0.0008 0 0 0 0 0
Strain mean 5.92865e-20 0.0008 -1.56959e-17 0.0008 -3.37038e-34 -8.79001e-19 -1.56959e-17 -8.79001e-19 7.55326e-34
Plastic strain_mean 7.21533e-18 0.00029938 0 0.00029938 -7.21533e-18 0 0 0 0
Plastic strain_rate_mean 0 0 0 0 0 0 0 0 0
Dissipation 0.00332584
End step 24
Begin step 25
Stress -1.04569e-12 100.14 -2.30203e-12 100.14 1.00282e-12 6.16893e-14 -2.30203e-12 6.16893e-14 -1.28735e-14
Strain 0 0.000833333 0 0.000833333 0 0 0 0 0
Strain mean -8.56328e-20 0.000833333 -1.15101e-17 0.000833333 3.49075e-34 3.08446e-19 -1.15101e-17 3.08446e-19 6.86865e-34
Plastic strain_mean 5.07845e-18 0.000332631 0 0.000332631 -5.07845e-18 0 0 0 0
Plastic strain_rate_mean 0 0 0 0 0 0 0 0 0
Dissipation 0.0033261
End step 25
Begin step 26
Stress 9.01166e-14 100.157 -6.05768e-12 100.157 -1.67604e-14 1.9299e-12 -6.05768e-12 1.9299e-12 2.20264e-14
Strain 0 0.000866667 0 0.000866667 0 0 0 0 0
Strain mean 1.46517e-19 0.000866667 -3.02884e-17 0.000866667 -4.15279e-33 9.6495e-18 -3.02884e-17 9.6495e-18 -4.71025e-33
Plastic strain_mean -1.93934e-19 0.000365882 0 0.000365882 1.93934e-19 0 0 0 0
Plastic strain_rate_mean 0 0 0 0 0 0 0 0 0
Dissipation 0.00332639
End step 26
Begin step 27
Stress 1.27886e-13 100.174 -4.30569e-12 100.174 -1.25835e-13 1.15101e-12 -4.30569e-12 1.15101e-12 6.15726e-16
Strain 0 0.0009 0 0.0009 0 0 0 0 0
Strain mean 4.09574e-21 0.0009 -2.15285e-17 0.0009 -6.03057e-33 5.75503e-18 -2.15285e-17 5.75503e-18 -4.82573e-33
Plastic strain_mean -6.32254e-19 0.000399131 0 0.000399131 6.32254e-19 0 0 0 0
Plastic strain_rate_mean 0 0 0 0 0 0 0 0 0
Dissipation 0.00332671
End step 27
Begin step 28
Stress 3.6549e-14 100.191 -2.8234e-12 100.191 -8.01206e-14 1.64506e-14 -2.8234e-12 1.64506e-14 -1.30831e-14
Strain 0 0.000933333 0 0.000933333 0 0 0 0 0
Strain mean -8.70271e-20 0.000933333 -1.4117e-17 0.000933333 4.1588e-33 8.2253e-20 -1.4117e-17 8.2253e-20 -3.87429e-33
Plastic strain_mean -3.35188e-19 0.000432378 0 0.000432378 3.35188e-19 0 0 0 0
Plastic strain_rate_mean 0 0 0 0 0 0 0 0 0
Dissipation 0.00332707
End step 28
Begin step 29
Stress 1.9837e-14 100.208 -1.50986e-12 100.208 -8.72304e-14 -1.66189e-12 -1.50986e-12 -1.66189e-12 -2.0236e-14
Strain 0 0.000966667 0 0.000966667 0 0 0 0 0
Strain mean -1.34607e-19 0.000966667 -7.54931e-18 0.000966667 -7.21848e-34 -8.30945e-18 -7.54931e-18 -8.30945e-18 -2.41324e-33
Plastic strain_mean -3.34972e-19 0.000465625 0 0.000465625 3.34972e-19 0 0 0 0
Plastic strain_rate_mean 0 0 0 0 0 0 0 0 0
Dissipation 0.00332744
End step 29
Begin step 30
Stress -5.29156e-13 100.226 2.16382e-12 100.226 4.62199e-13 -1.30369e-11 2.16382e-12 -1.30369e-11 -2.0105e-14
Strain 0 0.001 0 0.001 0 0 0 0 0
Strain mean -1.33736e-19 0.001 1.08191e-17 0.001 -4.12871e-33 -6.51847e-17 1.08191e-17 -6.51847e-17 1.74537e-33
Plastic strain_mean 2.41152e-18 0.000498871 0 0.000498871 -2.41152e-18 0 0 0 0
Plastic strain_rate_mean 0 0 0 0 0 0 0 0 0
Dissipation 0.00332784
End step 30
