Begin step 0
Stress 0 0 0 0 0 0 0 0 0
Strain 0 0 0 0 0 0 0 0 0
Strain mean 0 0 0 0 0 0 0 0 0
Plastic strain_mean 0 0 0 0 0 0 0 0 0
Plastic strain_rate_mean 0 0 0 0 0 0 0 0 0
Dissipation 0
End step 0
Begin step 1
Stress -1.24354e-16 6.66453 -6.69622e-14 6.66453 4.91571e-16 1.72495e-12 -6.69622e-14 1.72495e-12 1.10263e-16
Strain 0 3.33333e-05 0 3.33333e-05 0 0 0 0 0
Strain mean 7.33456e-22 3.33333e-05 -3.34811e-19 3.33333e-05 6.01853e-34 8.62473e-18 -3.34811e-19 8.62473e-18 1.6393e-33
Plastic strain_mean 1.90654e-21 1.07067e-08 0 1.07067e-08 -1.90654e-21 0 0 0 0
Plastic strain_rate_mean 0 0 0 0 0 0 0 0 0
Dissipation 7.13552e-08
End step 1
Begin step 2
Stress 2.00825e-14 13.3269 2.55e-12 13.3269 -1.58068e-14 1.77899e-12 2.55e-12 1.77899e-12 1.28385e-15
Strain 0 6.66667e-05 0 6.66667e-05 0 0 0 0 0
Strain mean 8.54004e-21 6.66667e-05 1.275e-17 6.66667e-05 -1.28484e-31 8.89494e-18 1.275e-17 8.89494e-18 4.46575e-33
Plastic strain_mean -8.54531e-20 3.21167e-08 0 3.21167e-08 8.54531e-20 0 0 0 0
Plastic strain_rate_mean 0 0 0 0 0 0 0 0 0
Dissipation 2.85329e-07
End step 2
Begin step 3
Stress -2.09192e-14 19.9872 -5.5945e-14 19.9872 2.48895e-14 7.63239e-12 -5.5945e-14 7.63239e-12 1.19215e-15
Strain 0 0.0001 0 0.0001 0 0 0 0 0
Strain mean 7.93004e-21 0.0001 -2.79725e-19 0.0001 4.19853e-32 3.8162e-17 -2.79725e-19 3.8162e-17 -1.625e-34
Plastic strain_mean 1.18487e-19 6.42266e-08 0 6.42266e-08 -1.18487e-19 0 0 0 0
Plastic strain_rate_mean 0 0 0 0 0 0 0 0 0
Dissipation 6.41784e-07
End step 3
Begin step 4
Stress -4.10262e-14 26.6453 -5.68481e-14 26.6453 7.44975e-14 7.64153e-12 -5.68481e-14 7.64153e-12 1.00503e-14
Strain 0 0.000133333 0 0.000133333 0 0 0 0 0
Strain mean 6.68534e-20 0.000133333 -2.8424e-19 0.000133333 -2.00778e-32 3.82077e-17 -2.8424e-19 3.82077e-17 -5.77779e-34
Plastic strain_mean 3.22236e-19 1.07033e-07 0 1.07033e-07 -3.22236e-19 0 0 0 0
Plastic strain_rate_mean 0 0 0 0 0 0 0 0 0
Dissipation 1.14058e-06
End step 4
Begin step 5
Stress -9.80673e-14 33.3012 -6.44911e-14 33.3012 1.08498e-13 7.67653e-12 -6.44911e-14 7.67653e-12 3.13212e-15
Strain 0 0.000166667 0 0.000166667 0 0 0 0 0
Strain mean 2.08345e-20 0.000166667 -3.22456e-19 0.000166667 -6.94298e-32 3.83827e-17 -3.22456e-19 3.83827e-17 -1.92593e-34
Plastic strain_mean 5.26832e-19 1.60532e-07 0 1.60532e-07 -5.26832e-19 0 0 0 0
Plastic strain_rate_mean 0 0 0 0 0 0 0 0 0
Dissipation 1.78158e-06
End step 5
Begin step 6
Stress -1.42951e-13 39.9551 -6.52471e-14 39.9551 1.47634e-13 7.67202e-12 -6.52471e-14 7.67202e-12 1.40612e-15
Strain 0 0.0002 0 0.0002 0 0 0 0 0
Strain mean 9.35338e-21 0.0002 -3.26236e-19 0.0002 1.44397e-31 3.83601e-17 -3.26236e-19 3.83601e-17 -5.77779e-34
Plastic strain_mean 7.31137e-19 2.24721e-07 0 2.24721e-07 -7.31137e-19 0 0 0 0
Plastic strain_rate_mean 0 0 0 0 0 0 0 0 0
Dissipation 2.56466e-06
End step 6
Begin step 7
Stress -1.82001e-13 46.6067 2.03983e-12 46.6067 1.35818e-13 1.6522e-12 2.03983e-12 1.6522e-12 -1.38669e-14
Strain 0 0.000233333 0 0.000233333 0 0 0 0 0
Strain mean -9.22412e-20 0.000233333 1.01991e-17 0.000233333 -3.12964e-34 8.26098e-18 1.01991e-17 8.26098e-18 -6.05464e-33
Plastic strain_mean 7.48427e-19 2.99682e-07 0 2.99682e-07 -7.48427e-19 0 0 0 0
Plastic strain_rate_mean 0 0 0 0 0 0 0 0 0
Dissipation 3.4937e-06
End step 7
Begin step 8
Stress -1.40527e-13 53.2561 -1.96278e-12 53.2561 1.70849e-13 1.63093e-12 -1.96278e-12 1.63093e-12 9.10488e-15
Strain 0 0.000266667 0 0.000266667 0 0 0 0 0
Strain mean 6.05646e-20 0.000266667 -9.81391e-18 0.000266667 -1.28797e-33 8.15466e-18 -9.81391e-18 8.15466e-18 3.35533e-34
Plastic strain_mean 8.08723e-19 3.86212e-07 0 3.86212e-07 -8.08723e-19 0 0 0 0
Plastic strain_rate_mean 0 0 0 0 0 0 0 0 0
Dissipation 4.60826e-06
End step 8
Begin step 9
Stress -2.10874e-13 59.9025 -3.39003e-12 59.9025 2.07173e-13 3.5145e-12 -3.39003e-12 3.5145e-12 -1.11136e-15
Strain 0 0.0003 0 0.0003 0 0 0 0 0
Strain mean -7.39266e-21 0.0003 -1.69502e-17 0.0003 -2.26297e-33 1.75725e-17 -1.69502e-17 1.75725e-17 -3.87593e-33
Plastic strain_mean 1.04142e-18 4.87634e-07 0 4.87634e-07 -1.04142e-18 0 0 0 0
Plastic strain_rate_mean 0 0 0 0 0 0 0 0 0
Dissipation 6.07541e-06
End step 9
Begin step 10
Stress -3.25268e-13 66.5448 -4.13494e-12 66.5448 3.18607e-13 5.96672e-12 -4.13494e-12 5.96672e-12 -2.00002e-15
Strain 0 0.000333333 0 0.000333333 0 0 0 0 0
Strain mean -1.33039e-20 0.000333333 -2.06747e-17 0.000333333 -9.87039e-34 2.98336e-17 -2.06747e-17 2.98336e-17 -7.24029e-33
Plastic strain_mean 1.60303e-18 6.0955e-07 0 6.0955e-07 -1.60303e-18 0 0 0 0
Plastic strain_rate_mean 0 0 0 0 0 0 0 0 0
Dissipation 8.11285e-06
End step 10
Begin step 11
Stress -2.63611e-13 73.1809 -3.63021e-12 73.1809 2.50733e-13 -1.10373e-12 -3.63021e-12 -1.10373e-12 -3.86684e-15
Strain 0 0.000366667 0 0.000366667 0 0 0 0 0
Strain mean -2.57218e-20 0.000366667 -1.81511e-17 0.000366667 1.74537e-33 -5.51867e-18 -1.81511e-17 -5.51867e-18 1.19016e-33
Plastic strain_mean 1.273e-18 7.61935e-07 0 7.61935e-07 -1.273e-18 0 0 0 0
Plastic strain_rate_mean 0 0 0 0 0 0 0 0 0
Dissipation 1.11516e-05
End step 11
Begin step 12
Stress -3.32959e-13 79.8071 5.26877e-12 79.8071 3.03349e-13 -1.18383e-12 5.26877e-12 -1.18383e-12 -8.8909e-15
Strain 0 0.0004 0 0.0004 0 0 0 0 0
Strain mean -5.91413e-20 0.0004 2.63438e-17 0.0004 -3.65927e-33 -5.91914e-18 2.63438e-17 -5.91914e-18 -2.13658e-33
Plastic strain_mean 1.5612e-18 9.64731e-07 0 9.64731e-07 -1.5612e-18 0 0 0 0
Plastic strain_rate_mean 0 0 0 0 0 0 0 0 0
Dissipation 1.61845e-05
End step 12
Begin step 13
Stress -3.465e-13 86.4134 1.1091e-12 86.4134 3.78786e-13 -1.18663e-13 1.1091e-12 -1.18663e-13 9.6944e-15
Strain 0 0.000433333 0 0.000433333 0 0 0 0 0
Strain mean 6.4486e-20 0.000433333 5.5455e-18 0.000433333 1.44445e-33 -5.93313e-19 5.5455e-18 -5.93313e-19 4.8468e-34
Plastic strain_mean 1.84546e-18 1.26619e-06 0 1.26619e-06 -1.84546e-18 0 0 0 0
Plastic strain_rate_mean 0 0 0 0 0 0 0 0 0
Dissipation 2.60496e-05
End step 13
Begin step 14
Stress -3.80874e-13 92.9659 1.79959e-12 92.9659 3.73617e-13 1.513e-12 1.79959e-12 1.513e-12 -2.17906e-15
Strain 0 0.000466667 0 0.000466667 0 0 0 0 0
Strain mean -1.44948e-20 0.000466667 8.99795e-18 0.000466667 -6.28335e-33 7.56499e-18 8.99795e-18 7.56499e-18 -5.62244e-33
Plastic strain_mean 1.87898e-18 1.83714e-06 0 1.83714e-06 -1.87898e-18 0 0 0 0
Plastic strain_rate_mean 0 0 0 0 0 0 0 0 0
Dissipation 5.30785e-05
End step 14
Begin step 15
Stress -1.28775e-12 99.0265 3.56794e-12 99.0265 1.32893e-12 2.806e-13 3.56794e-12 2.806e-13 1.23669e-14
Strain 0 0.0005 0 0.0005 0 0 0 0 0
Strain mean 8.22633e-20 0.0005 1.78397e-17 0.0005 -1.31734e-31 1.403e-18 1.78397e-17 1.403e-18 6.68057e-34
Plastic strain_mean 6.58283e-18 4.86725e-06 0 4.86725e-06 -6.58283e-18 0 0 0 0
Plastic strain_rate_mean 0 0 0 0 0 0 0 0 0
Dissipation 0.000300054
End step 15
Begin step 16
Stress 6.94829e-13 100.314 -4.90117e-13 100.314 -6.87223e-13 6.12972e-13 -4.90117e-13 6.12972e-13 2.28386e-15
Strain 0 0.000533333 0 0.000533333 0 0 0 0 0
Strain mean 1.5192e-20 0.000533333 -2.45058e-18 0.000533333 2.40741e-33 3.06486e-18 -2.45058e-18 3.06486e-18 -2.90394e-34
Plastic strain_mean -3.44753e-18 3.17654e-05 0 3.17654e-05 3.44753e-18 0 0 0 0
Plastic strain_rate_mean 0 0 0 0 0 0 0 0 0
Dissipation 0.00269803
End step 16
Begin step 17
Stress -4.21025e-13 100.365 1.33453e-12 100.365 3.85598e-13 -3.57981e-13 1.33453e-12 -3.57981e-13 -1.06376e-14
Strain 0 0.000566667 0 0.000566667 0 0 0 0 0
Strain mean -7.07604e-20 0.000566667 6.67264e-18 0.000566667 2.74445e-33 -1.78991e-18 6.67264e-18 -1.78991e-18 4.04746e-34
Plastic strain_mean 1.98118e-18 6.48442e-05 0 6.48442e-05 -1.98118e-18 0 0 0 0
Plastic strain_rate_mean 0 0 0 0 0 0 0 0 0
Dissipation 0.00331954
End step 17
Begin step 18
Stress -2.04225e-13 100.386 -2.62012e-12 100.386 1.33487e-13 -2.49421e-12 -2.62012e-12 -2.49421e-12 -2.12403e-14
Strain 0 0.0006 0 0.0006 0 0 0 0 0
Strain mean -1.41288e-19 0.0006 -1.31006e-17 0.0006 3.70742e-32 -1.24711e-17 -1.31006e-17 -1.24711e-17 1.00246e-33
Plastic strain_mean 7.73635e-19 9.80716e-05 0 9.80716e-05 -7.73635e-19 0 0 0 0
Plastic strain_rate_mean 0 0 0 0 0 0 0 0 0
Dissipation 0.00333505
End step 18
Begin step 19
Stress 3.24872e-13 100.406 1.86625e-12 100.406 -3.32319e-13 9.40094e-13 1.86625e-12 9.40094e-13 -2.23583e-15
Strain 0 0.000633333 0 0.000633333 0 0 0 0 0
Strain mean -1.48725e-20 0.000633333 9.33126e-18 0.000633333 2.22445e-32 4.70047e-18 9.33126e-18 4.70047e-18 -2.19075e-33
Plastic strain_mean -1.65041e-18 0.000131303 0 0.000131303 1.65041e-18 0 0 0 0
Plastic strain_rate_mean 0 0 0 0 0 0 0 0 0
Dissipation 0.003336
End step 19
Begin step 20
Stress 2.36632e-12 100.426 -2.36404e-12 100.426 -2.24899e-12 -2.61549e-12 -2.36404e-12 -2.61549e-12 3.52317e-14
Strain 0 0.000666667 0 0.000666667 0 0 0 0 0
Strain mean 2.34357e-19 0.000666667 -1.18202e-17 0.000666667 1.365e-32 -1.30774e-17 -1.18202e-17 -1.30774e-17 4.96529e-34
Plastic strain_mean -1.14211e-17 0.000164534 0 0.000164534 1.14211e-17 0 0 0 0
Plastic strain_rate_mean 0 0 0 0 0 0 0 0 0
Dissipation 0.00333661
End step 20
Begin step 21
Stress -3.99523e-13 100.447 2.88169e-12 100.447 4.65724e-13 -1.68798e-12 2.88169e-12 -1.68798e-12 1.98779e-14
Strain 0 0.0007 0 0.0007 0 0 0 0 0
Strain mean 1.32225e-19 0.0007 1.44085e-17 0.0007 1.83144e-32 -8.43988e-18 1.44085e-17 -8.43988e-18 2.43751e-34
Plastic strain_mean 2.22923e-18 0.000197766 0 0.000197766 -2.22923e-18 0 0 0 0
Plastic strain_rate_mean 0 0 0 0 0 0 0 0 0
Dissipation 0.0033372
End step 21
Begin step 22
Stress -4.13673e-13 100.467 1.39189e-12 100.467 4.71439e-13 -1.02461e-12 1.39189e-12 -1.02461e-12 1.73451e-14
Strain 0 0.000733333 0 0.000733333 0 0 0 0 0
Strain mean 1.15378e-19 0.000733333 6.95947e-18 0.000733333 -1.64306e-33 -5.12307e-18 6.95947e-18 -5.12307e-18 -4.81482e-34
Plastic strain_mean 2.27047e-18 0.000230998 0 0.000230998 -2.27047e-18 0 0 0 0
Plastic strain_rate_mean 0 0 0 0 0 0 0 0 0
Dissipation 0.00333778
End step 22
Begin step 23
Stress -2.86254e-13 100.487 7.74635e-13 100.487 3.1697e-13 -6.47386e-13 7.74635e-13 -6.47386e-13 9.22278e-15
Strain 0 0.000766667 0 0.000766667 0 0 0 0 0
Strain mean 6.13489e-20 0.000766667 3.87317e-18 0.000766667 -3.91205e-34 -3.23693e-18 3.87317e-18 -3.23693e-18 2.25695e-35
Plastic strain_mean 1.53873e-18 0.000264229 0 0.000264229 -1.53873e-18 0 0 0 0
Plastic strain_rate_mean 0 0 0 0 0 0 0 0 0
Dissipation 0.00333835
End step 23
Begin step 24
Stress -2.07513e-12 100.508 -4.21014e-12 100.508 1.99368e-12 -1.33052e-12 -4.21014e-12 -1.33052e-12 -2.44543e-14
Strain 0 0.0008 0 0.0008 0 0 0 0 0
Strain mean -1.62668e-19 0.0008 -2.10507e-17 0.0008 -8.11392e-33 -6.65258e-18 -2.10507e-17 -6.65258e-18 -7.67363e-34
Plastic strain_mean 1.00907e-17 0.000297461 0 0.000297461 -1.00907e-17 0 0 0 0
Plastic strain_rate_mean 0 0 0 0 0 0 0 0 0
Dissipation 0.00333892
End step 24
Begin step 25
Stress -1.28139e-12 100.528 -2.87209e-12 100.528 1.36725e-12 -9.07767e-13 -2.87209e-12 -9.07767e-13 2.57819e-14
Strain 0 0.000833333 0 0.000833333 0 0 0 0 0
Strain mean 1.71498e-19 0.000833333 -1.43605e-17 0.000833333 4.36344e-34 -4.53884e-18 -1.43605e-17 -4.53884e-18 -1.03067e-33
Plastic strain_mean 6.70734e-18 0.000330692 0 0.000330692 -6.70734e-18 0 0 0 0
Plastic strain_rate_mean 0 0 0 0 0 0 0 0 0
Dissipation 0.00333949
End step 25
Begin step 26
Stress -8.76395e-13 100.549 -1.96944e-12 100.549 9.07837e-13 -6.22986e-13 -1.96944e-12 -6.22986e-13 9.44112e-15
Strain 0 0.000866667 0 0.000866667 0 0 0 0 0
Strain mean 6.28013e-20 0.000866667 -9.84718e-18 0.000866667 1.45799e-33 -3.11493e-18 -9.84718e-18 -3.11493e-18 -5.80036e-34
Plastic strain_mean 4.49198e-18 0.000363923 0 0.000363923 -4.49198e-18 0 0 0 0
Plastic strain_rate_mean 0 0 0 0 0 0 0 0 0
Dissipation 0.00334006
End step 26
Begin step 27
Stress 6.12122e-12 100.569 3.88889e-12 100.569 -6.04562e-12 -2.19127e-12 3.88889e-12 -2.19127e-12 2.26989e-14
Strain 0 0.0009 0 0.0009 0 0 0 0 0
Strain mean 1.5099e-19 0.0009 1.94444e-17 0.0009 -4.15279e-33 -1.09564e-17 1.94444e-17 -1.09564e-17 8.96639e-33
Plastic strain_mean -3.03416e-17 0.000397154 0 0.000397154 3.03416e-17 0 0 0 0
Plastic strain_rate_mean 0 0 0 0 0 0 0 0 0
Dissipation 0.00334063
End step 27
Begin step 28
Stress -2.24927e-12 100.59 -1.38491e-12 100.59 2.31561e-12 1.58844e-13 -1.38491e-12 1.58844e-13 1.99216e-14
Strain 0 0.000933333 0 0.000933333 0 0 0 0 0
Strain mean 1.32516e-19 0.000933333 -6.92454e-18 0.000933333 -1.10741e-33 7.9422e-19 -6.92454e-18 7.9422e-19 -3.02488e-33
Plastic strain_mean 1.14785e-17 0.000430385 0 0.000430385 -1.14785e-17 0 0 0 0
Plastic strain_rate_mean 0 0 0 0 0 0 0 0 0
Dissipation 0.00334121
End step 28
Begin step 29
Stress -2.53148e-12 100.61 -9.47676e-13 100.61 2.52461e-12 3.86272e-13 -9.47676e-13 3.86272e-13 -2.06552e-15
Strain 0 0.000966667 0 0.000966667 0 0 0 0 0
Strain mean -1.37396e-20 0.000966667 -4.73838e-18 0.000966667 4.0589e-32 1.93136e-18 -4.73838e-18 1.93136e-18 -1.8933e-33
Plastic strain_mean 1.26334e-17 0.000463615 0 0.000463615 -1.26334e-17 0 0 0 0
Plastic strain_rate_mean 0 0 0 0 0 0 0 0 0
Dissipation 0.00334179
End step 29
Begin step 30
Stress -2.01364e-12 100.631 -7.32933e-13 100.631 2.02973e-12 3.33804e-13 -7.32933e-13 3.33804e-13 4.82973e-15
Strain 0 0.001 0 0.001 0 0 0 0 0
Strain mean 3.21268e-20 0.001 -3.66466e-18 0.001 2.88889e-34 1.66902e-18 -3.66466e-18 1.66902e-18 -1.69121e-33
Plastic strain_mean 1.01245e-17 0.000496846 0 0.000496846 -1.01245e-17 0 0 0 0
Plastic strain_rate_mean 0 0 0 0 0 0 0 0 0
Dissipation 0.00334237
End step 30
