Begin step 0
Stress 0 0 0 0 0 0 0 0 0
Strain 0 0 0 0 0 0 0 0 0
Strain mean 0 0 0 0 0 0 0 0 0
Plastic strain_mean 0 0 0 0 0 0 0 0 0
Plastic strain_rate_mean 0 0 0 0 0 0 0 0 0
Dissipation 0
End step 0
Begin step 1
Stress 7.06624e-16 6.66667 -4.41865e-16 6.66667 3.03223e-16 -1.13007e-17 -4.41865e-16 -1.13007e-17 3.03223e-16
Strain 0 3.33333e-05 0 3.33333e-05 0 0 0 0 0
Strain mean 2.017e-21 3.33333e-05 -2.20932e-21 3.33333e-05 -8.93376e-37 -5.65036e-23 -2.20932e-21 -5.65036e-23 -8.83457e-38
Plastic strain_mean 1.06614e-27 1.6874e-18 0 1.6874e-18 -1.06614e-27 0 0 0 0
Plastic strain_rate_mean 0 0 0 0 0 0 0 0 0
Dissipation 1.12493e-17
End step 1
Begin step 2
Stress -1.29493e-15 13.3333 2.53577e-15 13.3333 -5.55699e-16 1.35196e-17 2.53577e-15 1.35196e-17 -5.55681e-16
Strain 0 6.66667e-05 0 6.66667e-05 0 0 0 0 0
Strain mean -3.69633e-21 6.66667e-05 1.26789e-20 6.66667e-05 -7.02358e-37 6.75979e-23 1.26789e-20 6.75979e-23 -2.2193e-36
Plastic strain_mean -8.82357e-26 1.72958e-15 0 1.72958e-15 8.82357e-26 0 0 0 0
Plastic strain_rate_mean 0 0 0 0 0 0 0 0 0
Dissipation 2.30386e-14
End step 2
Begin step 3
Stress -1.31448e-15 20 1.49509e-14 20 -5.61597e-16 5.02669e-17 1.49509e-14 5.02669e-17 -5.63323e-16
Strain 0 0.0001 0 0.0001 0 0 0 0 0
Strain mean -3.74716e-21 0.0001 7.47547e-20 0.0001 1.3048e-36 2.51335e-22 7.47547e-20 2.51335e-22 -9.7566e-37
Plastic strain_mean 8.63138e-24 1.01369e-13 0 1.01369e-13 -8.63138e-24 0 0 0 0
Plastic strain_rate_mean 0 0 0 0 0 0 0 0 0
Dissipation 1.99278e-12
End step 3
Begin step 4
Stress 6.42127e-15 26.6667 2.0724e-14 26.6667 2.7737e-15 -7.81893e-15 2.0724e-14 -7.81893e-15 2.76094e-15
Strain 0 0.000133333 0 0.000133333 0 0 0 0 0
Strain mean 1.83655e-20 0.000133333 1.0362e-19 0.000133333 -9.81538e-37 -3.90946e-20 1.0362e-19 -3.90946e-20 9.45097e-36
Plastic strain_mean 6.38161e-23 1.87073e-12 0 1.87073e-12 -6.38161e-23 0 0 0 0
Plastic strain_rate_mean 0 0 0 0 0 0 0 0 0
Dissipation 4.71829e-11
End step 4
Begin step 5
Stress -1.46612e-14 33.3333 -1.30412e-14 33.3333 -6.60106e-15 -3.44892e-14 -1.30412e-14 -3.44892e-14 -6.38433e-15
Strain 0 0.000166667 0 0.000166667 0 0 0 0 0
Strain mean -4.24678e-20 0.000166667 -6.52061e-20 0.000166667 1.66068e-35 -1.72446e-19 -6.52061e-20 -1.72446e-19 3.99668e-36
Plastic strain_mean -1.08365e-21 1.83492e-11 0 1.83492e-11 1.08365e-21 0 0 0 0
Plastic strain_rate_mean 0 0 0 0 0 0 0 0 0
Dissipation 5.49283e-10
End step 5
Begin step 6
Stress -9.10627e-15 40 -4.86372e-14 40 -5.32791e-15 -5.91862e-14 -4.86372e-14 -5.91862e-14 -4.3341e-15
Strain 0 0.0002 0 0.0002 0 0 0 0 0
Strain mean -2.88299e-20 0.0002 -2.43186e-19 0.0002 2.79297e-35 -2.95931e-19 -2.43186e-19 -2.95931e-19 8.17204e-35
Plastic strain_mean -4.96906e-21 1.20379e-10 0 1.20379e-10 4.96906e-21 0 0 0 0
Plastic strain_rate_mean 0 0 0 0 0 0 0 0 0
Dissipation 4.0812e-09
End step 6
Begin step 7
Stress -1.15824e-14 46.6665 3.31291e-13 46.6665 9.02278e-15 -1.57403e-15 3.31291e-13 -1.57403e-15 -7.68565e-16
Strain 0 0.000233333 0 0.000233333 0 0 0 0 0
Strain mean -5.11241e-21 0.000233333 1.65645e-18 0.000233333 -1.95602e-35 -7.87015e-21 1.65645e-18 -7.87015e-21 -4.36344e-35
Plastic strain_mean 4.89567e-20 5.97015e-10 0 5.97015e-10 -4.89567e-20 0 0 0 0
Plastic strain_rate_mean 0 0 0 0 0 0 0 0 0
Dissipation 2.2243e-08
End step 7
Begin step 8
Stress 2.17821e-14 53.3329 4.99464e-12 53.3329 6.80993e-15 -6.01342e-13 4.99464e-12 -6.01342e-13 8.58522e-15
Strain 0 0.000266667 0 0.000266667 0 0 0 0 0
Strain mean 5.71079e-20 0.000266667 2.49732e-17 0.000266667 5.59723e-34 -3.00671e-18 2.49732e-17 -3.00671e-18 -7.74886e-34
Plastic strain_mean -8.87648e-21 2.40868e-09 0 2.40868e-09 8.87648e-21 0 0 0 0
Plastic strain_rate_mean 0 0 0 0 0 0 0 0 0
Dissipation 9.66211e-08
End step 8
Begin step 9
Stress 3.68073e-14 59.9983 5.38263e-12 59.9983 -3.00592e-14 5.80172e-13 5.38263e-12 5.80172e-13 2.02622e-15
Strain 0 0.0003 0 0.0003 0 0 0 0 0
Strain mean 1.34782e-20 0.0003 2.69132e-17 0.0003 1.68519e-34 2.90086e-18 2.69132e-17 2.90086e-18 -3.65325e-33
Plastic strain_mean -1.60427e-19 8.29064e-09 0 8.29064e-09 1.60427e-19 0 0 0 0
Plastic strain_rate_mean 0 0 0 0 0 0 0 0 0
Dissipation 3.52908e-07
End step 9
Begin step 10
Stress 4.34895e-14 66.6616 -3.42402e-12 66.6616 -4.634e-14 2.70259e-12 -3.42402e-12 2.70259e-12 -8.55902e-16
Strain 0 0.000333333 0 0.000333333 0 0 0 0 0
Strain mean -5.69336e-21 0.000333333 -1.71201e-17 0.000333333 5.29631e-34 1.3513e-17 -1.71201e-17 1.3513e-17 -1.08973e-33
Plastic strain_mean -2.2742e-19 2.51519e-08 0 2.51519e-08 2.2742e-19 0 0 0 0
Plastic strain_rate_mean 0 0 0 0 0 0 0 0 0
Dissipation 1.124e-06
End step 10
Begin step 11
Stress 6.77058e-14 73.3196 -4.85089e-12 73.3196 -9.08369e-14 3.5917e-12 -4.85089e-12 3.5917e-12 -6.94547e-15
Strain 0 0.000366667 0 0.000366667 0 0 0 0 0
Strain mean -4.62005e-20 0.000366667 -2.42544e-17 0.000366667 -2.1426e-33 1.79585e-17 -2.42544e-17 1.79585e-17 -6.54515e-34
Plastic strain_mean -4.19457e-19 6.88362e-08 0 6.88362e-08 4.19457e-19 0 0 0 0
Plastic strain_rate_mean 0 0 0 0 0 0 0 0 0
Dissipation 3.20292e-06
End step 11
Begin step 12
Stress 1.80805e-13 79.9654 -5.81326e-12 79.9654 -1.63266e-13 4.38536e-12 -5.81326e-12 4.38536e-12 5.26642e-15
Strain 0 0.0004 0 0.0004 0 0 0 0 0
Strain mean 3.50316e-20 0.0004 -2.90663e-17 0.0004 -1.31204e-33 2.19268e-17 -2.90663e-17 2.19268e-17 -1.86574e-34
Plastic strain_mean -8.42661e-19 1.72863e-07 0 1.72863e-07 8.42661e-19 0 0 0 0
Plastic strain_rate_mean 0 0 0 0 0 0 0 0 0
Dissipation 8.31854e-06
End step 12
Begin step 13
Stress 2.99826e-13 86.586 -6.4613e-12 86.586 -3.1895e-13 5.01093e-12 -6.4613e-12 5.01093e-12 -5.7424e-15
Strain 0 0.000433333 0 0.000433333 0 0 0 0 0
Strain mean -3.81978e-20 0.000433333 -3.23065e-17 0.000433333 3.65927e-33 2.50547e-17 -3.23065e-17 2.50547e-17 -8.30557e-34
Plastic strain_mean -1.56604e-18 4.0332e-07 0 4.0332e-07 1.56604e-18 0 0 0 0
Plastic strain_rate_mean 0 0 0 0 0 0 0 0 0
Dissipation 1.99543e-05
End step 13
Begin step 14
Stress 2.65295e-13 93.1569 -2.95138e-13 93.1569 -2.99152e-13 1.66892e-13 -2.95138e-13 1.66892e-13 -1.0166e-14
Strain 0 0.000466667 0 0.000466667 0 0 0 0 0
Strain mean -6.76232e-20 0.000466667 -1.47569e-18 0.000466667 -8.45923e-33 8.34458e-19 -1.47569e-18 8.34458e-19 -5.58219e-34
Plastic strain_mean -1.44493e-18 8.82219e-07 0 8.82219e-07 1.44493e-18 0 0 0 0
Plastic strain_rate_mean 0 0 0 0 0 0 0 0 0
Dissipation 4.46126e-05
End step 14
Begin step 15
Stress 2.99546e-13 99.6359 -4.95275e-14 99.6359 -3.06555e-13 -1.96684e-13 -4.95275e-14 -1.96684e-13 -2.10482e-15
Strain 0 0.0005 0 0.0005 0 0 0 0 0
Strain mean -1.4001e-20 0.0005 -2.47637e-19 0.0005 -8.65013e-33 -9.83419e-19 -2.47637e-19 -9.83419e-19 9.0278e-36
Plastic strain_mean -1.52225e-18 1.82025e-06 0 1.82025e-06 1.52225e-18 0 0 0 0
Plastic strain_rate_mean 0 0 0 0 0 0 0 0 0
Dissipation 9.34612e-05
End step 15
Begin step 16
Stress 3.76917e-13 105.956 2.86719e-13 105.956 -3.39657e-13 -5.65979e-13 2.86719e-13 -5.65979e-13 1.11879e-14
Strain 0 0.000533333 0 0.000533333 0 0 0 0 0
Strain mean 7.44204e-20 0.000533333 1.4336e-18 0.000533333 2.95254e-32 -2.8299e-18 1.4336e-18 -2.8299e-18 5.58219e-34
Plastic strain_mean -1.75422e-18 3.555e-06 0 3.555e-06 1.75422e-18 0 0 0 0
Plastic strain_rate_mean 0 0 0 0 0 0 0 0 0
Dissipation 0.000183803
End step 16
Begin step 17
Stress 4.29418e-13 112.017 8.76816e-13 112.017 -3.81149e-13 -7.05488e-13 8.76816e-13 -7.05488e-13 1.44936e-14
Strain 0 0.000566667 0 0.000566667 0 0 0 0 0
Strain mean 9.64095e-20 0.000566667 4.38408e-18 0.000566667 3.0869e-32 -3.52744e-18 4.38408e-18 -3.52744e-18 4.64932e-34
Plastic strain_mean -1.97822e-18 6.58006e-06 0 6.58006e-06 1.97822e-18 0 0 0 0
Plastic strain_rate_mean 0 0 0 0 0 0 0 0 0
Dissipation 0.000338851
End step 17
Begin step 18
Stress 4.39456e-14 117.693 1.62593e-12 117.693 -1.89312e-14 -3.01747e-13 1.62593e-12 -3.01747e-13 7.51098e-15
Strain 0 0.0006 0 0.0006 0 0 0 0 0
Strain mean 4.99622e-20 0.0006 8.12963e-18 0.0006 -8.43557e-32 -1.50873e-18 8.12963e-18 -1.50873e-18 -3.03475e-33
Plastic strain_mean -1.32211e-19 1.15368e-05 0 1.15368e-05 1.32211e-19 0 0 0 0
Plastic strain_rate_mean 0 0 0 0 0 0 0 0 0
Dissipation 0.00058335
End step 18
Begin step 19
Stress 4.30149e-14 122.839 -1.19739e-12 122.839 -3.40708e-14 2.81112e-12 -1.19739e-12 2.81112e-12 2.68561e-15
Strain 0 0.000633333 0 0.000633333 0 0 0 0 0
Strain mean 1.78644e-20 0.000633333 -5.98696e-18 0.000633333 1.14352e-32 1.40556e-17 -5.98696e-18 1.40556e-17 -3.96772e-33
Plastic strain_mean -1.83782e-19 1.91368e-05 0 1.91368e-05 1.83782e-19 0 0 0 0
Plastic strain_rate_mean 0 0 0 0 0 0 0 0 0
Dissipation 0.000933513
End step 19
Begin step 20
Stress -2.23532e-14 127.331 -7.13099e-13 127.331 3.68528e-14 -1.37421e-12 -7.13099e-13 -1.37421e-12 4.35375e-15
Strain 0 0.000666667 0 0.000666667 0 0 0 0 0
Strain mean 2.89606e-20 0.000666667 -3.56549e-18 0.000666667 8.76298e-33 -6.87104e-18 -3.56549e-18 -6.87104e-18 -7.18613e-33
Plastic strain_mean 1.62495e-19 3.00112e-05 0 3.00112e-05 -1.62495e-19 0 0 0 0
Plastic strain_rate_mean 0 0 0 0 0 0 0 0 0
Dissipation 0.00138452
End step 20
Begin step 21
Stress 1.23319e-12 131.091 5.9823e-13 131.091 -1.22123e-12 -2.28467e-12 5.9823e-13 -2.28467e-12 3.58955e-15
Strain 0 0.0007 0 0.0007 0 0 0 0 0
Strain mean 2.38773e-20 0.0007 2.99115e-18 0.0007 -4.1889e-33 -1.14233e-17 2.99115e-18 -1.14233e-17 2.54509e-33
Plastic strain_mean -6.12411e-18 4.45426e-05 0 4.45426e-05 6.12411e-18 0 0 0 0
Plastic strain_rate_mean 0 0 0 0 0 0 0 0 0
Dissipation 0.00190469
End step 21
Begin step 22
Stress -4.10549e-13 134.113 3.56928e-13 134.113 3.32946e-13 1.43483e-12 3.56928e-13 1.43483e-12 -2.33015e-14
Strain 0 0.000733333 0 0.000733333 0 0 0 0 0
Strain mean -1.54999e-19 0.000733333 1.78464e-18 0.000733333 -1.70445e-32 7.17413e-18 1.78464e-18 7.17413e-18 -5.51899e-33
Plastic strain_mean 1.78124e-18 6.27674e-05 0 6.27674e-05 -1.78124e-18 0 0 0 0
Plastic strain_rate_mean 0 0 0 0 0 0 0 0 0
Dissipation 0.00244373
End step 22
Begin step 23
Stress 3.18282e-13 136.454 1.00986e-12 136.454 -2.24333e-13 -2.69713e-12 1.00986e-12 -2.69713e-12 2.82098e-14
Strain 0 0.000766667 0 0.000766667 0 0 0 0 0
Strain mean 1.87649e-19 0.000766667 5.04932e-18 0.000766667 -1.57156e-31 -1.34857e-17 5.04932e-18 -1.34857e-17 5.35649e-34
Plastic strain_mean -1.26271e-18 8.43983e-05 0 8.43983e-05 1.26271e-18 0 0 0 0
Plastic strain_rate_mean 0 0 0 0 0 0 0 0 0
Dissipation 0.00295089
End step 23
Begin step 24
Stress -1.29643e-12 138.212 3.164e-12 138.212 1.36903e-12 -3.22892e-12 3.164e-12 -3.22892e-12 2.17993e-14
Strain 0 0.0008 0 0.0008 0 0 0 0 0
Strain mean 1.45006e-19 0.0008 1.582e-17 0.0008 -7.98298e-32 -1.61446e-17 1.582e-17 -1.61446e-17 -5.7176e-34
Plastic strain_mean 6.73617e-18 0.000108938 0 0.000108938 -6.73617e-18 0 0 0 0
Plastic strain_rate_mean 0 0 0 0 0 0 0 0 0
Dissipation 0.00339068
End step 24
Begin step 25
Stress 1.41895e-12 139.504 -2.55348e-12 139.504 -1.28512e-12 -9.90454e-13 -2.55348e-12 -9.90454e-13 4.01837e-14
Strain 0 0.000833333 0 0.000833333 0 0 0 0 0
Strain mean 2.67298e-19 0.000833333 -1.27674e-17 0.000833333 -4.8726e-32 -4.95227e-18 -1.27674e-17 -4.95227e-18 -4.04746e-33
Plastic strain_mean -6.62654e-18 0.000135815 0 0.000135815 6.62654e-18 0 0 0 0
Plastic strain_rate_mean 0 0 0 0 0 0 0 0 0
Dissipation 0.00374797
End step 25
Begin step 26
Stress -1.27212e-14 140.437 -1.49813e-13 140.437 -2.53967e-14 -8.61419e-13 -1.49813e-13 -8.61419e-13 -1.14455e-14
Strain 0 0.000866667 0 0.000866667 0 0 0 0 0
Strain mean -7.61342e-20 0.000866667 -7.49064e-19 0.000866667 2.67704e-32 -4.3071e-18 -7.49064e-19 -4.3071e-18 -3.86239e-33
Plastic strain_mean -6.97557e-20 0.000164482 0 0.000164482 6.97557e-20 0 0 0 0
Plastic strain_rate_mean 0 0 0 0 0 0 0 0 0
Dissipation 0.00402414
End step 26
Begin step 27
Stress -1.09906e-12 141.105 2.15955e-13 141.105 1.16178e-12 3.25843e-12 2.15955e-13 3.25843e-12 1.88298e-14
Strain 0 0.0009 0 0.0009 0 0 0 0 0
Strain mean 1.25254e-19 0.0009 1.07977e-18 0.0009 -1.16729e-32 1.62921e-17 1.07977e-18 1.62921e-17 4.24683e-33
Plastic strain_mean 5.71473e-18 0.000194475 0 0.000194475 -5.71473e-18 0 0 0 0
Plastic strain_rate_mean 0 0 0 0 0 0 0 0 0
Dissipation 0.00422994
End step 27
Begin step 28
Stress -1.1027e-12 141.582 -5.15507e-14 141.582 1.18519e-12 7.26479e-13 -5.15507e-14 7.26479e-13 2.47688e-14
Strain 0 0.000933333 0 0.000933333 0 0 0 0 0
Strain mean 1.64759e-19 0.000933333 -2.57754e-19 0.000933333 1.0713e-33 3.63239e-18 -2.57754e-19 3.63239e-18 -2.13658e-34
Plastic strain_mean 5.80208e-18 0.000225424 0 0.000225424 -5.80208e-18 0 0 0 0
Plastic strain_rate_mean 0 0 0 0 0 0 0 0 0
Dissipation 0.00437934
End step 28
Begin step 29
Stress -1.11424e-12 141.923 1.65596e-13 141.923 1.0839e-12 -2.29941e-12 1.65596e-13 -2.29941e-12 -9.10924e-15
Strain 0 0.000966667 0 0.000966667 0 0 0 0 0
Strain mean -6.05936e-20 0.000966667 8.27978e-19 0.000966667 -2.05646e-33 -1.14971e-17 8.27978e-19 -1.14971e-17 6.02605e-34
Plastic strain_mean 5.46505e-18 0.000257053 0 0.000257053 -5.46505e-18 0 0 0 0
Plastic strain_rate_mean 0 0 0 0 0 0 0 0 0
Dissipation 0.00448584
End step 29
Begin step 30
Stress 1.01123e-12 142.169 7.66101e-14 142.169 -1.10183e-12 -3.92137e-12 7.66101e-14 -3.92137e-12 -2.72055e-14
Strain 0 0.001 0 0.001 0 0 0 0 0
Strain mean -1.80968e-19 0.001 3.8305e-19 0.001 4.64631e-33 -1.96069e-17 3.8305e-19 -1.96069e-17 1.64908e-33
Plastic strain_mean -5.37314e-18 0.000289157 0 0.000289157 5.37314e-18 0 0 0 0
Plastic strain_rate_mean 0 0 0 0 0 0 0 0 0
Dissipation 0.00456085
End step 30
