Begin step 0
Stress 0 0 0 0 0 0 0 0 0
Strain 0 0 0 0 0 0 0 0 0
Strain mean 0 0 0 0 0 0 0 0 0
Plastic strain_mean 0 0 0 0 0 0 0 0 0
Plastic strain_rate_mean 0 0 0 0 0 0 0 0 0
Dissipation 0
End step 0
Begin step 1
Stress 1.62759e-15 6.66667 7.32377e-16 6.66667 6.98423e-16 -2.00066e-17 7.32377e-16 -2.00066e-17 6.98423e-16
Strain 0 3.33333e-05 0 3.33333e-05 0 0 0 0 0
Strain mean 4.64583e-21 3.33333e-05 3.66188e-21 3.33333e-05 -1.56341e-36 -1.00033e-22 3.66188e-21 -1.00033e-22 -3.99668e-37
Plastic strain_mean 1.52789e-27 2.77581e-18 0 2.77581e-18 -1.52789e-27 0 0 0 0
Plastic strain_rate_mean 0 0 0 0 0 0 0 0 0
Dissipation 1.85054e-17
End step 1
Begin step 2
Stress 2.56264e-15 13.3333 4.33416e-15 13.3333 1.10044e-15 -3.90186e-17 4.33416e-15 -3.90186e-17 1.0999e-15
Strain 0 6.66667e-05 0 6.66667e-05 0 0 0 0 0
Strain mean 7.31641e-21 6.66667e-05 2.16708e-20 6.66667e-05 -5.23095e-37 -1.95093e-22 2.16708e-20 -1.95093e-22 1.82202e-37
Plastic strain_mean 2.7206e-24 6.14279e-15 0 6.14279e-15 -2.7206e-24 0 0 0 0
Plastic strain_rate_mean 0 0 0 0 0 0 0 0 0
Dissipation 8.18668e-14
End step 2
Begin step 3
Stress 4.27011e-15 20 1.38602e-15 20 1.80897e-15 1.88329e-15 1.38602e-15 1.88329e-15 1.82534e-15
Strain 0 0.0001 0 0.0001 0 0 0 0 0
Strain mean 1.2142e-20 0.0001 6.93009e-21 0.0001 2.77417e-36 9.41644e-21 6.93009e-21 9.41644e-21 -5.43372e-36
Plastic strain_mean -8.18621e-23 5.61712e-13 0 5.61712e-13 8.18621e-23 0 0 0 0
Plastic strain_rate_mean 0 0 0 0 0 0 0 0 0
Dissipation 1.11114e-11
End step 3
Begin step 4
Stress 4.58457e-15 26.6667 6.95834e-15 26.6667 2.11987e-15 1.50153e-15 6.95834e-15 1.50153e-15 2.01312e-15
Strain 0 0.000133333 0 0.000133333 0 0 0 0 0
Strain mean 1.3391e-20 0.000133333 3.47917e-20 0.000133333 5.87747e-37 7.50764e-21 3.47917e-20 7.50764e-21 -2.39287e-36
Plastic strain_mean 5.33766e-22 1.41432e-11 0 1.41432e-11 -5.33766e-22 0 0 0 0
Plastic strain_rate_mean 0 0 0 0 0 0 0 0 0
Dissipation 3.62172e-10
End step 4
Begin step 5
Stress 2.31554e-15 33.3333 2.39418e-12 33.3333 -2.92636e-15 1.54253e-12 2.39418e-12 1.54253e-12 -1.83408e-16
Strain 0 0.000166667 0 0.000166667 0 0 0 0 0
Strain mean -1.22001e-21 0.000166667 1.19709e-17 0.000166667 -6.5602e-34 7.71263e-18 1.19709e-17 7.71263e-18 -1.93157e-34
Plastic strain_mean -1.37147e-20 1.76219e-10 0 1.76219e-10 1.37147e-20 0 0 0 0
Plastic strain_rate_mean 0 0 0 0 0 0 0 0 0
Dissipation 5.40254e-09
End step 5
Begin step 6
Stress -1.14705e-14 39.9997 6.37431e-12 39.9997 1.0547e-14 1.64838e-12 6.37431e-12 1.64838e-12 -2.77295e-16
Strain 0 0.0002 0 0.0002 0 0 0 0 0
Strain mean -1.84453e-21 0.0002 3.18715e-17 0.0002 1.84318e-34 8.24189e-18 3.18715e-17 8.24189e-18 -2.35325e-33
Plastic strain_mean 5.41214e-20 1.40502e-09 0 1.40502e-09 -5.41214e-20 0 0 0 0
Plastic strain_rate_mean 0 0 0 0 0 0 0 0 0
Dissipation 4.91518e-08
End step 6
Begin step 7
Stress -5.47783e-14 46.665 -6.07156e-12 46.665 5.85523e-14 -8.6511e-14 -6.07156e-12 -8.6511e-14 1.1332e-15
Strain 0 0.000233333 0 0.000233333 0 0 0 0 0
Strain mean 7.5379e-21 0.000233333 -3.03578e-17 0.000233333 -3.25001e-34 -4.32555e-19 -3.03578e-17 -4.32555e-19 3.69538e-33
Plastic strain_mean 2.87096e-19 8.21584e-09 0 8.21584e-09 -2.87096e-19 0 0 0 0
Plastic strain_rate_mean 0 0 0 0 0 0 0 0 0
Dissipation 3.17827e-07
End step 7
Begin step 8
Stress 5.41843e-14 53.3257 4.64544e-12 53.3257 -4.08336e-14 1.07138e-12 4.64544e-12 1.07138e-12 4.00877e-15
Strain 0 0.000266667 0 0.000266667 0 0 0 0 0
Strain mean 2.66659e-20 0.000266667 2.32272e-17 0.000266667 -2.22686e-34 5.35692e-18 2.32272e-17 5.35692e-18 -1.27743e-33
Plastic strain_mean -2.24212e-19 3.82096e-08 0 3.82096e-08 2.24212e-19 0 0 0 0
Plastic strain_rate_mean 0 0 0 0 0 0 0 0 0
Dissipation 1.59944e-06
End step 8
Begin step 9
Stress 1.00327e-13 59.9702 1.17265e-12 59.9702 -8.17844e-14 -1.87402e-12 1.17265e-12 -1.87402e-12 5.56773e-15
Strain 0 0.0003 0 0.0003 0 0 0 0 0
Strain mean 3.70359e-20 0.0003 5.86326e-18 0.0003 1.86815e-32 -9.37011e-18 5.86326e-18 -9.37011e-18 -4.5139e-34
Plastic strain_mean -4.36761e-19 1.48791e-07 0 1.48791e-07 4.36761e-19 0 0 0 0
Plastic strain_rate_mean 0 0 0 0 0 0 0 0 0
Dissipation 6.6316e-06
End step 9
Begin step 10
Stress 9.28887e-14 66.5664 8.39957e-13 66.5664 -8.93401e-14 -2.20189e-12 8.39957e-13 -2.20189e-12 1.06551e-15
Strain 0 0.000333333 0 0.000333333 0 0 0 0 0
Strain mean 7.08766e-21 0.000333333 4.19979e-18 0.000333333 -4.79978e-33 -1.10095e-17 4.19979e-18 -1.10095e-17 -2.06436e-33
Plastic strain_mean -4.52028e-19 5.01334e-07 0 5.01334e-07 4.52028e-19 0 0 0 0
Plastic strain_rate_mean 0 0 0 0 0 0 0 0 0
Dissipation 2.34674e-05
End step 10
Begin step 11
Stress 9.77608e-14 73.0355 1.90906e-12 73.0355 -6.93869e-14 1.7193e-12 1.90906e-12 1.7193e-12 8.51972e-15
Strain 0 0.000366667 0 0.000366667 0 0 0 0 0
Strain mean 5.66722e-20 0.000366667 9.54531e-18 0.000366667 -1.57348e-31 8.59648e-18 9.54531e-18 8.59648e-18 -2.64815e-33
Plastic strain_mean -3.89533e-19 1.48922e-06 0 1.48922e-06 3.89533e-19 0 0 0 0
Plastic strain_rate_mean 0 0 0 0 0 0 0 0 0
Dissipation 7.215e-05
End step 11
Begin step 12
Stress -1.21966e-13 79.2151 2.1763e-12 79.2151 1.34051e-13 1.67381e-12 2.1763e-12 1.67381e-12 3.62885e-15
Strain 0 0.0004 0 0.0004 0 0 0 0 0
Strain mean 2.41387e-20 0.0004 1.08815e-17 0.0004 3.13927e-31 8.36905e-18 1.08815e-17 8.36905e-18 1.50463e-35
Plastic strain_mean 6.52113e-19 3.92436e-06 0 3.92436e-06 -6.52113e-19 0 0 0 0
Plastic strain_rate_mean 0 0 0 0 0 0 0 0 0
Dissipation 0.000192896
End step 12
Begin step 13
Stress -7.36374e-13 84.8388 2.33466e-12 84.8388 6.94984e-13 4.12353e-12 2.33466e-12 4.12353e-12 -1.2428e-14
Strain 0 0.000433333 0 0.000433333 0 0 0 0 0
Strain mean -8.267e-20 0.000433333 1.16733e-17 0.000433333 9.91854e-32 2.06176e-17 1.16733e-17 2.06176e-17 4.63427e-34
Plastic strain_mean 3.53706e-18 9.13924e-06 0 9.13924e-06 -3.53706e-18 0 0 0 0
Plastic strain_rate_mean 0 0 0 0 0 0 0 0 0
Dissipation 0.000442405
End step 13
Begin step 14
Stress 1.20414e-14 89.5953 4.46761e-14 89.5953 -6.9749e-14 -6.19007e-13 4.46761e-14 -6.19007e-13 -1.73277e-14
Strain 0 0.000466667 0 0.000466667 0 0 0 0 0
Strain mean -1.15262e-19 0.000466667 2.2338e-19 0.000466667 -9.25891e-32 -3.09503e-18 2.2338e-19 -3.09503e-18 -1.77547e-34
Plastic strain_mean -2.62107e-19 1.86902e-05 0 1.86902e-05 2.62107e-19 0 0 0 0
Plastic strain_rate_mean 0 0 0 0 0 0 0 0 0
Dissipation 0.000855645
End step 14
Begin step 15
Stress 8.53362e-13 93.278 -6.06745e-13 93.278 -7.99611e-13 3.17438e-12 -6.06745e-13 3.17438e-12 1.61399e-14
Strain 0 0.0005 0 0.0005 0 0 0 0 0
Strain mean 1.07361e-19 0.0005 -3.03372e-18 0.0005 3.77482e-32 1.58719e-17 -3.03372e-18 1.58719e-17 -6.92131e-34
Plastic strain_mean -4.07875e-18 3.36101e-05 0 3.36101e-05 4.07875e-18 0 0 0 0
Plastic strain_rate_mean 0 0 0 0 0 0 0 0 0
Dissipation 0.0013915
End step 15
Begin step 16
Stress -6.64483e-13 95.8948 -1.24547e-15 95.8948 6.02878e-13 -1.70606e-12 -1.24547e-15 -1.70606e-12 -1.8498e-14
Strain 0 0.000533333 0 0.000533333 0 0 0 0 0
Strain mean -1.23046e-19 0.000533333 -6.22737e-21 0.000533333 6.01853e-33 -8.5303e-18 -6.22737e-21 -8.5303e-18 4.51089e-33
Plastic strain_mean 3.10688e-18 5.38593e-05 0 5.38593e-05 -3.10688e-18 0 0 0 0
Plastic strain_rate_mean 0 0 0 0 0 0 0 0 0
Dissipation 0.00194136
End step 16
Begin step 17
Stress -2.14458e-13 97.6303 -1.47392e-13 97.6303 2.40941e-13 -2.4925e-13 -1.47392e-13 -2.4925e-13 7.95203e-15
Strain 0 0.000566667 0 0.000566667 0 0 0 0 0
Strain mean 5.2896e-20 0.000566667 -7.3696e-19 0.000566667 -3.70742e-33 -1.24625e-18 -7.3696e-19 -1.24625e-18 1.31655e-33
Plastic strain_mean 1.16495e-18 7.8515e-05 0 7.8515e-05 -1.16495e-18 0 0 0 0
Plastic strain_rate_mean 0 0 0 0 0 0 0 0 0
Dissipation 0.00240639
End step 17
Begin step 18
Stress -2.52738e-12 98.7284 1.42811e-12 98.7284 2.5722e-12 1.35425e-12 1.42811e-12 1.35425e-12 1.34586e-14
Strain 0 0.0006 0 0.0006 0 0 0 0 0
Strain mean 8.95252e-20 0.0006 7.14057e-18 0.0006 1.71408e-32 6.77126e-18 7.14057e-18 6.77126e-18 -2.67825e-33
Plastic strain_mean 1.27937e-17 0.000106358 0 0.000106358 -1.27937e-17 0 0 0 0
Plastic strain_rate_mean 0 0 0 0 0 0 0 0 0
Dissipation 0.00274779
End step 18
Begin step 19
Stress 3.77101e-13 99.4047 -1.1815e-12 99.4047 -3.5469e-13 1.45133e-12 -1.1815e-12 1.45133e-12 6.72931e-15
Strain 0 0.000633333 0 0.000633333 0 0 0 0 0
Strain mean 4.47626e-20 0.000633333 -5.90749e-18 0.000633333 1.03037e-32 7.25665e-18 -5.90749e-18 7.25665e-18 -1.48959e-33
Plastic strain_mean -1.80709e-18 0.00013631 0 0.00013631 1.80709e-18 0 0 0 0
Plastic strain_rate_mean 0 0 0 0 0 0 0 0 0
Dissipation 0.00297582
End step 19
Begin step 20
Stress 2.4676e-12 99.8173 -1.51523e-12 99.8173 -2.39766e-12 -1.54513e-12 -1.51523e-12 -1.54513e-12 2.10002e-14
Strain 0 0.000666667 0 0.000666667 0 0 0 0 0
Strain mean 1.39691e-19 0.000666667 -7.57615e-18 0.000666667 -5.29631e-33 -7.72565e-18 -7.57615e-18 -7.72565e-18 -3.29214e-33
Plastic strain_mean -1.20933e-17 0.00016758 0 0.00016758 1.20933e-17 0 0 0 0
Plastic strain_rate_mean 0 0 0 0 0 0 0 0 0
Dissipation 0.00311939
End step 20
Begin step 21
Stress 4.57552e-12 100.071 -2.11016e-13 100.071 -4.59064e-12 -2.41228e-12 -2.11016e-13 -2.41228e-12 -4.54152e-15
Strain 0 0.0007 0 0.0007 0 0 0 0 0
Strain mean -3.02097e-20 0.0007 -1.05508e-18 0.0007 3.10556e-33 -1.20614e-17 -1.05508e-18 -1.20614e-17 -1.67917e-33
Plastic strain_mean -2.29305e-17 0.000199647 0 0.000199647 2.29305e-17 0 0 0 0
Plastic strain_rate_mean 0 0 0 0 0 0 0 0 0
Dissipation 0.00320667
End step 21
Begin step 22
Stress -1.51115e-14 100.23 -5.61479e-13 100.23 5.3273e-14 -1.29698e-13 -5.61479e-13 -1.29698e-13 1.14586e-14
Strain 0 0.000733333 0 0.000733333 0 0 0 0 0
Strain mean 7.62213e-20 0.000733333 -2.80739e-18 0.000733333 -2.23588e-33 -6.4849e-19 -2.80739e-18 -6.4849e-19 -1.2165e-33
Plastic strain_mean 2.09072e-19 0.000232186 0 0.000232186 -2.09072e-19 0 0 0 0
Plastic strain_rate_mean 0 0 0 0 0 0 0 0 0
Dissipation 0.00325872
End step 22
Begin step 23
Stress -2.0206e-12 100.333 -2.12902e-12 100.333 1.97313e-12 5.08922e-13 -2.12902e-12 5.08922e-13 -1.42534e-14
Strain 0 0.000766667 0 0.000766667 0 0 0 0 0
Strain mean -9.48119e-20 0.000766667 -1.06451e-17 0.000766667 9.14817e-34 2.54461e-18 -1.06451e-17 2.54461e-18 -1.16859e-33
Plastic strain_mean 9.93692e-18 0.000265001 0 0.000265001 -9.93692e-18 0 0 0 0
Plastic strain_rate_mean 0 0 0 0 0 0 0 0 0
Dissipation 0.00328951
End step 23
Begin step 24
Stress -1.57159e-12 100.404 -8.7673e-13 100.404 1.64557e-12 8.44096e-14 -8.7673e-13 8.44096e-14 2.22142e-14
Strain 0 0.0008 0 0.0008 0 0 0 0 0
Strain mean 1.47766e-19 0.0008 -4.38365e-18 0.0008 3.21991e-34 4.22048e-19 -4.38365e-18 4.22048e-19 -9.01369e-34
Plastic strain_mean 8.11678e-18 0.000297978 0 0.000297978 -8.11678e-18 0 0 0 0
Plastic strain_rate_mean 0 0 0 0 0 0 0 0 0
Dissipation 0.00330771
End step 24
Begin step 25
Stress -1.66111e-12 100.457 -8.61526e-13 100.457 1.67135e-12 3.12365e-13 -8.61526e-13 3.12365e-13 3.07426e-15
Strain 0 0.000833333 0 0.000833333 0 0 0 0 0
Strain mean 2.04496e-20 0.000833333 -4.30763e-18 0.000833333 1.42711e-31 1.56183e-18 -4.30763e-18 1.56183e-18 6.80094e-34
Plastic strain_mean 8.34137e-18 0.000331048 0 0.000331048 -8.34137e-18 0 0 0 0
Plastic strain_rate_mean 0 0 0 0 0 0 0 0 0
Dissipation 0.00331855
End step 25
Begin step 26
Stress 3.48225e-13 100.499 -9.62502e-13 100.499 -3.01367e-13 -6.04797e-13 -9.62502e-13 -6.04797e-13 1.407e-14
Strain 0 0.000866667 0 0.000866667 0 0 0 0 0
Strain mean 9.35919e-20 0.000866667 -4.81251e-18 0.000866667 6.21112e-33 -3.02399e-18 -4.81251e-18 -3.02399e-18 1.09086e-34
Plastic strain_mean -1.57718e-18 0.000364173 0 0.000364173 1.57718e-18 0 0 0 0
Plastic strain_rate_mean 0 0 0 0 0 0 0 0 0
Dissipation 0.00332512
End step 26
Begin step 27
Stress 7.6745e-13 100.534 -8.12316e-13 100.534 -6.6079e-13 -5.19207e-13 -8.12316e-13 -5.19207e-13 3.20265e-14
Strain 0 0.0009 0 0.0009 0 0 0 0 0
Strain mean 2.13036e-19 0.0009 -4.06158e-18 0.0009 -1.03519e-33 -2.59604e-18 -4.06158e-18 -2.59604e-18 -9.66727e-35
Plastic strain_mean -3.46408e-18 0.00039733 0 0.00039733 3.46408e-18 0 0 0 0
Plastic strain_rate_mean 0 0 0 0 0 0 0 0 0
Dissipation 0.00332922
End step 27
Begin step 28
Stress 7.27158e-13 100.566 -8.02823e-13 100.566 -8.71747e-13 -5.6201e-13 -8.02823e-13 -5.6201e-13 -4.34152e-14
Strain 0 0.000933333 0 0.000933333 0 0 0 0 0
Strain mean -2.88793e-19 0.000933333 -4.01412e-18 0.000933333 3.24519e-32 -2.81005e-18 -4.01412e-18 -2.81005e-18 1.10026e-35
Plastic strain_mean -4.14166e-18 0.000430506 0 0.000430506 4.14166e-18 0 0 0 0
Plastic strain_rate_mean 0 0 0 0 0 0 0 0 0
Dissipation 0.00333188
End step 28
Begin step 29
Stress 8.33381e-13 100.595 -7.98808e-13 100.595 -8.88863e-13 -5.05703e-13 -7.98808e-13 -5.05703e-13 -1.66595e-14
Strain 0 0.000966667 0 0.000966667 0 0 0 0 0
Strain mean -1.10817e-19 0.000966667 -3.99404e-18 0.000966667 1.60334e-32 -2.52852e-18 -3.99404e-18 -2.52852e-18 -4.00608e-34
Plastic strain_mean -4.36102e-18 0.000463693 0 0.000463693 4.36102e-18 0 0 0 0
Plastic strain_rate_mean 0 0 0 0 0 0 0 0 0
Dissipation 0.00333372
End step 29
Begin step 30
Stress 7.95303e-13 100.623 -8.18553e-13 100.623 -8.35471e-13 -4.2426e-13 -8.18553e-13 -4.2426e-13 -1.20612e-14
Strain 0 0.001 0 0.001 0 0 0 0 0
Strain mean -8.02299e-20 0.001 -4.09276e-18 0.001 1.95e-32 -2.1213e-18 -4.09276e-18 -2.1213e-18 -6.89874e-34
Plastic strain_mean -4.11705e-18 0.000496886 0 0.000496886 4.11705e-18 0 0 0 0
Plastic strain_rate_mean 0 0 0 0 0 0 0 0 0
Dissipation 0.00333508
End step 30
