Begin step 0
Stress 0 0 0 0 0 0 0 0 0
Strain 0 0 0 0 0 0 0 0 0
Strain mean 0 0 0 0 0 0 0 0 0
Plastic strain_mean 0 0 0 0 0 0 0 0 0
Plastic strain_rate_mean 0 0 0 0 0 0 0 0 0
Dissipation 0
End step 0
Begin step 1
Stress -1.71664e-15 6.66667 -2.47354e-17 6.66667 -7.36629e-16 4.0559e-17 -2.47354e-17 4.0559e-17 -7.36633e-16
Strain 0 3.33333e-05 0 3.33333e-05 0 0 0 0 0
Strain mean -4.9e-21 3.33333e-05 -1.23677e-22 3.33333e-05 1.14023e-36 2.02795e-22 -1.23677e-22 2.02795e-22 -1.47671e-36
Plastic strain_mean 1.80129e-26 1.61411e-20 0 1.61411e-20 -1.80129e-26 0 0 0 0
Plastic strain_rate_mean 0 0 0 0 0 0 0 0 0
Dissipation 1.07607e-19
End step 1
Begin step 2
Stress -1.18428e-15 13.3333 -5.83093e-16 13.3333 -5.08187e-16 -1.01023e-16 -5.83093e-16 -1.01023e-16 -5.08192e-16
Strain 0 6.66667e-05 0 6.66667e-05 0 0 0 0 0
Strain mean -3.38043e-21 6.66667e-05 -2.91546e-21 6.66667e-05 2.70364e-37 -5.05114e-22 -2.91546e-21 -5.05114e-22 1.10643e-36
Plastic strain_mean 2.54763e-26 9.35158e-17 0 9.35158e-17 -2.54763e-26 0 0 0 0
Plastic strain_rate_mean 0 0 0 0 0 0 0 0 0
Dissipation 1.24666e-15
End step 2
Begin step 3
Stress 1.16992e-15 20 -2.39203e-15 20 5.02552e-16 7.93259e-17 -2.39203e-15 7.93259e-17 5.02187e-16
Strain 0 0.0001 0 0.0001 0 0 0 0 0
Strain mean 3.34049e-21 0.0001 -1.19601e-20 0.0001 -1.64569e-37 3.9663e-22 -1.19601e-20 3.9663e-22 2.58609e-37
Plastic strain_mean 1.82512e-24 1.49512e-14 0 1.49512e-14 -1.82512e-24 0 0 0 0
Plastic strain_rate_mean 0 0 0 0 0 0 0 0 0
Dissipation 2.97153e-13
End step 3
Begin step 4
Stress 2.10062e-14 26.6667 4.22263e-15 26.6667 9.01836e-15 -4.29902e-16 4.22263e-15 -4.29902e-16 9.01536e-15
Strain 0 0.000133333 0 0.000133333 0 0 0 0 0
Strain mean 5.99691e-20 0.000133333 2.11131e-20 0.000133333 -9.9917e-37 -2.14951e-21 2.11131e-20 -2.14951e-21 -1.14758e-36
Plastic strain_mean 1.50202e-23 5.56559e-13 0 5.56559e-13 -1.50202e-23 0 0 0 0
Plastic strain_rate_mean 0 0 0 0 0 0 0 0 0
Dissipation 1.44429e-11
End step 4
Begin step 5
Stress -1.26732e-14 33.3333 1.88266e-13 33.3333 -5.22952e-15 4.7516e-14 1.88266e-13 4.7516e-14 -5.37559e-15
Strain 0 0.000166667 0 0.000166667 0 0 0 0 0
Strain mean -3.57578e-20 0.000166667 9.4133e-19 0.000166667 -3.19734e-36 2.3758e-19 9.4133e-19 2.3758e-19 -6.40409e-35
Plastic strain_mean 7.30349e-22 9.36823e-12 0 9.36823e-12 -7.30349e-22 0 0 0 0
Plastic strain_rate_mean 0 0 0 0 0 0 0 0 0
Dissipation 2.93722e-10
End step 5
Begin step 6
Stress -7.03167e-15 40 7.88858e-13 40 -1.33069e-15 1.83579e-13 7.88858e-13 1.83579e-13 -2.51094e-15
Strain 0 0.0002 0 0.0002 0 0 0 0 0
Strain mean -1.67025e-20 0.0002 3.94429e-18 0.0002 1.27894e-35 9.17893e-19 3.94429e-18 9.17893e-19 1.05324e-34
Plastic strain_mean 5.90121e-21 9.54325e-11 0 9.54325e-11 -5.90121e-21 0 0 0 0
Plastic strain_rate_mean 0 0 0 0 0 0 0 0 0
Dissipation 3.44257e-09
End step 6
Begin step 7
Stress -1.60562e-14 46.6665 6.50562e-13 46.6665 6.47667e-16 2.41113e-13 6.50562e-13 2.41113e-13 -4.62667e-15
Strain 0 0.000233333 0 0.000233333 0 0 0 0 0
Strain mean -3.07761e-20 0.000233333 3.25281e-18 0.000233333 8.12502e-35 1.20556e-18 3.25281e-18 1.20556e-18 3.63369e-34
Plastic strain_mean 2.63717e-20 6.8651e-10 0 6.8651e-10 -2.63717e-20 0 0 0 0
Plastic strain_rate_mean 0 0 0 0 0 0 0 0 0
Dissipation 2.75835e-08
End step 7
Begin step 8
Stress 9.69366e-15 53.3326 5.00322e-12 53.3326 -2.21936e-14 6.27032e-13 5.00322e-12 6.27032e-13 -3.75331e-15
Strain 0 0.000266667 0 0.000266667 0 0 0 0 0
Strain mean -2.49666e-20 0.000266667 2.50161e-17 0.000266667 -6.92131e-35 3.13516e-18 2.50161e-17 3.13516e-18 -1.33912e-33
Plastic strain_mean -9.22014e-20 3.82327e-09 0 3.82327e-09 9.22014e-20 0 0 0 0
Plastic strain_rate_mean 0 0 0 0 0 0 0 0 0
Dissipation 1.67292e-07
End step 8
Begin step 9
Stress 5.9394e-14 59.9965 4.19623e-12 59.9965 -5.56273e-14 6.79935e-13 4.19623e-12 6.79935e-13 1.13101e-15
Strain 0 0.0003 0 0.0003 0 0 0 0 0
Strain mean 7.52337e-21 0.0003 2.09812e-17 0.0003 -3.46818e-34 3.39968e-18 2.09812e-17 3.39968e-18 -1.21123e-33
Plastic strain_mean -2.83792e-19 1.74895e-08 0 1.74895e-08 2.83792e-19 0 0 0 0
Plastic strain_rate_mean 0 0 0 0 0 0 0 0 0
Dissipation 8.19926e-07
End step 9
Begin step 10
Stress 7.79764e-14 66.653 3.45135e-12 66.653 -5.39219e-14 -1.91487e-12 3.45135e-12 -1.91487e-12 7.22277e-15
Strain 0 0.000333333 0 0.000333333 0 0 0 0 0
Strain mean 4.8045e-20 0.000333333 1.72568e-17 0.000333333 -1.17181e-32 -9.57433e-18 1.72568e-17 -9.57433e-18 5.46031e-33
Plastic strain_mean -3.05723e-19 6.8401e-08 0 6.8401e-08 3.05723e-19 0 0 0 0
Plastic strain_rate_mean 0 0 0 0 0 0 0 0 0
Dissipation 3.3934e-06
End step 10
Begin step 11
Stress -3.15357e-14 73.2863 7.25803e-12 73.2863 2.67801e-14 -4.0383e-12 7.25803e-12 -4.0383e-12 -1.42796e-15
Strain 0 0.000366667 0 0.000366667 0 0 0 0 0
Strain mean -9.49862e-21 0.000366667 3.62902e-17 0.000366667 -3.01724e-32 -2.01915e-17 3.62902e-17 -2.01915e-17 1.05174e-32
Plastic strain_mean 1.4104e-19 2.35067e-07 0 2.35067e-07 -1.4104e-19 0 0 0 0
Plastic strain_rate_mean 0 0 0 0 0 0 0 0 0
Dissipation 1.22144e-05
End step 11
Begin step 12
Stress -5.22301e-14 79.8555 3.8683e-13 79.8555 7.82916e-14 -1.74553e-12 3.8683e-13 -1.74553e-12 7.82539e-15
Strain 0 0.0004 0 0.0004 0 0 0 0 0
Strain mean 5.20536e-20 0.0004 1.93415e-18 0.0004 -1.63794e-31 -8.72764e-18 1.93415e-18 -8.72764e-18 -2.75649e-33
Plastic strain_mean 3.52331e-19 7.22424e-07 0 7.22424e-07 -3.52331e-19 0 0 0 0
Plastic strain_rate_mean 0 0 0 0 0 0 0 0 0
Dissipation 3.8918e-05
End step 12
Begin step 13
Stress -3.60625e-13 86.2663 -2.33422e-12 86.2663 3.44336e-13 -1.95296e-12 -2.33422e-12 -1.95296e-12 -4.89087e-15
Strain 0 0.000433333 0 0.000433333 0 0 0 0 0
Strain mean -3.25335e-20 0.000433333 -1.16711e-17 0.000433333 -3.66504e-31 -9.76481e-18 -1.16711e-17 -9.76481e-18 -3.57802e-33
Plastic strain_mean 1.74614e-18 2.00176e-06 0 2.00176e-06 -1.74614e-18 0 0 0 0
Plastic strain_rate_mean 0 0 0 0 0 0 0 0 0
Dissipation 0.000110363
End step 13
Begin step 14
Stress -6.0341e-13 92.3347 2.44018e-12 92.3347 5.20775e-13 1.67252e-12 2.44018e-12 1.67252e-12 -2.48124e-14
Strain 0 0.000466667 0 0.000466667 0 0 0 0 0
Strain mean -1.65049e-19 0.000466667 1.22009e-17 0.000466667 -1.72563e-31 8.3626e-18 1.22009e-17 8.3626e-18 -9.62965e-35
Plastic strain_mean 2.72794e-18 4.9932e-06 0 4.9932e-06 -2.72794e-18 0 0 0 0
Plastic strain_rate_mean 0 0 0 0 0 0 0 0 0
Dissipation 0.000276207
End step 14
Begin step 15
Stress -9.00696e-13 97.778 2.47252e-12 97.778 8.97816e-13 5.00779e-12 2.47252e-12 5.00779e-12 -8.64636e-16
Strain 0 0.0005 0 0.0005 0 0 0 0 0
Strain mean -5.75146e-21 0.0005 1.23626e-17 0.0005 1.99912e-31 2.5039e-17 1.23626e-17 2.5039e-17 1.21273e-33
Plastic strain_mean 4.4934e-18 1.11101e-05 0 1.11101e-05 -4.4934e-18 0 0 0 0
Plastic strain_rate_mean 0 0 0 0 0 0 0 0 0
Dissipation 0.000598072
End step 15
Begin step 16
Stress -3.28216e-13 102.296 3.26801e-13 102.296 3.9209e-13 5.54006e-13 3.26801e-13 5.54006e-13 1.91792e-14
Strain 0 0.000533333 0 0.000533333 0 0 0 0 0
Strain mean 1.27578e-19 0.000533333 1.63401e-18 0.000533333 -1.03471e-31 2.77003e-18 1.63401e-18 2.77003e-18 -2.01621e-34
Plastic strain_mean 1.86456e-18 2.18554e-05 0 2.18554e-05 -1.86456e-18 0 0 0 0
Plastic strain_rate_mean 0 0 0 0 0 0 0 0 0
Dissipation 0.0010991
End step 16
Begin step 17
Stress -2.29211e-12 105.723 -1.61901e-13 105.723 2.30712e-12 9.91645e-13 -1.61901e-13 9.91645e-13 4.50659e-15
Strain 0 0.000566667 0 0.000566667 0 0 0 0 0
Strain mean 2.99773e-20 0.000566667 -8.09503e-19 0.000566667 -4.16482e-33 4.95823e-18 -8.09503e-19 4.95823e-18 4.51992e-33
Plastic strain_mean 1.15131e-17 3.80505e-05 0 3.80505e-05 -1.15131e-17 0 0 0 0
Plastic strain_rate_mean 0 0 0 0 0 0 0 0 0
Dissipation 0.00171194
End step 17
Begin step 18
Stress -1.20643e-12 108.115 8.78405e-14 108.115 1.19928e-12 -3.1972e-12 8.78405e-14 -3.1972e-12 -2.14849e-15
Strain 0 0.0006 0 0.0006 0 0 0 0 0
Strain mean -1.42915e-20 0.0006 4.39202e-19 0.0006 -3.3463e-33 -1.5986e-17 4.39202e-19 -1.5986e-17 -2.60828e-33
Plastic strain_mean 6.00713e-18 5.94232e-05 0 5.94232e-05 -6.00713e-18 0 0 0 0
Plastic strain_rate_mean 0 0 0 0 0 0 0 0 0
Dissipation 0.00231022
End step 18
Begin step 19
Stress -1.64827e-12 109.68 -5.76382e-13 109.68 1.59454e-12 7.76796e-13 -5.76382e-13 7.76796e-13 -1.61355e-14
Strain 0 0.000633333 0 0.000633333 0 0 0 0 0
Strain mean -1.07332e-19 0.000633333 -2.88191e-18 0.000633333 -1.3963e-32 3.88398e-18 -2.88191e-18 3.88398e-18 -2.13056e-33
Plastic strain_mean 8.05335e-18 8.49329e-05 0 8.49329e-05 -8.05335e-18 0 0 0 0
Plastic strain_rate_mean 0 0 0 0 0 0 0 0 0
Dissipation 0.00279707
End step 19
Begin step 20
Stress -1.42644e-12 110.661 1.58794e-12 110.661 1.45454e-12 -2.44055e-12 1.58794e-12 -2.44055e-12 8.43675e-15
Strain 0 0.000666667 0 0.000666667 0 0 0 0 0
Strain mean 5.61203e-20 0.000666667 7.93968e-18 0.000666667 2.13778e-31 -1.22028e-17 7.93968e-18 -1.22028e-17 -2.68276e-33
Plastic strain_mean 7.23049e-18 0.000113362 0 0.000113362 -7.23049e-18 0 0 0 0
Plastic strain_rate_mean 0 0 0 0 0 0 0 0 0
Dissipation 0.00314476
End step 20
Begin step 21
Stress 1.32516e-12 111.262 -1.41474e-12 111.262 -1.30788e-12 9.39222e-13 -1.41474e-12 9.39222e-13 5.18781e-15
Strain 0 0.0007 0 0.0007 0 0 0 0 0
Strain mean 3.45087e-20 0.0007 -7.07368e-18 0.0007 -1.58889e-32 4.69611e-18 -7.07368e-18 4.69611e-18 -2.50371e-33
Plastic strain_mean -6.56535e-18 0.000143689 0 0.000143689 6.56535e-18 0 0 0 0
Plastic strain_rate_mean 0 0 0 0 0 0 0 0 0
Dissipation 0.00337263
End step 21
Begin step 22
Stress 3.52867e-12 111.629 -1.75615e-12 111.629 -3.53115e-12 -3.40538e-12 -1.75615e-12 -3.40538e-12 -7.42364e-16
Strain 0 0.000733333 0 0.000733333 0 0 0 0 0
Strain mean -4.93812e-21 0.000733333 -8.78075e-18 0.000733333 1.7875e-32 -1.70269e-17 -8.78075e-18 -1.70269e-17 -2.96112e-33
Plastic strain_mean -1.7652e-17 0.000175188 0 0.000175188 1.7652e-17 0 0 0 0
Plastic strain_rate_mean 0 0 0 0 0 0 0 0 0
Dissipation 0.00351427
End step 22
Begin step 23
Stress 5.13422e-12 111.855 2.67421e-13 111.855 -5.14864e-12 -1.88738e-12 2.67421e-13 -1.88738e-12 -4.33191e-15
Strain 0 0.000766667 0 0.000766667 0 0 0 0 0
Strain mean -2.88154e-20 0.000766667 1.3371e-18 0.000766667 9.70187e-33 -9.43691e-18 1.3371e-18 -9.43691e-18 -1.53473e-34
Plastic strain_mean -2.57216e-17 0.000207391 0 0.000207391 2.57216e-17 0 0 0 0
Plastic strain_rate_mean 0 0 0 0 0 0 0 0 0
Dissipation 0.00359963
End step 23
Begin step 24
Stress 2.32903e-13 111.999 -3.80678e-13 111.999 -3.04106e-13 -4.13838e-13 -3.80678e-13 -4.13838e-13 -2.13801e-14
Strain 0 0.0008 0 0.0008 0 0 0 0 0
Strain mean -1.42218e-19 0.0008 -1.90339e-18 0.0008 2.57593e-33 -2.06919e-18 -1.90339e-18 -2.06919e-18 -5.17006e-34
Plastic strain_mean -1.41363e-18 0.000240007 0 0.000240007 1.41363e-18 0 0 0 0
Plastic strain_rate_mean 0 0 0 0 0 0 0 0 0
Dissipation 0.00365025
End step 24
Begin step 25
Stress -1.6098e-12 112.094 -2.13469e-12 112.094 1.59997e-12 5.78057e-13 -2.13469e-12 5.78057e-13 -2.95199e-15
Strain 0 0.000833333 0 0.000833333 0 0 0 0 0
Strain mean -1.96363e-20 0.000833333 -1.06734e-17 0.000833333 1.64908e-33 2.89029e-18 -1.06734e-17 2.89029e-18 -9.15193e-34
Plastic strain_mean 8.0146e-18 0.000272865 0 0.000272865 -8.0146e-18 0 0 0 0
Plastic strain_rate_mean 0 0 0 0 0 0 0 0 0
Dissipation 0.00368007
End step 25
Begin step 26
Stress -1.4059e-12 112.161 -5.03919e-13 112.161 1.36599e-12 1.58471e-13 -5.03919e-13 1.58471e-13 -1.19826e-14
Strain 0 0.000866667 0 0.000866667 0 0 0 0 0
Strain mean -7.97071e-20 0.000866667 -2.5196e-18 0.000866667 -2.11205e-32 7.92357e-19 -2.5196e-18 7.92357e-19 -9.7425e-34
Plastic strain_mean 6.88988e-18 0.000305862 0 0.000305862 -6.88988e-18 0 0 0 0
Plastic strain_rate_mean 0 0 0 0 0 0 0 0 0
Dissipation 0.00369768
End step 26
Begin step 27
Stress -1.60067e-12 112.212 1.38633e-13 112.212 1.65262e-12 1.14908e-13 1.38633e-13 1.14908e-13 1.55984e-14
Strain 0 0.0009 0 0.0009 0 0 0 0 0
Strain mean 1.03759e-19 0.0009 6.93165e-19 0.0009 2.1107e-32 5.74542e-19 6.93165e-19 5.74542e-19 1.54375e-33
Plastic strain_mean 8.18511e-18 0.000338941 0 0.000338941 -8.18511e-18 0 0 0 0
Plastic strain_rate_mean 0 0 0 0 0 0 0 0 0
Dissipation 0.00370817
End step 27
Begin step 28
Stress 3.65848e-13 112.253 -9.60514e-13 112.253 -4.00752e-13 -6.58076e-13 -9.60514e-13 -6.58076e-13 -1.04804e-14
Strain 0 0.000933333 0 0.000933333 0 0 0 0 0
Strain mean -6.97146e-20 0.000933333 -4.80257e-18 0.000933333 -1.3963e-33 -3.29038e-18 -4.80257e-18 -3.29038e-18 -4.15279e-34
Plastic strain_mean -1.95136e-18 0.000372067 0 0.000372067 1.95136e-18 0 0 0 0
Plastic strain_rate_mean 0 0 0 0 0 0 0 0 0
Dissipation 0.00371455
End step 28
Begin step 29
Stress 8.61965e-13 112.289 -8.80056e-13 112.289 -7.49691e-13 -5.86351e-13 -8.80056e-13 -5.86351e-13 3.37121e-14
Strain 0 0.000966667 0 0.000966667 0 0 0 0 0
Strain mean 2.24249e-19 0.000966667 -4.40028e-18 0.000966667 -1.70926e-33 -2.93175e-18 -4.40028e-18 -2.93175e-18 -2.36227e-34
Plastic strain_mean -3.91702e-18 0.000405221 0 0.000405221 3.91702e-18 0 0 0 0
Plastic strain_rate_mean 0 0 0 0 0 0 0 0 0
Dissipation 0.00371856
End step 29
Begin step 30
Stress 8.40114e-13 112.322 -9.00139e-13 112.322 -9.2368e-13 -5.65784e-13 -9.00139e-13 -5.65784e-13 -2.50919e-14
Strain 0 0.001 0 0.001 0 0 0 0 0
Strain mean -1.66908e-19 0.001 -4.50069e-18 0.001 -2.12815e-32 -2.82892e-18 -4.50069e-18 -2.82892e-18 -4.57408e-34
Plastic strain_mean -4.49294e-18 0.000438391 0 0.000438391 4.49294e-18 0 0 0 0
Plastic strain_rate_mean 0 0 0 0 0 0 0 0 0
Dissipation 0.0037212
End step 30
