Begin step 0
Stress 0 0 0 0 0 0 0 0 0
Strain 0 0 0 0 0 0 0 0 0
Strain mean 0 0 0 0 0 0 0 0 0
Plastic strain_mean 0 0 0 0 0 0 0 0 0
Plastic strain_rate_mean 0 0 0 0 0 0 0 0 0
Dissipation 0
End step 0
Begin step 1
Stress -6.21256e-15 6.66239 -1.44724e-12 6.66239 3.80565e-15 2.27442e-12 -1.44724e-12 2.27442e-12 -7.22713e-16
Strain 0 3.33333e-05 0 3.33333e-05 0 0 0 0 0
Strain mean -4.80741e-21 3.33333e-05 -7.23618e-18 3.33333e-05 1.95e-33 1.13721e-17 -7.23618e-18 1.13721e-17 1.53247e-33
Plastic strain_mean 2.26418e-20 2.14066e-08 0 2.14066e-08 -2.26418e-20 0 0 0 0
Plastic strain_rate_mean 0 0 0 0 0 0 0 0 0
Dissipation 1.42619e-07
End step 1
Begin step 2
Stress -5.44651e-14 13.3205 -6.46078e-12 13.3205 5.84645e-14 -7.0542e-12 -6.46078e-12 -7.0542e-12 1.20088e-15
Strain 0 6.66667e-05 0 6.66667e-05 0 0 0 0 0
Strain mean 7.98814e-21 6.66667e-05 -3.23039e-17 6.66667e-05 2.62504e-31 -3.5271e-17 -3.23039e-17 -3.5271e-17 7.794e-34
Plastic strain_mean 2.86318e-19 6.42059e-08 0 6.42059e-08 -2.86318e-19 0 0 0 0
Plastic strain_rate_mean 0 0 0 0 0 0 0 0 0
Dissipation 5.70107e-07
End step 2
Begin step 3
Stress -1.04887e-13 19.9743 -6.30942e-12 19.9743 1.10304e-13 -6.94065e-12 -6.30942e-12 -6.94065e-12 1.62665e-15
Strain 0 0.0001 0 0.0001 0 0 0 0 0
Strain mean 1.08203e-20 0.0001 -3.15471e-17 0.0001 -2.57497e-31 -3.47033e-17 -3.15471e-17 -3.47033e-17 1.90487e-33
Plastic strain_mean 5.43387e-19 1.28384e-07 0 1.28384e-07 -5.43387e-19 0 0 0 0
Plastic strain_rate_mean 0 0 0 0 0 0 0 0 0
Dissipation 1.28192e-06
End step 3
Begin step 4
Stress -1.61655e-13 26.6239 -6.40048e-12 26.6239 1.60234e-13 -6.99395e-12 -6.40048e-12 -6.99395e-12 -4.26859e-16
Strain 0 0.000133333 0 0.000133333 0 0 0 0 0
Strain mean -2.83942e-21 0.000133333 -3.20024e-17 0.000133333 4.35645e-31 -3.49697e-17 -3.20024e-17 -3.49697e-17 1.29398e-33
Plastic strain_mean 8.03302e-19 2.13928e-07 0 2.13928e-07 -8.03302e-19 0 0 0 0
Plastic strain_rate_mean 0 0 0 0 0 0 0 0 0
Dissipation 2.2775e-06
End step 4
Begin step 5
Stress -2.12039e-13 33.2692 -6.36986e-12 33.2692 2.12519e-13 -6.97358e-12 -6.36986e-12 -6.97358e-12 1.44106e-16
Strain 0 0.000166667 0 0.000166667 0 0 0 0 0
Strain mean 9.58576e-22 0.000166667 -3.18493e-17 0.000166667 -1.65823e-31 -3.48679e-17 -3.18493e-17 -3.48679e-17 4.66436e-34
Plastic strain_mean 1.06188e-18 3.20823e-07 0 3.20823e-07 -1.06188e-18 0 0 0 0
Plastic strain_rate_mean 0 0 0 0 0 0 0 0 0
Dissipation 3.5563e-06
End step 5
Begin step 6
Stress -2.58377e-13 39.9102 -6.38129e-12 39.9102 2.66434e-13 -6.96928e-12 -6.38129e-12 -6.96928e-12 2.41923e-15
Strain 0 0.0002 0 0.0002 0 0 0 0 0
Strain mean 1.60925e-20 0.0002 -3.19065e-17 0.0002 -3.12386e-31 -3.48464e-17 -3.19065e-17 -3.48464e-17 8.6065e-34
Plastic strain_mean 1.32007e-18 4.49056e-07 0 4.49056e-07 -1.32007e-18 0 0 0 0
Plastic strain_rate_mean 0 0 0 0 0 0 0 0 0
Dissipation 5.11777e-06
End step 6
Begin step 7
Stress -2.05117e-13 46.5469 8.65232e-13 46.5469 2.43279e-13 -2.34191e-12 8.65232e-13 -2.34191e-12 1.14586e-14
Strain 0 0.000233333 0 0.000233333 0 0 0 0 0
Strain mean 7.62213e-20 0.000233333 4.32616e-18 0.000233333 -6.9815e-34 -1.17095e-17 4.32616e-18 -1.17095e-17 1.27593e-33
Plastic strain_mean 1.1591e-18 5.98781e-07 0 5.98781e-07 -1.1591e-18 0 0 0 0
Plastic strain_rate_mean 0 0 0 0 0 0 0 0 0
Dissipation 6.96923e-06
End step 7
Begin step 8
Stress -2.69148e-13 53.179 -1.6235e-12 53.179 2.30673e-13 9.55464e-13 -1.6235e-12 9.55464e-13 -1.15525e-14
Strain 0 0.000266667 0 0.000266667 0 0 0 0 0
Strain mean -7.68459e-20 0.000266667 -8.11752e-18 0.000266667 4.81482e-33 4.77732e-18 -8.11752e-18 4.77732e-18 -1.26013e-34
Plastic strain_mean 1.21113e-18 7.71548e-07 0 7.71548e-07 -1.21113e-18 0 0 0 0
Plastic strain_rate_mean 0 0 0 0 0 0 0 0 0
Dissipation 9.18754e-06
End step 8
Begin step 9
Stress -3.46417e-13 59.8052 -4.0843e-12 59.8052 3.5078e-13 4.86165e-12 -4.0843e-12 4.86165e-12 1.31005e-15
Strain 0 0.0003 0 0.0003 0 0 0 0 0
Strain mean 8.71433e-21 0.0003 -2.04215e-17 0.0003 2.47963e-33 2.43082e-17 -2.04215e-17 2.43082e-17 -5.0977e-33
Plastic strain_mean 1.74735e-18 9.73914e-07 0 9.73914e-07 -1.74735e-18 0 0 0 0
Plastic strain_rate_mean 0 0 0 0 0 0 0 0 0
Dissipation 1.21024e-05
End step 9
Begin step 10
Stress -3.47755e-13 66.4233 2.03868e-12 66.4233 3.41123e-13 -9.45516e-13 2.03868e-12 -9.45516e-13 -1.99128e-15
Strain 0 0.000333333 0 0.000333333 0 0 0 0 0
Strain mean -1.32458e-20 0.000333333 1.01934e-17 0.000333333 9.01576e-33 -4.72758e-18 1.01934e-17 -4.72758e-18 5.79058e-33
Plastic strain_mean 1.71557e-18 1.21695e-06 0 1.21695e-06 -1.71557e-18 0 0 0 0
Plastic strain_rate_mean 0 0 0 0 0 0 0 0 0
Dissipation 1.61432e-05
End step 10
Begin step 11
Stress -3.81434e-13 73.0293 2.12952e-12 73.0293 3.35972e-13 -3.13267e-12 2.12952e-12 -3.13267e-12 -1.36508e-14
Strain 0 0.000366667 0 0.000366667 0 0 0 0 0
Strain mean -9.08033e-20 0.000366667 1.06476e-17 0.000366667 5.21506e-33 -1.56633e-17 1.06476e-17 -1.56633e-17 4.23742e-33
Plastic strain_mean 1.74812e-18 1.52029e-06 0 1.52029e-06 -1.74812e-18 0 0 0 0
Plastic strain_rate_mean 0 0 0 0 0 0 0 0 0
Dissipation 2.21525e-05
End step 11
Begin step 12
Stress -2.58443e-13 79.6154 -4.70899e-12 79.6154 3.00502e-13 4.27595e-12 -4.70899e-12 4.27595e-12 1.26289e-14
Strain 0 0.0004 0 0.0004 0 0 0 0 0
Strain mean 8.40061e-20 0.0004 -2.35449e-17 0.0004 3.2488e-32 2.13797e-17 -2.35449e-17 2.13797e-17 -2.44352e-33
Plastic strain_mean 1.43936e-18 1.92297e-06 0 1.92297e-06 -1.43936e-18 0 0 0 0
Plastic strain_rate_mean 0 0 0 0 0 0 0 0 0
Dissipation 3.20587e-05
End step 12
Begin step 13
Stress -3.59875e-13 86.163 3.78111e-12 86.163 3.22804e-13 -2.22324e-12 3.78111e-12 -2.22324e-12 -1.11311e-14
Strain 0 0.000433333 0 0.000433333 0 0 0 0 0
Strain mean -7.40428e-20 0.000433333 1.89056e-17 0.000433333 6.90927e-33 -1.11162e-17 1.89056e-17 -1.11162e-17 4.7426e-33
Plastic strain_mean 1.66968e-18 2.5182e-06 0 2.5182e-06 -1.66968e-18 0 0 0 0
Plastic strain_rate_mean 0 0 0 0 0 0 0 0 0
Dissipation 5.12864e-05
End step 13
Begin step 14
Stress -1.45129e-13 92.6086 2.5131e-12 92.6086 2.01528e-13 1.92241e-12 2.5131e-12 1.92241e-12 1.69346e-14
Strain 0 0.000466667 0 0.000466667 0 0 0 0 0
Strain mean 1.12647e-19 0.000466667 1.25655e-17 0.000466667 6.99654e-34 9.61207e-18 1.25655e-17 9.61207e-18 -3.83343e-33
Plastic strain_mean 9.22968e-19 3.62372e-06 0 3.62372e-06 -9.22968e-19 0 0 0 0
Plastic strain_rate_mean 0 0 0 0 0 0 0 0 0
Dissipation 0.000102378
End step 14
Begin step 15
Stress -9.44427e-13 98.3729 8.27566e-14 98.3729 9.5836e-13 -1.17393e-11 8.27566e-14 -1.17393e-11 4.18344e-15
Strain 0 0.0005 0 0.0005 0 0 0 0 0
Strain mean 2.78278e-20 0.0005 4.13783e-19 0.0005 1.54676e-32 -5.86965e-17 4.13783e-19 -5.86965e-17 -7.49157e-33
Plastic strain_mean 4.77088e-18 8.13536e-06 0 8.13536e-06 -4.77088e-18 0 0 0 0
Plastic strain_rate_mean 0 0 0 0 0 0 0 0 0
Dissipation 0.000443803
End step 15
Begin step 16
Stress 1.50687e-12 99.9422 -1.36911e-12 99.9422 -1.48261e-12 7.07186e-12 -1.36911e-12 7.07186e-12 7.2839e-15
Strain 0 0.000533333 0 0.000533333 0 0 0 0 0
Strain mean 4.84517e-20 0.000533333 -6.84556e-18 0.000533333 7.67363e-35 3.53593e-17 -6.84556e-18 3.53593e-17 5.87108e-33
Plastic strain_mean -7.44946e-18 3.36225e-05 0 3.36225e-05 7.44946e-18 0 0 0 0
Plastic strain_rate_mean 0 0 0 0 0 0 0 0 0
Dissipation 0.00254696
End step 16
Begin step 17
Stress 1.57731e-12 100.038 -1.41718e-12 100.038 -1.6398e-12 3.27138e-13 -1.41718e-12 3.27138e-13 -1.87643e-14
Strain 0 0.000566667 0 0.000566667 0 0 0 0 0
Strain mean -1.24818e-19 0.000566667 -7.08588e-18 0.000566667 -7.73381e-34 1.63569e-18 -7.08588e-18 1.63569e-18 2.51274e-34
Plastic strain_mean -8.1052e-18 6.64754e-05 0 6.64754e-05 8.1052e-18 0 0 0 0
Plastic strain_rate_mean 0 0 0 0 0 0 0 0 0
Dissipation 0.00328604
End step 17
Begin step 18
Stress 2.0222e-12 100.062 -3.53842e-12 100.062 -1.99933e-12 -5.30071e-13 -3.53842e-12 -5.30071e-13 6.86905e-15
Strain 0 0.0006 0 0.0006 0 0 0 0 0
Strain mean 4.56921e-20 0.0006 -1.76921e-17 0.0006 -2.45556e-33 -2.65036e-18 -1.76921e-17 -2.65036e-18 5.77779e-33
Plastic strain_mean -1.0031e-17 9.96892e-05 0 9.96892e-05 1.0031e-17 0 0 0 0
Plastic strain_rate_mean 0 0 0 0 0 0 0 0 0
Dissipation 0.00332279
End step 18
Begin step 19
Stress 7.22251e-13 100.083 -2.39422e-12 100.083 -6.92467e-13 -1.31807e-13 -2.39422e-12 -1.31807e-13 8.9433e-15
Strain 0 0.000633333 0 0.000633333 0 0 0 0 0
Strain mean 5.94898e-20 0.000633333 -1.19711e-17 0.000633333 1.09748e-32 -6.59035e-19 -1.19711e-17 -6.59035e-19 4.93068e-33
Plastic strain_mean -3.50705e-18 0.000132918 0 0.000132918 3.50705e-18 0 0 0 0
Plastic strain_rate_mean 0 0 0 0 0 0 0 0 0
Dissipation 0.00332487
End step 19
Begin step 20
Stress 1.61844e-12 100.104 1.71668e-12 100.104 -1.63106e-12 -8.0748e-13 1.71668e-12 -8.0748e-13 -3.79042e-15
Strain 0 0.000666667 0 0.000666667 0 0 0 0 0
Strain mean -2.52135e-20 0.000666667 8.58341e-18 0.000666667 -2.00297e-32 -4.0374e-18 8.58341e-18 -4.0374e-18 -6.12386e-34
Plastic strain_mean -8.13635e-18 0.000166149 0 0.000166149 8.13635e-18 0 0 0 0
Plastic strain_rate_mean 0 0 0 0 0 0 0 0 0
Dissipation 0.0033256
End step 20
Begin step 21
Stress -4.15533e-12 100.124 5.01397e-13 100.124 4.07382e-12 1.78006e-12 5.01397e-13 1.78006e-12 -2.44762e-14
Strain 0 0.0007 0 0.0007 0 0 0 0 0
Strain mean -1.62813e-19 0.0007 2.50699e-18 0.0007 2.46519e-32 8.90031e-18 2.50699e-18 8.90031e-18 -1.136e-33
Plastic strain_mean 2.04915e-17 0.00019938 0 0.00019938 -2.04915e-17 0 0 0 0
Plastic strain_rate_mean 0 0 0 0 0 0 0 0 0
Dissipation 0.00332623
End step 21
Begin step 22
Stress 6.68917e-13 100.144 1.73019e-12 100.144 -6.78312e-13 6.00542e-13 1.73019e-12 6.00542e-13 -2.82098e-15
Strain 0 0.000733333 0 0.000733333 0 0 0 0 0
Strain mean -1.87649e-20 0.000733333 8.65094e-18 0.000733333 1.69482e-32 3.00271e-18 8.65094e-18 3.00271e-18 3.86691e-34
Plastic strain_mean -3.37746e-18 0.000232612 0 0.000232612 3.37746e-18 0 0 0 0
Plastic strain_rate_mean 0 0 0 0 0 0 0 0 0
Dissipation 0.00332684
End step 22
Begin step 23
Stress -1.58066e-12 100.165 -2.32886e-14 100.165 1.61216e-12 1.10242e-12 -2.32886e-14 1.10242e-12 9.45859e-15
Strain 0 0.000766667 0 0.000766667 0 0 0 0 0
Strain mean 6.29175e-20 0.000766667 -1.16443e-19 0.000766667 2.26297e-32 5.51209e-18 -1.16443e-19 5.51209e-18 -1.54977e-34
Plastic strain_mean 8.01349e-18 0.000265844 0 0.000265844 -8.01349e-18 0 0 0 0
Plastic strain_rate_mean 0 0 0 0 0 0 0 0 0
Dissipation 0.00332743
End step 23
Begin step 24
Stress -2.90134e-13 100.185 -2.98576e-14 100.185 2.16719e-13 8.21947e-13 -2.98576e-14 8.21947e-13 -2.20438e-14
Strain 0 0.0008 0 0.0008 0 0 0 0 0
Strain mean -1.46633e-19 0.0008 -1.49288e-19 0.0008 3.32975e-33 4.10974e-18 -1.49288e-19 4.10974e-18 -2.84752e-34
Plastic strain_mean 1.19382e-18 0.000299076 0 0.000299076 -1.19382e-18 0 0 0 0
Plastic strain_rate_mean 0 0 0 0 0 0 0 0 0
Dissipation 0.00332801
End step 24
Begin step 25
Stress -5.28586e-13 100.205 -7.99088e-12 100.205 6.58355e-13 5.59524e-12 -7.99088e-12 5.59524e-12 3.89654e-14
Strain 0 0.000833333 0 0.000833333 0 0 0 0 0
Strain mean 2.59193e-19 0.000833333 -3.99544e-17 0.000833333 1.14834e-32 2.79762e-17 -3.99544e-17 2.79762e-17 -2.0463e-33
Plastic strain_mean 3.09695e-18 0.000332308 0 0.000332308 -3.09695e-18 0 0 0 0
Plastic strain_rate_mean 0 0 0 0 0 0 0 0 0
Dissipation 0.00332859
End step 25
Begin step 26
Stress 4.48758e-13 100.225 -5.99577e-12 100.225 -5.34621e-13 4.28056e-12 -5.99577e-12 4.28056e-12 -2.57819e-14
Strain 0 0.000866667 0 0.000866667 0 0 0 0 0
Strain mean -1.71498e-19 0.000866667 -2.99788e-17 0.000866667 1.40834e-33 2.14028e-17 -2.99788e-17 2.14028e-17 -1.20371e-35
Plastic strain_mean -2.5442e-18 0.00036554 0 0.00036554 2.5442e-18 0 0 0 0
Plastic strain_rate_mean 0 0 0 0 0 0 0 0 0
Dissipation 0.00332917
End step 26
Begin step 27
Stress 2.60059e-12 100.246 -3.96296e-14 100.246 -2.56651e-12 1.02389e-13 -3.96296e-14 1.02389e-13 1.02315e-14
Strain 0 0.0009 0 0.0009 0 0 0 0 0
Strain mean 6.80589e-20 0.0009 -1.98148e-19 0.0009 -1.18637e-31 5.11946e-19 -1.98148e-19 5.11946e-19 -1.14051e-33
Plastic strain_mean -1.28837e-17 0.000398772 0 0.000398772 1.28837e-17 0 0 0 0
Plastic strain_rate_mean 0 0 0 0 0 0 0 0 0
Dissipation 0.00332974
End step 27
Begin step 28
Stress 1.02697e-12 100.266 -3.3102e-12 100.266 -1.05171e-12 -1.1983e-12 -3.3102e-12 -1.1983e-12 -7.42801e-15
Strain 0 0.000933333 0 0.000933333 0 0 0 0 0
Strain mean -4.94103e-20 0.000933333 -1.6551e-17 0.000933333 2.10709e-32 -5.99149e-18 -1.6551e-17 -5.99149e-18 -1.02165e-33
Plastic strain_mean -5.22139e-18 0.000432003 0 0.000432003 5.22139e-18 0 0 0 0
Plastic strain_rate_mean 0 0 0 0 0 0 0 0 0
Dissipation 0.00333032
End step 28
Begin step 29
Stress -1.78924e-12 100.286 7.51443e-13 100.286 1.82254e-12 -1.1806e-13 7.51443e-13 -1.1806e-13 1.00001e-14
Strain 0 0.000966667 0 0.000966667 0 0 0 0 0
Strain mean 6.65194e-20 0.000966667 3.75722e-18 0.000966667 8.20446e-32 -5.90299e-19 3.75722e-18 -5.90299e-19 2.92651e-34
Plastic strain_mean 9.06271e-18 0.000465235 0 0.000465235 -9.06271e-18 0 0 0 0
Plastic strain_rate_mean 0 0 0 0 0 0 0 0 0
Dissipation 0.00333089
End step 29
Begin step 30
Stress -1.3362e-12 100.307 5.21357e-13 100.307 1.28077e-12 -5.10555e-14 5.21357e-13 -5.10555e-14 -1.66421e-14
Strain 0 0.001 0 0.001 0 0 0 0 0
Strain mean -1.10701e-19 0.001 2.60678e-18 0.001 1.84889e-32 -2.55278e-19 2.60678e-18 -2.55278e-19 1.00058e-34
Plastic strain_mean 6.48708e-18 0.000498467 0 0.000498467 -6.48708e-18 0 0 0 0
Plastic strain_rate_mean 0 0 0 0 0 0 0 0 0
Dissipation 0.00333146
End step 30
