Begin step 0
Stress 0 0 0 0 0 0 0 0 0
Strain 0 0 0 0 0 0 0 0 0
Strain mean 0 0 0 0 0 0 0 0 0
Plastic strain_mean 0 0 0 0 0 0 0 0 0
Plastic strain_rate_mean 0 0 0 0 0 0 0 0 0
Dissipation 0
End step 0
Begin step 1
Stress 7.60681e-16 6.66667 -1.66089e-15 6.66667 3.26427e-16 -2.78935e-17 -1.66089e-15 -2.78935e-17 3.26422e-16
Strain 0 3.33333e-05 0 3.33333e-05 0 0 0 0 0
Strain mean 2.17132e-21 3.33333e-05 -8.30445e-21 3.33333e-05 -7.75826e-37 -1.39467e-22 -8.30445e-21 -1.39467e-22 -4.22811e-37
Plastic strain_mean 2.65456e-26 1.93693e-20 0 1.93693e-20 -2.65456e-26 0 0 0 0
Plastic strain_rate_mean 0 0 0 0 0 0 0 0 0
Dissipation 1.29129e-19
End step 1
Begin step 2
Stress 3.03765e-15 13.3333 -3.3969e-15 13.3333 1.30351e-15 -8.28146e-17 -3.3969e-15 -8.28146e-17 1.3035e-15
Strain 0 6.66667e-05 0 6.66667e-05 0 0 0 0 0
Strain mean 8.67076e-21 6.66667e-05 -1.69845e-20 6.66667e-05 -4.70198e-37 -4.14073e-22 -1.69845e-20 -4.14073e-22 6.39175e-38
Plastic strain_mean 3.53156e-26 1.12219e-16 0 1.12219e-16 -3.53156e-26 0 0 0 0
Plastic strain_rate_mean 0 0 0 0 0 0 0 0 0
Dissipation 1.49599e-15
End step 2
Begin step 3
Stress -3.47306e-15 20 2.08196e-15 20 -1.48983e-15 -3.91201e-17 2.08196e-15 -3.91201e-17 -1.49019e-15
Strain 0 0.0001 0 0.0001 0 0 0 0 0
Strain mean -9.91255e-21 0.0001 1.04098e-20 0.0001 2.974e-36 -1.95601e-22 1.04098e-20 -1.95601e-22 -3.65983e-36
Plastic strain_mean 1.80257e-24 1.79414e-14 0 1.79414e-14 -1.80257e-24 0 0 0 0
Plastic strain_rate_mean 0 0 0 0 0 0 0 0 0
Dissipation 3.56584e-13
End step 3
Begin step 4
Stress 4.61341e-15 26.6667 2.64551e-15 26.6667 1.98559e-15 1.523e-16 2.64551e-15 1.523e-16 1.98146e-15
Strain 0 0.000133333 0 0.000133333 0 0 0 0 0
Strain mean 1.31804e-20 0.000133333 1.32275e-20 0.000133333 -1.83671e-36 7.615e-22 1.32275e-20 7.615e-22 -2.86821e-36
Plastic strain_mean 2.06579e-23 6.67871e-13 0 6.67871e-13 -2.06579e-23 0 0 0 0
Plastic strain_rate_mean 0 0 0 0 0 0 0 0 0
Dissipation 1.73314e-11
End step 4
Begin step 5
Stress 5.63534e-15 33.3333 2.04996e-13 33.3333 2.66886e-15 5.58836e-14 2.04996e-13 5.58836e-14 2.49347e-15
Strain 0 0.000166667 0 0.000166667 0 0 0 0 0
Strain mean 1.65863e-20 0.000166667 1.02498e-18 0.000166667 -2.21933e-35 2.79418e-19 1.02498e-18 2.79418e-19 -8.20965e-35
Plastic strain_mean 8.76943e-22 1.12419e-11 0 1.12419e-11 -8.76943e-22 0 0 0 0
Plastic strain_rate_mean 0 0 0 0 0 0 0 0 0
Dissipation 3.52466e-10
End step 5
Begin step 6
Stress 9.62952e-16 40 9.43994e-13 40 2.5856e-15 2.23485e-13 9.43994e-13 2.23485e-13 1.06551e-15
Strain 0 0.0002 0 0.0002 0 0 0 0 0
Strain mean 7.08766e-21 0.0002 4.71997e-18 0.0002 -2.48264e-35 1.11743e-18 4.71997e-18 1.11743e-18 6.08436e-35
Plastic strain_mean 7.60045e-21 1.14519e-10 0 1.14519e-10 -7.60045e-21 0 0 0 0
Plastic strain_rate_mean 0 0 0 0 0 0 0 0 0
Dissipation 4.13108e-09
End step 6
Begin step 7
Stress -5.50999e-15 46.6665 6.4391e-13 46.6665 7.70602e-15 2.7483e-13 6.4391e-13 2.7483e-13 6.59394e-16
Strain 0 0.000233333 0 0.000233333 0 0 0 0 0
Strain mean 4.38621e-21 0.000233333 3.21955e-18 0.000233333 1.47454e-34 1.37415e-18 3.21955e-18 1.37415e-18 3.72397e-34
Plastic strain_mean 3.52332e-20 8.23807e-10 0 8.23807e-10 -3.52332e-20 0 0 0 0
Plastic strain_rate_mean 0 0 0 0 0 0 0 0 0
Dissipation 3.31e-08
End step 7
Begin step 8
Stress 1.88805e-14 53.3324 5.90687e-12 53.3324 -2.38761e-14 7.54016e-13 5.90687e-12 7.54016e-13 -1.50001e-15
Strain 0 0.000266667 0 0.000266667 0 0 0 0 0
Strain mean -9.97791e-21 0.000266667 2.95343e-17 0.000266667 6.07872e-34 3.77008e-18 2.95343e-17 3.77008e-18 -1.67014e-33
Plastic strain_mean -1.11881e-19 4.58779e-09 0 4.58779e-09 1.11881e-19 0 0 0 0
Plastic strain_rate_mean 0 0 0 0 0 0 0 0 0
Dissipation 2.00742e-07
End step 8
Begin step 9
Stress 5.85131e-14 59.9958 4.54399e-12 59.9958 -7.61541e-14 7.74364e-13 4.54399e-12 7.74364e-13 -5.29699e-15
Strain 0 0.0003 0 0.0003 0 0 0 0 0
Strain mean -3.52349e-20 0.0003 2.272e-17 0.0003 -9.32872e-35 3.87182e-18 2.272e-17 3.87182e-18 -1.19919e-33
Plastic strain_mean -3.54286e-19 2.09849e-08 0 2.09849e-08 3.54286e-19 0 0 0 0
Plastic strain_rate_mean 0 0 0 0 0 0 0 0 0
Dissipation 9.83756e-07
End step 9
Begin step 10
Stress 1.01163e-13 66.6503 4.21527e-12 66.6503 -5.67256e-14 -2.37486e-12 4.21527e-12 -2.37486e-12 1.33429e-14
Strain 0 0.000333333 0 0.000333333 0 0 0 0 0
Strain mean 8.87555e-20 0.000333333 2.10764e-17 0.000333333 -1.87778e-33 -1.18743e-17 2.10764e-17 -1.18743e-17 6.66402e-33
Plastic strain_mean -3.50343e-19 8.20472e-08 0 8.20472e-08 3.50343e-19 0 0 0 0
Plastic strain_rate_mean 0 0 0 0 0 0 0 0 0
Dissipation 4.06982e-06
End step 10
Begin step 11
Stress 1.10153e-13 73.277 1.02865e-12 73.277 -1.09506e-13 -1.81305e-12 1.02865e-12 -1.81305e-12 1.94325e-16
Strain 0 0.000366667 0 0.000366667 0 0 0 0 0
Strain mean 1.29263e-21 0.000366667 5.14324e-18 0.000366667 1.84889e-32 -9.06525e-18 5.14324e-18 -9.06525e-18 -5.05557e-34
Plastic strain_mean -5.48501e-19 2.81728e-07 0 2.81728e-07 5.48501e-19 0 0 0 0
Plastic strain_rate_mean 0 0 0 0 0 0 0 0 0
Dissipation 1.4632e-05
End step 11
Begin step 12
Stress 2.17805e-14 79.8272 3.44701e-14 79.8272 1.31524e-14 -1.75146e-12 3.44701e-14 -1.75146e-12 1.04892e-14
Strain 0 0.0004 0 0.0004 0 0 0 0 0
Strain mean 6.97727e-20 0.0004 1.7235e-19 0.0004 1.73683e-31 -8.75728e-18 1.7235e-19 -8.75728e-18 -3.23797e-33
Plastic strain_mean 1.33162e-20 8.63959e-07 0 8.63959e-07 -1.33162e-20 0 0 0 0
Plastic strain_rate_mean 0 0 0 0 0 0 0 0 0
Dissipation 4.64777e-05
End step 12
Begin step 13
Stress -8.21978e-14 86.1902 -1.37078e-13 86.1902 7.43154e-14 1.59094e-12 -1.37078e-13 1.59094e-12 -2.36683e-15
Strain 0 0.000433333 0 0.000433333 0 0 0 0 0
Strain mean -1.57439e-20 0.000433333 -6.8539e-19 0.000433333 -2.63852e-31 7.9547e-18 -6.8539e-19 7.9547e-18 3.31019e-34
Plastic strain_mean 3.83411e-19 2.38225e-06 0 2.38225e-06 -3.83411e-19 0 0 0 0
Plastic strain_rate_mean 0 0 0 0 0 0 0 0 0
Dissipation 0.00013086
End step 13
Begin step 14
Stress 7.70085e-14 92.1562 -1.81199e-12 92.1562 -8.63743e-14 -5.79082e-12 -1.81199e-12 -5.79082e-12 -2.81225e-15
Strain 0 0.000466667 0 0.000466667 0 0 0 0 0
Strain mean -1.87068e-20 0.000466667 -9.05996e-18 0.000466667 -6.70224e-32 -2.89541e-17 -9.05996e-18 -2.89541e-17 2.96563e-33
Plastic strain_mean -4.1781e-19 5.88581e-06 0 5.88581e-06 4.1781e-19 0 0 0 0
Plastic strain_rate_mean 0 0 0 0 0 0 0 0 0
Dissipation 0.000322866
End step 14
Begin step 15
Stress -5.28051e-14 97.4207 3.67864e-12 97.4207 2.67291e-14 1.05047e-11 3.67864e-12 1.05047e-11 -7.82976e-15
Strain 0 0.0005 0 0.0005 0 0 0 0 0
Strain mean -5.20827e-20 0.0005 1.83932e-17 0.0005 1.79087e-31 5.25233e-17 1.83932e-17 5.25233e-17 -1.63403e-33
Plastic strain_mean 1.72794e-19 1.28964e-05 0 1.28964e-05 -1.72794e-19 0 0 0 0
Plastic strain_rate_mean 0 0 0 0 0 0 0 0 0
Dissipation 0.000682937
End step 15
Begin step 16
Stress -3.56518e-13 101.693 -1.99239e-12 101.693 3.23679e-13 1.8621e-12 -1.99239e-12 1.8621e-12 -9.86034e-15
Strain 0 0.000533333 0 0.000533333 0 0 0 0 0
Strain mean -6.55899e-20 0.000533333 -9.96193e-18 0.000533333 3.07186e-32 9.31051e-18 -9.96193e-18 9.31051e-18 -1.66713e-33
Plastic strain_mean 1.6677e-18 2.48686e-05 0 2.48686e-05 -1.6677e-18 0 0 0 0
Plastic strain_rate_mean 0 0 0 0 0 0 0 0 0
Dissipation 0.00121737
End step 16
Begin step 17
Stress -1.43256e-12 104.855 7.60869e-14 104.855 1.49349e-12 -4.75221e-14 7.60869e-14 -4.75221e-14 1.82971e-14
Strain 0 0.000566667 0 0.000566667 0 0 0 0 0
Strain mean 1.2171e-19 0.000566667 3.80435e-19 0.000566667 7.13798e-33 -2.37611e-19 3.80435e-19 -2.37611e-19 3.25302e-33
Plastic strain_mean 7.37598e-18 4.23909e-05 0 4.23909e-05 -7.37598e-18 0 0 0 0
Plastic strain_rate_mean 0 0 0 0 0 0 0 0 0
Dissipation 0.00183701
End step 17
Begin step 18
Stress -6.10073e-13 107.012 3.96989e-13 107.012 6.01696e-13 -3.19167e-12 3.96989e-13 -3.19167e-12 -2.5153e-15
Strain 0 0.0006 0 0.0006 0 0 0 0 0
Strain mean -1.67315e-20 0.0006 1.98495e-18 0.0006 -8.3778e-33 -1.59583e-17 1.98495e-18 -1.59583e-17 -2.92576e-33
Plastic strain_mean 3.02105e-18 6.49385e-05 0 6.49385e-05 -3.02105e-18 0 0 0 0
Plastic strain_rate_mean 0 0 0 0 0 0 0 0 0
Dissipation 0.0024123
End step 18
Begin step 19
Stress -1.88838e-12 108.398 -5.98167e-13 108.398 1.86845e-12 -7.68041e-14 -5.98167e-13 -7.68041e-14 -5.98695e-15
Strain 0 0.000633333 0 0.000633333 0 0 0 0 0
Strain mean -3.98245e-20 0.000633333 -2.99084e-18 0.000633333 -1.19408e-32 -3.84021e-19 -2.99084e-18 -3.84021e-19 -7.34261e-34
Plastic strain_mean 9.37216e-18 9.13456e-05 0 9.13456e-05 -9.37216e-18 0 0 0 0
Plastic strain_rate_mean 0 0 0 0 0 0 0 0 0
Dissipation 0.00286153
End step 19
Begin step 20
Stress -1.43146e-12 109.254 1.47772e-12 109.254 1.41913e-12 -1.37214e-13 1.47772e-12 -1.37214e-13 -3.70309e-15
Strain 0 0.000666667 0 0.000666667 0 0 0 0 0
Strain mean -2.46325e-20 0.000666667 7.38858e-18 0.000666667 1.41171e-31 -6.86072e-19 7.38858e-18 -6.86072e-19 1.46852e-33
Plastic strain_mean 7.11414e-18 0.000120396 0 0.000120396 -7.11414e-18 0 0 0 0
Plastic strain_rate_mean 0 0 0 0 0 0 0 0 0
Dissipation 0.00317251
End step 20
Begin step 21
Stress -1.12627e-12 109.775 1.97894e-12 109.775 1.07698e-12 -1.20969e-12 1.97894e-12 -1.20969e-12 -1.47992e-14
Strain 0 0.0007 0 0.0007 0 0 0 0 0
Strain mean -9.84429e-20 0.0007 9.89472e-18 0.0007 2.59339e-32 -6.04844e-18 9.89472e-18 -6.04844e-18 9.87039e-34
Plastic strain_mean 5.45892e-18 0.000151126 0 0.000151126 -5.45892e-18 0 0 0 0
Plastic strain_rate_mean 0 0 0 0 0 0 0 0 0
Dissipation 0.00337177
End step 21
Begin step 22
Stress 8.72855e-13 110.091 -1.98358e-12 110.091 -8.22971e-13 -4.40904e-14 -1.98358e-12 -4.40904e-14 1.49783e-14
Strain 0 0.000733333 0 0.000733333 0 0 0 0 0
Strain mean 9.96338e-20 0.000733333 -9.9179e-18 0.000733333 9.00372e-33 -2.20452e-19 -9.9179e-18 -2.20452e-19 -2.19075e-33
Plastic strain_mean -4.18975e-18 0.000182879 0 0.000182879 4.18975e-18 0 0 0 0
Plastic strain_rate_mean 0 0 0 0 0 0 0 0 0
Dissipation 0.0034936
End step 22
Begin step 23
Stress 4.05502e-12 110.286 7.58951e-13 110.286 -4.20254e-12 -1.17466e-12 7.58951e-13 -1.17466e-12 -4.42929e-14
Strain 0 0.000766667 0 0.000766667 0 0 0 0 0
Strain mean -2.94632e-19 0.000766667 3.79475e-18 0.000766667 -6.01853e-34 -5.87332e-18 3.79475e-18 -5.87332e-18 6.80094e-34
Plastic strain_mean -2.07912e-17 0.000215237 0 0.000215237 2.07912e-17 0 0 0 0
Plastic strain_rate_mean 0 0 0 0 0 0 0 0 0
Dissipation 0.00356615
End step 23
Begin step 24
Stress -1.15169e-14 110.41 -3.604e-13 110.41 -4.61907e-14 -5.53849e-13 -3.604e-13 -5.53849e-13 -1.73277e-14
Strain 0 0.0008 0 0.0008 0 0 0 0 0
Strain mean -1.15262e-19 0.0008 -1.802e-18 0.0008 6.27432e-34 -2.76924e-18 -1.802e-18 -2.76924e-18 -8.1899e-34
Plastic strain_mean -1.44315e-19 0.000247948 0 0.000247948 1.44315e-19 0 0 0 0
Plastic strain_rate_mean 0 0 0 0 0 0 0 0 0
Dissipation 0.00360879
End step 24
Begin step 25
Stress -1.67872e-12 110.494 -1.76249e-12 110.494 1.72284e-12 7.20215e-14 -1.76249e-12 7.20215e-14 1.3249e-14
Strain 0 0.000833333 0 0.000833333 0 0 0 0 0
Strain mean 8.81309e-20 0.000833333 -8.81247e-18 0.000833333 3.57501e-33 3.60107e-19 -8.81247e-18 3.60107e-19 -7.71877e-34
Plastic strain_mean 8.54795e-18 0.000280862 0 0.000280862 -8.54795e-18 0 0 0 0
Plastic strain_rate_mean 0 0 0 0 0 0 0 0 0
Dissipation 0.00363375
End step 25
Begin step 26
Stress 1.80485e-13 110.554 -1.53508e-12 110.554 -2.47442e-13 6.18182e-13 -1.53508e-12 6.18182e-13 -2.0105e-14
Strain 0 0.000866667 0 0.000866667 0 0 0 0 0
Strain mean -1.33736e-19 0.000866667 -7.67542e-18 0.000866667 1.77607e-32 3.09091e-18 -7.67542e-18 3.09091e-18 2.8919e-33
Plastic strain_mean -1.13669e-18 0.000313895 0 0.000313895 1.13669e-18 0 0 0 0
Plastic strain_rate_mean 0 0 0 0 0 0 0 0 0
Dissipation 0.00364843
End step 26
Begin step 27
Stress 1.08481e-12 110.601 -1.3949e-12 110.601 -1.08324e-12 -7.4028e-13 -1.3949e-12 -7.4028e-13 4.7162e-16
Strain 0 0.0009 0 0.0009 0 0 0 0 0
Strain mean 3.13716e-21 0.0009 -6.97452e-18 0.0009 4.67038e-33 -3.7014e-18 -6.97452e-18 -3.7014e-18 6.24423e-34
Plastic strain_mean -5.41855e-18 0.000346995 0 0.000346995 5.41855e-18 0 0 0 0
Plastic strain_rate_mean 0 0 0 0 0 0 0 0 0
Dissipation 0.00365718
End step 27
Begin step 28
Stress 1.23767e-14 110.64 7.01308e-13 110.64 -6.1242e-14 9.91881e-14 7.01308e-13 9.91881e-14 -1.46726e-14
Strain 0 0.000933333 0 0.000933333 0 0 0 0 0
Strain mean -9.76005e-20 0.000933333 3.50654e-18 0.000933333 6.92372e-32 4.9594e-19 3.50654e-18 4.9594e-19 -2.4044e-33
Plastic strain_mean -2.32847e-19 0.000380134 0 0.000380134 2.32847e-19 0 0 0 0
Plastic strain_rate_mean 0 0 0 0 0 0 0 0 0
Dissipation 0.00366252
End step 28
Begin step 29
Stress 6.27038e-13 110.674 -1.11438e-12 110.674 -7.38221e-13 -6.44579e-13 -1.11438e-12 -6.44579e-13 -3.33845e-14
Strain 0 0.000966667 0 0.000966667 0 0 0 0 0
Strain mean -2.2207e-19 0.000966667 -5.5719e-18 0.000966667 -3.8326e-32 -3.2229e-18 -5.5719e-18 -3.2229e-18 -9.53561e-34
Plastic strain_mean -3.52418e-18 0.000413296 0 0.000413296 3.52418e-18 0 0 0 0
Plastic strain_rate_mean 0 0 0 0 0 0 0 0 0
Dissipation 0.00366591
End step 29
Begin step 30
Stress 8.28758e-13 110.706 -1.18692e-12 110.706 -8.81812e-13 -5.59818e-13 -1.18692e-12 -5.59818e-13 -1.59303e-14
Strain 0 0.001 0 0.001 0 0 0 0 0
Strain mean -1.05966e-19 0.001 -5.9346e-18 0.001 -2.28223e-32 -2.79909e-18 -5.9346e-18 -2.79909e-18 -4.60841e-34
Plastic strain_mean -4.32941e-18 0.000446472 0 0.000446472 4.32941e-18 0 0 0 0
Plastic strain_rate_mean 0 0 0 0 0 0 0 0 0
Dissipation 0.00366818
End step 30
