Begin step 0
Stress 0 0 0 0 0 0 0 0 0
Strain 0 0 0 0 0 0 0 0 0
Strain mean 0 0 0 0 0 0 0 0 0
Plastic strain_mean 0 0 0 0 0 0 0 0 0
Plastic strain_rate_mean 0 0 0 0 0 0 0 0 0
Dissipation 0
End step 0
Begin step 1
Stress -5.80474e-14 6.64532 -2.89012e-12 6.64532 5.29081e-14 1.69645e-12 -2.89012e-12 1.69645e-12 -1.54313e-15
Strain 0 3.33333e-05 0 3.33333e-05 0 0 0 0 0
Strain mean -1.02648e-20 3.33333e-05 -1.44506e-17 3.33333e-05 -4.11668e-33 8.48227e-18 -1.44506e-17 8.48227e-18 -1.78449e-33
Plastic strain_mean 2.72256e-19 1.06758e-07 0 1.06758e-07 -2.72256e-19 0 0 0 0
Plastic strain_rate_mean 0 0 0 0 0 0 0 0 0
Dissipation 7.09438e-07
End step 1
Begin step 2
Stress -6.50271e-14 13.2693 -2.52432e-13 13.2693 6.33983e-14 2.34038e-12 -2.52432e-13 2.34038e-12 -4.89087e-16
Strain 0 6.66667e-05 0 6.66667e-05 0 0 0 0 0
Strain mean -3.25335e-21 6.66667e-05 -1.26216e-18 6.66667e-05 1.68519e-34 1.17019e-17 -1.26216e-18 1.17019e-17 1.4783e-33
Plastic strain_mean 3.19437e-19 3.19931e-07 0 3.19931e-07 -3.19437e-19 0 0 0 0
Plastic strain_rate_mean 0 0 0 0 0 0 0 0 0
Dissipation 2.82865e-06
End step 2
Begin step 3
Stress -6.63649e-14 19.8722 -2.47871e-13 19.8722 7.6138e-14 2.33127e-12 -2.47871e-13 2.33127e-12 2.93452e-15
Strain 0 0.0001 0 0.0001 0 0 0 0 0
Strain mean 1.95201e-20 0.0001 -1.23936e-18 0.0001 8.1852e-34 1.16564e-17 -1.23936e-18 1.16564e-17 1.37223e-33
Plastic strain_mean 3.66017e-19 6.39178e-07 0 6.39178e-07 -3.66017e-19 0 0 0 0
Plastic strain_rate_mean 0 0 0 0 0 0 0 0 0
Dissipation 6.34405e-06
End step 3
Begin step 4
Stress -8.77115e-14 26.4538 -2.45327e-13 26.4538 8.01235e-14 2.3225e-12 -2.45327e-13 2.3225e-12 -2.2784e-15
Strain 0 0.000133333 0 0.000133333 0 0 0 0 0
Strain mean -1.51557e-20 0.000133333 -1.22663e-18 0.000133333 -1.10741e-33 1.16125e-17 -1.22663e-18 1.16125e-17 1.20295e-33
Plastic strain_mean 4.1201e-19 1.06416e-06 0 1.06416e-06 -4.1201e-19 0 0 0 0
Plastic strain_rate_mean 0 0 0 0 0 0 0 0 0
Dissipation 1.12422e-05
End step 4
Begin step 5
Stress -9.25412e-14 33.0144 -2.35613e-13 33.0144 9.10905e-14 2.31453e-12 -2.35613e-13 2.31453e-12 -4.35593e-16
Strain 0 0.000166667 0 0.000166667 0 0 0 0 0
Strain mean -2.89751e-21 0.000166667 -1.17806e-18 0.000166667 -4.30927e-33 1.15727e-17 -1.17806e-18 1.15727e-17 1.38501e-33
Plastic strain_mean 4.57631e-19 1.59453e-06 0 1.59453e-06 -4.57631e-19 0 0 0 0
Plastic strain_rate_mean 0 0 0 0 0 0 0 0 0
Dissipation 1.75096e-05
End step 5
Begin step 6
Stress -9.99404e-14 39.554 -2.30318e-13 39.554 1.00784e-13 2.305e-12 -2.30318e-13 2.305e-12 2.53277e-16
Strain 0 0.0002 0 0.0002 0 0 0 0 0
Strain mean 1.68477e-21 0.0002 -1.15159e-18 0.0002 -4.57408e-34 1.1525e-17 -1.15159e-18 1.1525e-17 1.16609e-33
Plastic strain_mean 5.02653e-19 2.22996e-06 0 2.22996e-06 -5.02653e-19 0 0 0 0
Plastic strain_rate_mean 0 0 0 0 0 0 0 0 0
Dissipation 2.51331e-05
End step 6
Begin step 7
Stress -1.10105e-13 46.0725 -2.40046e-12 46.0725 1.02368e-13 1.4785e-12 -2.40046e-12 1.4785e-12 -2.32316e-15
Strain 0 0.000233333 0 0.000233333 0 0 0 0 0
Strain mean -1.54534e-20 0.000233333 -1.20023e-17 0.000233333 4.92075e-32 7.39251e-18 -1.20023e-17 7.39251e-18 2.70834e-33
Plastic strain_mean 5.23458e-19 2.97075e-06 0 2.97075e-06 -5.23458e-19 0 0 0 0
Plastic strain_rate_mean 0 0 0 0 0 0 0 0 0
Dissipation 3.41295e-05
End step 7
Begin step 8
Stress -1.62604e-13 52.5688 6.31803e-12 52.5688 1.66989e-13 -4.6703e-12 6.31803e-12 -4.6703e-12 1.3166e-15
Strain 0 0.000266667 0 0.000266667 0 0 0 0 0
Strain mean 8.7579e-21 0.000266667 3.15901e-17 0.000266667 2.21963e-32 -2.33515e-17 3.15901e-17 -2.33515e-17 8.5403e-33
Plastic strain_mean 8.2836e-19 3.82274e-06 0 3.82274e-06 -8.2836e-19 0 0 0 0
Plastic strain_rate_mean 0 0 0 0 0 0 0 0 0
Dissipation 4.47869e-05
End step 8
Begin step 9
Stress -8.49661e-14 59.0373 7.95426e-13 59.0373 1.0945e-13 -2.02859e-12 7.95426e-13 -2.02859e-12 7.35159e-15
Strain 0 0.0003 0 0.0003 0 0 0 0 0
Strain mean 4.89019e-20 0.0003 3.97713e-18 0.0003 4.34538e-32 -1.0143e-17 3.97713e-18 -1.0143e-17 -1.12547e-33
Plastic strain_mean 5.10491e-19 4.81365e-06 0 4.81365e-06 -5.10491e-19 0 0 0 0
Plastic strain_rate_mean 0 0 0 0 0 0 0 0 0
Dissipation 5.84985e-05
End step 9
Begin step 10
Stress -1.00346e-14 65.4686 1.8356e-13 65.4686 5.41298e-14 -1.34776e-12 1.8356e-13 -1.34776e-12 1.32403e-14
Strain 0 0.000333333 0 0.000333333 0 0 0 0 0
Strain mean 8.80728e-20 0.000333333 9.17799e-19 0.000333333 -7.70131e-32 -6.73881e-18 9.17799e-19 -6.73881e-18 -5.7176e-34
Plastic strain_mean 2.04447e-19 5.99008e-06 0 5.99008e-06 -2.04447e-19 0 0 0 0
Plastic strain_rate_mean 0 0 0 0 0 0 0 0 0
Dissipation 7.70168e-05
End step 10
Begin step 11
Stress 5.34025e-15 71.8477 3.88283e-12 71.8477 -2.63989e-14 -5.30641e-12 3.88283e-12 -5.30641e-12 -6.3232e-15
Strain 0 0.000366667 0 0.000366667 0 0 0 0 0
Strain mean -4.20612e-20 0.000366667 1.94142e-17 0.000366667 -1.36019e-32 -2.6532e-17 1.94142e-17 -2.6532e-17 7.24782e-33
Plastic strain_mean -1.00378e-19 7.42831e-06 0 7.42831e-06 1.00378e-19 0 0 0 0
Plastic strain_rate_mean 0 0 0 0 0 0 0 0 0
Dissipation 0.000103328
End step 11
Begin step 12
Stress -1.5648e-13 78.1469 -7.64565e-12 78.1469 1.55258e-13 5.26085e-12 -7.64565e-12 5.26085e-12 -3.66815e-16
Strain 0 0.0004 0 0.0004 0 0 0 0 0
Strain mean -2.44001e-21 0.0004 -3.82282e-17 0.0004 1.15556e-33 2.63043e-17 -3.82282e-17 2.63043e-17 -1.01713e-33
Plastic strain_mean 7.78124e-19 9.26528e-06 0 9.26528e-06 -7.78124e-19 0 0 0 0
Plastic strain_rate_mean 0 0 0 0 0 0 0 0 0
Dissipation 0.000143546
End step 12
Begin step 13
Stress -3.27417e-13 84.3125 4.0744e-12 84.3125 3.19404e-13 -2.01228e-12 4.0744e-12 -2.01228e-12 -2.40613e-15
Strain 0 0.000433333 0 0.000433333 0 0 0 0 0
Strain mean -1.60053e-20 0.000433333 2.0372e-17 0.000433333 1.37848e-31 -1.00614e-17 2.0372e-17 -1.00614e-17 3.9963e-33
Plastic strain_mean 1.60905e-18 1.17711e-05 0 1.17711e-05 -1.60905e-18 0 0 0 0
Plastic strain_rate_mean 0 0 0 0 0 0 0 0 0
Dissipation 0.000211255
End step 13
Begin step 14
Stress -4.85728e-13 90.2199 1.49715e-12 90.2199 4.81874e-13 1.19223e-12 1.49715e-12 1.19223e-12 -1.15721e-15
Strain 0 0.000466667 0 0.000466667 0 0 0 0 0
Strain mean -7.69766e-21 0.000466667 7.48573e-18 0.000466667 -2.11852e-31 5.96113e-18 7.48573e-18 5.96113e-18 4.12269e-34
Plastic strain_mean 2.41516e-18 1.55672e-05 0 1.55672e-05 -2.41516e-18 0 0 0 0
Plastic strain_rate_mean 0 0 0 0 0 0 0 0 0
Dissipation 0.000342457
End step 14
Begin step 15
Stress -1.81522e-13 95.5227 -7.54368e-13 95.5227 1.63125e-13 -7.45e-12 -7.54368e-13 -7.45e-12 -5.52406e-15
Strain 0 0.0005 0 0.0005 0 0 0 0 0
Strain mean -3.67454e-20 0.0005 -3.77184e-18 0.0005 2.83593e-32 -3.725e-17 -3.77184e-18 -3.725e-17 -6.63242e-33
Plastic strain_mean 8.43244e-19 2.23863e-05 0 2.23863e-05 -8.43244e-19 0 0 0 0
Plastic strain_rate_mean 0 0 0 0 0 0 0 0 0
Dissipation 0.000651301
End step 15
Begin step 16
Stress 3.86718e-13 99.2409 1.32208e-13 99.2409 -4.36747e-13 2.64585e-12 1.32208e-13 2.64585e-12 -1.5022e-14
Strain 0 0.000533333 0 0.000533333 0 0 0 0 0
Strain mean -9.99243e-20 0.000533333 6.61038e-19 0.000533333 -9.62965e-34 1.32292e-17 6.61038e-19 1.32292e-17 6.94538e-33
Plastic strain_mean -2.10863e-18 3.7129e-05 0 3.7129e-05 2.10863e-18 0 0 0 0
Plastic strain_rate_mean 0 0 0 0 0 0 0 0 0
Dissipation 0.0014628
End step 16
Begin step 17
Stress -9.07701e-13 100.696 1.41017e-12 100.696 8.6634e-13 4.2226e-12 1.41017e-12 4.2226e-12 -1.24193e-14
Strain 0 0.000566667 0 0.000566667 0 0 0 0 0
Strain mean -8.26119e-20 0.000566667 7.05085e-18 0.000566667 -5.4552e-32 2.1113e-17 7.05085e-18 2.1113e-17 4.65308e-34
Plastic strain_mean 4.3938e-18 6.31863e-05 0 6.31863e-05 -4.3938e-18 0 0 0 0
Plastic strain_rate_mean 0 0 0 0 0 0 0 0 0
Dissipation 0.00262313
End step 17
Begin step 18
Stress 3.36939e-14 101.052 -8.02242e-13 101.052 -1.99651e-14 2.95701e-12 -8.02242e-13 2.95701e-12 4.1223e-15
Strain 0 0.0006 0 0.0006 0 0 0 0 0
Strain mean 2.74211e-20 0.0006 -4.01121e-18 0.0006 5.07061e-33 1.47851e-17 -4.01121e-18 1.47851e-17 1.04497e-33
Plastic strain_mean -1.20437e-19 9.47386e-05 0 9.47386e-05 1.20437e-19 0 0 0 0
Plastic strain_rate_mean 0 0 0 0 0 0 0 0 0
Dissipation 0.00318727
End step 18
Begin step 19
Stress -8.76836e-13 101.141 -5.80926e-13 101.141 8.96658e-13 2.33612e-12 -5.80926e-13 2.33612e-12 5.95201e-15
Strain 0 0.000633333 0 0.000633333 0 0 0 0 0
Strain mean 3.95921e-20 0.000633333 -2.90463e-18 0.000633333 -4.14526e-34 1.16806e-17 -2.90463e-18 1.16806e-17 2.17998e-33
Plastic strain_mean 4.45353e-18 0.000127628 0 0.000127628 -4.45353e-18 0 0 0 0
Plastic strain_rate_mean 0 0 0 0 0 0 0 0 0
Dissipation 0.00332502
End step 19
Begin step 20
Stress -1.61879e-12 101.177 -6.85275e-14 101.177 1.62621e-12 -2.40168e-12 -6.85275e-14 -2.40168e-12 2.22709e-15
Strain 0 0.000666667 0 0.000666667 0 0 0 0 0
Strain mean 1.48144e-20 0.000666667 -3.42637e-19 0.000666667 2.21482e-33 -1.20084e-17 -3.42637e-19 -1.20084e-17 -1.17662e-33
Plastic strain_mean 8.11992e-18 0.000160782 0 0.000160782 -8.11992e-18 0 0 0 0
Plastic strain_rate_mean 0 0 0 0 0 0 0 0 0
Dissipation 0.00335266
End step 20
Begin step 21
Stress 2.65158e-13 101.203 -4.38874e-12 101.203 -3.49218e-13 -1.1387e-12 -4.38874e-12 -1.1387e-12 -2.52404e-14
Strain 0 0.0007 0 0.0007 0 0 0 0 0
Strain mean -1.67896e-19 0.0007 -2.19437e-17 0.0007 3.17778e-33 -5.69351e-18 -2.19437e-17 -5.69351e-18 -1.76945e-33
Plastic strain_mean -1.61989e-18 0.000193986 0 0.000193986 1.61989e-18 0 0 0 0
Plastic strain_rate_mean 0 0 0 0 0 0 0 0 0
Dissipation 0.0033585
End step 21
Begin step 22
Stress 6.57092e-13 101.226 -3.61524e-12 101.226 -6.58445e-13 -7.06985e-13 -3.61524e-12 -7.06985e-13 -4.06117e-16
Strain 0 0.000733333 0 0.000733333 0 0 0 0 0
Strain mean -2.70144e-21 0.000733333 -1.80762e-17 0.000733333 -3.91205e-35 -3.53493e-18 -1.80762e-17 -3.53493e-18 -7.22224e-34
Plastic strain_mean -3.29019e-18 0.000227203 0 0.000227203 3.29019e-18 0 0 0 0
Plastic strain_rate_mean 0 0 0 0 0 0 0 0 0
Dissipation 0.00336023
End step 22
Begin step 23
Stress 5.72521e-13 101.249 -3.00991e-12 101.249 -5.25954e-13 -4.38929e-13 -3.00991e-12 -4.38929e-13 1.39826e-14
Strain 0 0.000766667 0 0.000766667 0 0 0 0 0
Strain mean 9.3011e-20 0.000766667 -1.50496e-17 0.000766667 -3.87894e-33 -2.19464e-18 -1.50496e-17 -2.19464e-18 -5.83798e-34
Plastic strain_mean -2.69968e-18 0.000260423 0 0.000260423 2.69968e-18 0 0 0 0
Plastic strain_rate_mean 0 0 0 0 0 0 0 0 0
Dissipation 0.00336116
End step 23
Begin step 24
Stress 3.79469e-13 101.271 -2.56425e-12 101.271 -3.99611e-13 -2.5624e-13 -2.56425e-12 -2.5624e-13 -6.04808e-15
Strain 0 0.0008 0 0.0008 0 0 0 0 0
Strain mean -4.02312e-20 0.0008 -1.28213e-17 0.0008 6.92131e-34 -1.2812e-18 -1.28213e-17 -1.2812e-18 -4.27316e-34
Plastic strain_mean -1.96781e-18 0.000293644 0 0.000293644 1.96781e-18 0 0 0 0
Plastic strain_rate_mean 0 0 0 0 0 0 0 0 0
Dissipation 0.0033619
End step 24
Begin step 25
Stress 1.95525e-13 101.293 -2.20063e-12 101.293 -2.89373e-13 -1.34551e-13 -2.20063e-12 -1.34551e-13 -2.81793e-14
Strain 0 0.000833333 0 0.000833333 0 0 0 0 0
Strain mean -1.87445e-19 0.000833333 -1.10031e-17 0.000833333 2.18586e-33 -6.72753e-19 -1.10031e-17 -6.72753e-19 -7.6661e-34
Plastic strain_mean -1.30597e-18 0.000326867 0 0.000326867 1.30597e-18 0 0 0 0
Plastic strain_rate_mean 0 0 0 0 0 0 0 0 0
Dissipation 0.0033626
End step 25
Begin step 26
Stress 1.58277e-13 101.315 -1.8672e-12 101.315 -1.90025e-13 -5.38033e-14 -1.8672e-12 -5.38033e-14 -9.53283e-15
Strain 0 0.000866667 0 0.000866667 0 0 0 0 0
Strain mean -6.34113e-20 0.000866667 -9.33602e-18 0.000866667 6.91379e-34 -2.69017e-19 -9.33602e-18 -2.69017e-19 -4.71702e-34
Plastic strain_mean -9.02463e-19 0.000360091 0 0.000360091 9.02463e-19 0 0 0 0
Plastic strain_rate_mean 0 0 0 0 0 0 0 0 0
Dissipation 0.00336326
End step 26
Begin step 27
Stress 7.68291e-14 101.337 -1.6844e-12 101.337 -8.0494e-14 -1.08994e-15 -1.6844e-12 -1.08994e-15 -1.10045e-15
Strain 0 0.0009 0 0.0009 0 0 0 0 0
Strain mean -7.32004e-21 0.0009 -8.42199e-18 0.0009 -3.44373e-34 -5.44968e-21 -8.42199e-18 -5.44968e-21 1.09086e-34
Plastic strain_mean -3.96968e-19 0.000393316 0 0.000393316 3.96968e-19 0 0 0 0
Plastic strain_rate_mean 0 0 0 0 0 0 0 0 0
Dissipation 0.00336391
End step 27
Begin step 28
Stress -9.51703e-14 101.358 -1.45361e-12 101.358 -5.94099e-14 3.4163e-14 -1.45361e-12 3.4163e-14 -4.64152e-14
Strain 0 0.000933333 0 0.000933333 0 0 0 0 0
Strain mean -3.08749e-19 0.000933333 -7.26807e-18 0.000933333 -4.23178e-34 1.70815e-19 -7.26807e-18 1.70815e-19 -1.42188e-34
Plastic strain_mean -6.49735e-20 0.000426541 0 0.000426541 6.49735e-20 0 0 0 0
Plastic strain_rate_mean 0 0 0 0 0 0 0 0 0
Dissipation 0.00336455
End step 28
Begin step 29
Stress -2.52427e-14 101.38 -1.28595e-12 101.38 -1.47803e-14 5.33108e-14 -1.28595e-12 5.33108e-14 -1.20176e-14
Strain 0 0.000966667 0 0.000966667 0 0 0 0 0
Strain mean -7.99395e-20 0.000966667 -6.42976e-18 0.000966667 6.44735e-34 2.66554e-19 -6.42976e-18 2.66554e-19 2.50521e-34
Plastic strain_mean -1.38138e-20 0.000459767 0 0.000459767 1.38138e-20 0 0 0 0
Plastic strain_rate_mean 0 0 0 0 0 0 0 0 0
Dissipation 0.00336517
End step 29
Begin step 30
Stress -5.38185e-13 101.401 -4.58004e-13 101.401 6.41326e-13 -7.59171e-13 -4.58004e-13 -7.59171e-13 3.09697e-14
Strain 0 0.001 0 0.001 0 0 0 0 0
Strain mean 2.06007e-19 0.001 -2.29002e-18 0.001 8.85853e-34 -3.79585e-18 -2.29002e-18 -3.79585e-18 1.80556e-34
Plastic strain_mean 3.05178e-18 0.000492994 0 0.000492994 -3.05178e-18 0 0 0 0
Plastic strain_rate_mean 0 0 0 0 0 0 0 0 0
Dissipation 0.00336579
End step 30
