Begin step 0
Stress 0 0 0 0 0 0 0 0 0
Strain 0 0 0 0 0 0 0 0 0
Strain mean 0 0 0 0 0 0 0 0 0
Plastic strain_mean 0 0 0 0 0 0 0 0 0
Plastic strain_rate_mean 0 0 0 0 0 0 0 0 0
Dissipation 0
End step 0
Begin step 1
Stress -6.20773e-13 48.1058 1.21156e-13 48.1058 6.00318e-13 -2.6118e-13 1.21156e-13 -2.6118e-13 -6.14197e-15
Strain 0 0.000333333 0 0.000333333 0 0 0 0 0
Strain mean -4.08557e-20 0.000333333 6.0578e-19 0.000333333 -3.37038e-34 -1.3059e-18 6.0578e-19 -1.3059e-18 -2.44202e-33
Plastic strain_mean 3.0323e-18 9.28041e-05 0 9.28041e-05 -3.0323e-18 0 0 0 0
Plastic strain_rate_mean 0 0 0 0 0 0 0 0 0
Dissipation 0.00446131
End step 1
Begin step 2
Stress 4.05632e-13 75.6023 1.47453e-12 75.6023 -3.40958e-13 4.47659e-12 1.47453e-12 4.47659e-12 1.94194e-14
Strain 0 0.000666667 0 0.000666667 0 0 0 0 0
Strain mean 1.29175e-19 0.000666667 7.37266e-18 0.000666667 -3.31019e-33 2.23829e-17 7.37266e-18 2.23829e-17 9.50928e-34
Plastic strain_mean -1.80189e-18 0.000288655 0 0.000288655 1.80189e-18 0 0 0 0
Plastic strain_rate_mean 0 0 0 0 0 0 0 0 0
Dissipation 0.0147832
End step 2
Begin step 3
Stress -1.15447e-12 84.3151 -6.31526e-13 84.3151 1.07617e-12 -1.00387e-12 -6.31526e-13 -1.00387e-12 -2.35111e-14
Strain 0 0.001 0 0.001 0 0 0 0 0
Strain mean -1.56393e-19 0.001 -3.15763e-18 0.001 -8.90743e-34 -5.01934e-18 -3.15763e-18 -5.01934e-18 -8.17016e-34
Plastic strain_mean 5.4984e-18 0.000578424 0 0.000578424 -5.4984e-18 0 0 0 0
Plastic strain_rate_mean 0 0 0 0 0 0 0 0 0
Dissipation 0.0243656
End step 3
Begin step 4
Stress 5.42549e-13 86.4095 -1.47884e-12 86.4095 -4.71767e-13 4.56777e-12 -1.47884e-12 4.56777e-12 2.12534e-14
Strain 0 0.00133333 0 0.00133333 0 0 0 0 0
Strain mean 1.41375e-19 0.00133333 -7.39419e-18 0.00133333 1.6551e-34 2.28388e-17 -7.39419e-18 2.28388e-17 1.13148e-33
Plastic strain_mean -2.4651e-18 0.000901286 0 0.000901286 2.4651e-18 0 0 0 0
Plastic strain_rate_mean 0 0 0 0 0 0 0 0 0
Dissipation 0.027794
End step 4
Begin step 5
Stress 6.46963e-13 87.0126 5.43772e-13 87.0126 -7.10953e-13 5.75504e-13 5.43772e-13 5.75504e-13 -1.92141e-14
Strain 0 0.00166667 0 0.00166667 0 0 0 0 0
Strain mean -1.2781e-19 0.00166667 2.71886e-18 0.00166667 6.86113e-34 2.87752e-18 2.71886e-18 2.87752e-18 -2.16366e-33
Plastic strain_mean -3.4587e-18 0.0012316 0 0.0012316 3.4587e-18 0 0 0 0
Plastic strain_rate_mean 0 0 0 0 0 0 0 0 0
Dissipation 0.0286088
End step 5
Begin step 6
Stress -2.22238e-12 87.311 -7.8016e-12 87.311 2.28623e-12 -1.23068e-12 -7.8016e-12 -1.23068e-12 1.91705e-14
Strain 0 0.002 0 0.002 0 0 0 0 0
Strain mean 1.2752e-19 0.002 -3.9008e-17 0.002 -5.75372e-33 -6.15339e-18 -3.9008e-17 -6.15339e-18 8.42895e-33
Plastic strain_mean 1.13353e-17 0.00156344 0 0.00156344 -1.13353e-17 0 0 0 0
Plastic strain_rate_mean 0 0 0 0 0 0 0 0 0
Dissipation 0.0288165
End step 6
Begin step 7
Stress -1.57341e-12 87.5441 -8.8723e-12 87.5441 1.45669e-12 -2.44343e-13 -8.8723e-12 -2.44343e-13 -3.50483e-14
Strain 0 0.00233333 0 0.00233333 0 0 0 0 0
Strain mean -2.33137e-19 0.00233333 -4.43615e-17 0.00233333 -1.64908e-33 -1.22171e-18 -4.43615e-17 -1.22171e-18 5.08415e-33
Plastic strain_mean 7.45869e-18 0.00189561 0 0.00189561 -7.45869e-18 0 0 0 0
Plastic strain_rate_mean 0 0 0 0 0 0 0 0 0
Dissipation 0.0289013
End step 7
Begin step 8
Stress -1.34334e-12 87.76 -7.64134e-12 87.76 1.01001e-12 3.55595e-15 -7.64134e-12 3.55595e-15 -1.00088e-13
Strain 0 0.00266667 0 0.00266667 0 0 0 0 0
Strain mean -6.65775e-19 0.00266667 -3.82067e-17 0.00266667 2.90093e-33 1.77798e-20 -3.82067e-17 1.77798e-20 4.62675e-33
Plastic strain_mean 5.55049e-18 0.00222787 0 0.00222787 -5.55049e-18 0 0 0 0
Plastic strain_rate_mean 0 0 0 0 0 0 0 0 0
Dissipation 0.0289611
End step 8
Begin step 9
Stress -8.93129e-13 87.9689 -6.16055e-12 87.9689 7.45166e-13 1.31975e-13 -6.16055e-12 1.31975e-13 -4.44283e-14
Strain 0 0.003 0 0.003 0 0 0 0 0
Strain mean -2.95532e-19 0.003 -3.08028e-17 0.003 -6.19909e-34 6.59873e-19 -3.08028e-17 6.59873e-19 3.54416e-33
Plastic strain_mean 3.94797e-18 0.00256016 0 0.00256016 -3.94797e-18 0 0 0 0
Plastic strain_rate_mean 0 0 0 0 0 0 0 0 0
Dissipation 0.0290154
End step 9
Begin step 10
Stress -6.1853e-13 88.1737 -5.28249e-12 88.1737 7.32753e-13 2.28485e-13 -5.28249e-12 2.28485e-13 3.42972e-14
Strain 0 0.00333333 0 0.00333333 0 0 0 0 0
Strain mean 2.28141e-19 0.00333333 -2.64125e-17 0.00333333 -2.21482e-33 1.14243e-18 -2.64125e-17 1.14243e-18 2.71436e-33
Plastic strain_mean 3.49228e-18 0.00289246 0 0.00289246 -3.49228e-18 0 0 0 0
Plastic strain_rate_mean 0 0 0 0 0 0 0 0 0
Dissipation 0.0290681
End step 10
Begin step 11
Stress -4.29573e-13 88.3755 -4.30833e-12 88.3755 5.91062e-13 2.79062e-13 -4.30833e-12 2.79062e-13 4.84895e-14
Strain 0 0.00366667 0 0.00366667 0 0 0 0 0
Strain mean 3.22546e-19 0.00366667 -2.15416e-17 0.00366667 2.13056e-33 1.39531e-18 -2.15416e-17 1.39531e-18 2.29381e-33
Plastic strain_mean 2.71286e-18 0.00322479 0 0.00322479 -2.71286e-18 0 0 0 0
Plastic strain_rate_mean 0 0 0 0 0 0 0 0 0
Dissipation 0.0291201
End step 11
Begin step 12
Stress -7.23293e-13 88.5749 -3.66708e-12 88.5749 5.6483e-13 3.14982e-13 -3.66708e-12 3.14982e-13 -4.75812e-14
Strain 0 0.004 0 0.004 0 0 0 0 0
Strain mean -3.16504e-19 0.004 -1.83354e-17 0.004 1.14352e-34 1.57491e-18 -1.83354e-17 1.57491e-18 2.19413e-33
Plastic strain_mean 3.06206e-18 0.00355713 0 0.00355713 -3.06206e-18 0 0 0 0
Plastic strain_rate_mean 0 0 0 0 0 0 0 0 0
Dissipation 0.0291717
End step 12
Begin step 13
Stress -7.30673e-13 88.7724 -3.05e-12 88.7724 3.76283e-13 3.27861e-13 -3.05e-12 3.27861e-13 -1.06411e-13
Strain 0 0.00433333 0 0.00433333 0 0 0 0 0
Strain mean -7.07836e-19 0.00433333 -1.525e-17 0.00433333 -5.95835e-34 1.6393e-18 -1.525e-17 1.6393e-18 2.25018e-33
Plastic strain_mean 2.41347e-18 0.00388947 0 0.00388947 -2.41347e-18 0 0 0 0
Plastic strain_rate_mean 0 0 0 0 0 0 0 0 0
Dissipation 0.0292229
End step 13
Begin step 14
Stress -4.7756e-13 88.9681 -2.53012e-12 88.9681 4.78956e-13 3.25683e-13 -2.53012e-12 3.25683e-13 4.19217e-16
Strain 0 0.00466667 0 0.00466667 0 0 0 0 0
Strain mean 2.78859e-21 0.00466667 -1.26506e-17 0.00466667 -1.80556e-35 1.62842e-18 -1.26506e-17 1.62842e-18 1.71491e-33
Plastic strain_mean 2.39269e-18 0.00422183 0 0.00422183 -2.39269e-18 0 0 0 0
Plastic strain_rate_mean 0 0 0 0 0 0 0 0 0
Dissipation 0.029274
End step 14
Begin step 15
Stress 6.36272e-13 89.1624 -5.35037e-12 89.1624 -2.15333e-13 4.16503e-13 -5.35037e-12 4.16503e-13 1.26394e-13
Strain 0 0.005 0 0.005 0 0 0 0 0
Strain mean 8.40759e-19 0.005 -2.67518e-17 0.005 1.21574e-33 2.08252e-18 -2.67518e-17 2.08252e-18 -8.03474e-34
Plastic strain_mean -1.70863e-18 0.00455419 0 0.00455419 1.70863e-18 0 0 0 0
Plastic strain_rate_mean 0 0 0 0 0 0 0 0 0
Dissipation 0.0293248
End step 15
Begin step 16
Stress 1.2421e-13 89.3555 -4.82697e-12 89.3555 -1.54344e-13 4.94972e-13 -4.82697e-12 4.94972e-13 -9.04811e-15
Strain 0 0.00533333 0 0.00533333 0 0 0 0 0
Strain mean -6.0187e-20 0.00533333 -2.41349e-17 0.00533333 2.07639e-34 2.47486e-18 -2.41349e-17 2.47486e-18 -1.2669e-33
Plastic strain_mean -7.26479e-19 0.00488656 0 0.00488656 7.26479e-19 0 0 0 0
Plastic strain_rate_mean 0 0 0 0 0 0 0 0 0
Dissipation 0.0293755
End step 16
Begin step 17
Stress 3.08479e-13 89.5475 -4.30243e-12 89.5475 -1.40708e-13 4.86843e-13 -4.30243e-12 4.86843e-13 5.0376e-14
Strain 0 0.00566667 0 0.00566667 0 0 0 0 0
Strain mean 3.35095e-19 0.00566667 -2.15121e-17 0.00566667 2.40741e-34 2.43421e-18 -2.15121e-17 2.43421e-18 -1.07431e-33
Plastic strain_mean -9.55422e-19 0.00521893 0 0.00521893 9.55422e-19 0 0 0 0
Plastic strain_rate_mean 0 0 0 0 0 0 0 0 0
Dissipation 0.0294262
End step 17
Begin step 18
Stress 1.21013e-12 89.7385 -3.72253e-12 89.7385 3.46111e-13 4.63854e-13 -3.72253e-12 4.63854e-13 4.67288e-13
Strain 0 0.006 0 0.006 0 0 0 0 0
Strain mean 3.10834e-18 0.006 -1.86126e-17 0.006 -1.71077e-33 2.31927e-18 -1.86126e-17 2.31927e-18 -8.06483e-34
Plastic strain_mean -6.05884e-19 0.00555131 0 0.00555131 6.05884e-19 0 0 0 0
Plastic strain_rate_mean 0 0 0 0 0 0 0 0 0
Dissipation 0.0294767
End step 18
Begin step 19
Stress 4.49514e-13 89.9287 -3.09068e-12 89.9287 9.28908e-14 4.37618e-13 -3.09068e-12 4.37618e-13 1.62866e-13
Strain 0 0.00633333 0 0.00633333 0 0 0 0 0
Strain mean 1.08337e-18 0.00633333 -1.54534e-17 0.00633333 -6.15395e-34 2.18809e-18 -1.54534e-17 2.18809e-18 -5.46934e-34
Plastic strain_mean -3.49876e-19 0.00588369 0 0.00588369 3.49876e-19 0 0 0 0
Plastic strain_rate_mean 0 0 0 0 0 0 0 0 0
Dissipation 0.0295271
End step 19
Begin step 20
Stress 1.41631e-13 90.1182 -2.62718e-12 90.1182 -1.4116e-14 3.74656e-13 -2.62718e-12 3.74656e-13 3.82885e-14
Strain 0 0.00666667 0 0.00666667 0 0 0 0 0
Strain mean 2.54691e-19 0.00666667 -1.31359e-17 0.00666667 3.35533e-34 1.87328e-18 -1.31359e-17 1.87328e-18 2.97165e-34
Plastic strain_mean -2.62022e-19 0.00621608 0 0.00621608 2.62022e-19 0 0 0 0
Plastic strain_rate_mean 0 0 0 0 0 0 0 0 0
Dissipation 0.0295775
End step 20
Begin step 21
Stress 5.34497e-14 90.307 -1.88971e-12 90.307 1.79242e-13 3.5029e-13 -1.88971e-12 3.5029e-13 6.98696e-14
Strain 0 0.007 0 0.007 0 0 0 0 0
Strain mean 4.64764e-19 0.007 -9.44856e-18 0.007 1.42865e-33 1.75145e-18 -9.44856e-18 1.75145e-18 -4.03242e-34
Plastic strain_mean 5.46864e-19 0.00654846 0 0.00654846 -5.46864e-19 0 0 0 0
Plastic strain_rate_mean 0 0 0 0 0 0 0 0 0
Dissipation 0.0296279
End step 21
Begin step 22
Stress 9.1465e-14 90.4952 -2.32007e-12 90.4952 2.39947e-13 2.98878e-13 -2.32007e-12 2.98878e-13 9.95117e-14
Strain 0 0.00733333 0 0.00733333 0 0 0 0 0
Strain mean 6.61941e-19 0.00733333 -1.16003e-17 0.00733333 5.26621e-34 1.49439e-18 -1.16003e-17 1.49439e-18 -1.34665e-34
Plastic strain_mean 7.02174e-19 0.00688086 0 0.00688086 -7.02174e-19 0 0 0 0
Plastic strain_rate_mean 0 0 0 0 0 0 0 0 0
Dissipation 0.0296782
End step 22
Begin step 23
Stress -2.90795e-13 90.6829 -1.97037e-12 90.6829 1.76311e-13 2.46369e-13 -1.97037e-12 2.46369e-13 -3.43758e-14
Strain 0 0.00766667 0 0.00766667 0 0 0 0 0
Strain mean -2.28664e-19 0.00766667 -9.85186e-18 0.00766667 9.20835e-34 1.23184e-18 -9.85186e-18 1.23184e-18 -3.62616e-34
Plastic strain_mean 1.05343e-18 0.00721325 0 0.00721325 -1.05343e-18 0 0 0 0
Plastic strain_rate_mean 0 0 0 0 0 0 0 0 0
Dissipation 0.0297285
End step 23
Begin step 24
Stress -5.3731e-13 90.87 -1.66249e-12 90.87 -1.14227e-13 2.20124e-13 -1.66249e-12 2.20124e-13 -1.95635e-13
Strain 0 0.008 0 0.008 0 0 0 0 0
Strain mean -1.30134e-18 0.008 -8.31245e-18 0.008 -4.92015e-34 1.10062e-18 -8.31245e-18 1.10062e-18 5.86807e-35
Plastic strain_mean 4.07037e-19 0.00754565 0 0.00754565 -4.07037e-19 0 0 0 0
Plastic strain_rate_mean 0 0 0 0 0 0 0 0 0
Dissipation 0.0297788
End step 24
Begin step 25
Stress 8.43424e-15 91.0568 -1.48691e-12 91.0568 -2.56019e-13 1.81501e-13 -1.48691e-12 1.81501e-13 -7.43412e-14
Strain 0 0.00833333 0 0.00833333 0 0 0 0 0
Strain mean -4.94509e-19 0.00833333 -7.43456e-18 0.00833333 1.34815e-33 9.07503e-19 -7.43456e-18 9.07503e-19 -4.28068e-34
Plastic strain_mean -9.08386e-19 0.00787805 0 0.00787805 9.08386e-19 0 0 0 0
Plastic strain_rate_mean 0 0 0 0 0 0 0 0 0
Dissipation 0.0298291
End step 25
Begin step 26
Stress -1.00319e-12 91.2431 -1.73819e-13 91.2431 5.7224e-13 -8.6771e-13 -1.73819e-13 -8.6771e-13 -1.29398e-13
Strain 0 0.00866667 0 0.00866667 0 0 0 0 0
Strain mean -8.60743e-19 0.00866667 -8.69093e-19 0.00866667 1.78449e-33 -4.33855e-18 -8.69093e-19 -4.33855e-18 1.55278e-33
Plastic strain_mean 3.50819e-18 0.00821045 0 0.00821045 -3.50819e-18 0 0 0 0
Plastic strain_rate_mean 0 0 0 0 0 0 0 0 0
Dissipation 0.0298793
End step 26
Begin step 27
Stress -9.08321e-14 91.4291 -3.14195e-13 91.4291 9.96004e-13 -8.64224e-13 -3.14195e-13 -8.64224e-13 2.71793e-13
Strain 0 0.009 0 0.009 0 0 0 0 0
Strain mean 1.80793e-18 0.009 -1.57098e-18 0.009 -4.40857e-34 -4.32112e-18 -1.57098e-18 -4.32112e-18 2.05834e-33
Plastic strain_mean 3.62106e-18 0.00854285 0 0.00854285 -3.62106e-18 0 0 0 0
Plastic strain_rate_mean 0 0 0 0 0 0 0 0 0
Dissipation 0.0299295
End step 27
Begin step 28
Stress -1.89979e-13 91.6147 -6.73513e-13 91.6147 7.60249e-13 -8.47993e-13 -6.73513e-13 -8.47993e-13 1.71233e-13
Strain 0 0.00933333 0 0.00933333 0 0 0 0 0
Strain mean 1.13902e-18 0.00933333 -3.36756e-18 0.00933333 -3.05591e-33 -4.23997e-18 -3.36756e-18 -4.23997e-18 1.34815e-33
Plastic strain_mean 2.94508e-18 0.00887526 0 0.00887526 -2.94508e-18 0 0 0 0
Plastic strain_rate_mean 0 0 0 0 0 0 0 0 0
Dissipation 0.0299798
End step 28
Begin step 29
Stress -6.62081e-13 91.8001 -1.6784e-13 91.8001 8.31946e-13 -8.08912e-13 -1.6784e-13 -8.08912e-13 5.10048e-14
Strain 0 0.00966667 0 0.00966667 0 0 0 0 0
Strain mean 3.39278e-19 0.00966667 -8.39202e-19 0.00966667 7.35765e-34 -4.04456e-18 -8.39202e-19 -4.04456e-18 1.48056e-33
Plastic strain_mean 3.90471e-18 0.00920767 0 0.00920767 -3.90471e-18 0 0 0 0
Plastic strain_rate_mean 0 0 0 0 0 0 0 0 0
Dissipation 0.03003
End step 29
Begin step 30
Stress -7.49617e-13 91.9852 -4.43938e-13 91.9852 4.54098e-13 -7.66421e-13 -4.43938e-13 -7.66421e-13 -8.87343e-14
Strain 0 0.01 0 0.01 0 0 0 0 0
Strain mean -5.90251e-19 0.01 -2.21969e-18 0.01 6.58277e-34 -3.8321e-18 -2.21969e-18 -3.8321e-18 1.38426e-33
Plastic strain_mean 2.71416e-18 0.00954007 0 0.00954007 -2.71416e-18 0 0 0 0
Plastic strain_rate_mean 0 0 0 0 0 0 0 0 0
Dissipation 0.0300803
End step 30
