Begin step 0
Stress 0 0 0 0 0 0 0 0 0
Strain 0 0 0 0 0 0 0 0 0
Strain mean 0 0 0 0 0 0 0 0 0
Plastic strain_mean 0 0 0 0 0 0 0 0 0
Plastic strain_rate_mean 0 0 0 0 0 0 0 0 0
Dissipation 0
End step 0
Begin step 1
Stress 3.88393e-14 6.56111 2.04547e-12 6.56111 -3.85703e-14 -1.57226e-12 2.04547e-12 -1.57226e-12 8.07867e-17
Strain 0 3.33333e-05 0 3.33333e-05 0 0 0 0 0
Strain mean 5.37384e-22 3.33333e-05 1.02273e-17 3.33333e-05 -4.96312e-31 -7.8613e-18 1.02273e-17 -7.8613e-18 3.03936e-33
Plastic strain_mean -1.93255e-19 5.27796e-07 0 5.27796e-07 1.93255e-19 0 0 0 0
Plastic strain_rate_mean 0 0 0 0 0 0 0 0 0
Dissipation 3.46283e-06
End step 1
Begin step 2
Stress 1.08973e-14 13.0174 3.22011e-12 13.0174 -1.52857e-14 -5.55596e-12 3.22011e-12 -5.55596e-12 -1.3177e-15
Strain 0 6.66667e-05 0 6.66667e-05 0 0 0 0 0
Strain mean -8.76516e-21 6.66667e-05 1.61005e-17 6.66667e-05 7.46298e-33 -2.77798e-17 1.61005e-17 -2.77798e-17 -2.04028e-33
Plastic strain_mean -6.98401e-20 1.57955e-06 0 1.57955e-06 6.98401e-20 0 0 0 0
Plastic strain_rate_mean 0 0 0 0 0 0 0 0 0
Dissipation 1.36905e-05
End step 2
Begin step 3
Stress 3.94184e-15 19.3688 5.72271e-13 19.3688 -7.83761e-15 -7.18215e-13 5.72271e-13 -7.18215e-13 -1.16977e-15
Strain 0 0.0001 0 0.0001 0 0 0 0 0
Strain mean -7.78117e-21 0.0001 2.86135e-18 0.0001 -5.63335e-33 -3.59108e-18 2.86135e-18 -3.59108e-18 1.08334e-33
Plastic strain_mean -3.33392e-20 3.15583e-06 0 3.15583e-06 3.33392e-20 0 0 0 0
Plastic strain_rate_mean 0 0 0 0 0 0 0 0 0
Dissipation 3.05289e-05
End step 3
Begin step 4
Stress 7.32215e-14 25.6144 3.49229e-12 25.6144 -7.35415e-14 -1.09056e-12 3.49229e-12 -1.09056e-12 -9.60706e-17
Strain 0 0.000133333 0 0.000133333 0 0 0 0 0
Strain mean -6.39051e-22 0.000133333 1.74615e-17 0.000133333 -1.03519e-33 -5.4528e-18 1.74615e-17 -5.4528e-18 2.58797e-34
Plastic strain_mean -3.67227e-19 5.26156e-06 0 5.26156e-06 3.67227e-19 0 0 0 0
Plastic strain_rate_mean 0 0 0 0 0 0 0 0 0
Dissipation 5.39331e-05
End step 4
Begin step 5
Stress 2.23752e-13 31.7521 7.62893e-12 31.7521 -2.25505e-13 -2.32255e-12 7.62893e-12 -2.32255e-12 -5.26205e-16
Strain 0 0.000166667 0 0.000166667 0 0 0 0 0
Strain mean -3.50026e-21 0.000166667 3.81447e-17 0.000166667 2.63612e-33 -1.16127e-17 3.81447e-17 -1.16127e-17 1.17361e-34
Plastic strain_mean -1.12489e-18 7.90619e-06 0 7.90619e-06 1.12489e-18 0 0 0 0
Plastic strain_rate_mean 0 0 0 0 0 0 0 0 0
Dissipation 8.39648e-05
End step 5
Begin step 6
Stress 8.35693e-14 37.7792 -9.71979e-13 37.7792 -8.96411e-14 1.30294e-12 -9.71979e-13 1.30294e-12 -1.82316e-15
Strain 0 0.0002 0 0.0002 0 0 0 0 0
Strain mean -1.21274e-20 0.0002 -4.8599e-18 0.0002 5.25418e-33 6.51472e-18 -4.8599e-18 6.51472e-18 -2.68276e-33
Plastic strain_mean -4.3909e-19 1.1104e-05 0 1.1104e-05 4.3909e-19 0 0 0 0
Plastic strain_rate_mean 0 0 0 0 0 0 0 0 0
Dissipation 0.000120799
End step 6
Begin step 7
Stress 4.60027e-14 43.6917 -2.41848e-12 43.6917 -6.31055e-14 1.59118e-12 -2.41848e-12 1.59118e-12 -5.13541e-15
Strain 0 0.000233333 0 0.000233333 0 0 0 0 0
Strain mean -3.41602e-20 0.000233333 -1.20924e-17 0.000233333 -1.35778e-32 7.95588e-18 -1.20924e-17 7.95588e-18 -2.49769e-34
Plastic strain_mean -2.89851e-19 1.48749e-05 0 1.48749e-05 2.89851e-19 0 0 0 0
Plastic strain_rate_mean 0 0 0 0 0 0 0 0 0
Dissipation 0.000164736
End step 7
Begin step 8
Stress 4.98446e-15 49.4843 -4.25586e-12 49.4843 -3.35562e-15 2.84828e-12 -4.25586e-12 2.84828e-12 4.89087e-16
Strain 0 0.000266667 0 0.000266667 0 0 0 0 0
Strain mean 3.25335e-21 0.000266667 -2.12793e-17 0.000266667 2.35204e-32 1.42414e-17 -2.12793e-17 1.42414e-17 -1.05926e-33
Plastic strain_mean -1.92235e-20 1.92453e-05 0 1.92453e-05 1.92235e-20 0 0 0 0
Plastic strain_rate_mean 0 0 0 0 0 0 0 0 0
Dissipation 0.000216233
End step 8
Begin step 9
Stress -8.80104e-14 55.1501 -7.54836e-12 55.1501 9.97613e-14 5.10649e-12 -7.54836e-12 5.10649e-12 3.52841e-15
Strain 0 0.0003 0 0.0003 0 0 0 0 0
Strain mean 2.34706e-20 0.0003 -3.77418e-17 0.0003 -2.83232e-32 2.55324e-17 -3.77418e-17 2.55324e-17 -9.75002e-34
Plastic strain_mean 4.81164e-19 2.42495e-05 0 2.42495e-05 -4.81164e-19 0 0 0 0
Plastic strain_rate_mean 0 0 0 0 0 0 0 0 0
Dissipation 0.000275937
End step 9
Begin step 10
Stress -4.77053e-14 60.6802 -3.08621e-12 60.6802 3.18241e-14 2.12506e-12 -3.08621e-12 2.12506e-12 -4.7686e-15
Strain 0 0.000333333 0 0.000333333 0 0 0 0 0
Strain mean -3.17202e-20 0.000333333 -1.5431e-17 0.000333333 -1.46648e-31 1.06253e-17 -1.5431e-17 1.06253e-17 -2.25234e-33
Plastic strain_mean 1.82964e-19 2.99321e-05 0 2.99321e-05 -1.82964e-19 0 0 0 0
Plastic strain_rate_mean 0 0 0 0 0 0 0 0 0
Dissipation 0.000344759
End step 10
Begin step 11
Stress -2.04344e-13 66.0631 3.45442e-13 66.0631 2.23352e-13 -1.55931e-12 3.45442e-13 -1.55931e-12 5.70747e-15
Strain 0 0.000366667 0 0.000366667 0 0 0 0 0
Strain mean 3.79654e-20 0.000366667 1.72721e-18 0.000366667 -2.14067e-31 -7.79655e-18 1.72721e-18 -7.79655e-18 -2.93403e-33
Plastic strain_mean 1.08822e-18 3.63513e-05 0 3.63513e-05 -1.08822e-18 0 0 0 0
Plastic strain_rate_mean 0 0 0 0 0 0 0 0 0
Dissipation 0.000423981
End step 11
Begin step 12
Stress -2.44398e-13 71.2832 2.97203e-12 71.2832 2.65486e-13 3.84697e-12 2.97203e-12 3.84697e-12 6.33193e-15
Strain 0 0.0004 0 0.0004 0 0 0 0 0
Strain mean 4.21193e-20 0.0004 1.48602e-17 0.0004 -1.02845e-31 1.92348e-17 1.48602e-17 1.92348e-17 -3.54491e-33
Plastic strain_mean 1.29577e-18 4.35838e-05 0 4.35838e-05 -1.29577e-18 0 0 0 0
Plastic strain_rate_mean 0 0 0 0 0 0 0 0 0
Dissipation 0.000515429
End step 12
Begin step 13
Stress -4.81124e-13 76.32 -8.10729e-13 76.32 4.92787e-13 1.68643e-12 -8.10729e-13 1.68643e-12 3.50221e-15
Strain 0 0.000433333 0 0.000433333 0 0 0 0 0
Strain mean 2.32963e-20 0.000433333 -4.05364e-18 0.000433333 -9.36002e-32 8.43213e-18 -4.05364e-18 8.43213e-18 8.78706e-34
Plastic strain_mean 2.44643e-18 5.17332e-05 0 5.17332e-05 -2.44643e-18 0 0 0 0
Plastic strain_rate_mean 0 0 0 0 0 0 0 0 0
Dissipation 0.000621795
End step 13
Begin step 14
Stress -3.83859e-13 81.1444 2.95887e-12 81.1444 4.68093e-13 -2.34724e-13 2.95887e-12 -2.34724e-13 2.52928e-14
Strain 0 0.000466667 0 0.000466667 0 0 0 0 0
Strain mean 1.68245e-19 0.000466667 1.47944e-17 0.000466667 -2.73723e-32 -1.17362e-18 1.47944e-17 -1.17362e-18 -7.23973e-33
Plastic strain_mean 2.214e-18 6.09445e-05 0 6.09445e-05 -2.214e-18 0 0 0 0
Plastic strain_rate_mean 0 0 0 0 0 0 0 0 0
Dissipation 0.000747213
End step 14
Begin step 15
Stress -4.24049e-13 85.714 9.28859e-14 85.714 4.46344e-13 1.23017e-12 9.28859e-14 1.23017e-12 6.69438e-15
Strain 0 0.0005 0 0.0005 0 0 0 0 0
Strain mean 4.45302e-20 0.0005 4.6443e-19 0.0005 -1.99936e-32 6.15084e-18 4.6443e-19 6.15084e-18 -2.86482e-33
Plastic strain_mean 2.19825e-18 7.14301e-05 0 7.14301e-05 -2.19825e-18 0 0 0 0
Plastic strain_rate_mean 0 0 0 0 0 0 0 0 0
Dissipation 0.000898439
End step 15
Begin step 16
Stress 7.51124e-13 89.962 1.58244e-12 89.962 -7.1081e-13 -1.16407e-12 1.58244e-12 -1.16407e-12 1.21049e-14
Strain 0 0.000533333 0 0.000533333 0 0 0 0 0
Strain mean 8.05204e-20 0.000533333 7.91221e-18 0.000533333 6.82501e-33 -5.82037e-18 7.91221e-18 -5.82037e-18 5.96737e-33
Plastic strain_mean -3.61458e-18 8.35234e-05 0 8.35234e-05 3.61458e-18 0 0 0 0
Plastic strain_rate_mean 0 0 0 0 0 0 0 0 0
Dissipation 0.00108748
End step 16
Begin step 17
Stress -4.99781e-13 93.7729 -4.30887e-13 93.7729 4.88758e-13 -9.56662e-13 -4.30887e-13 -9.56662e-13 -3.31007e-15
Strain 0 0.000566667 0 0.000566667 0 0 0 0 0
Strain mean -2.20182e-20 0.000566667 -2.15443e-18 0.000566667 -7.68446e-32 -4.78331e-18 -2.15443e-18 -4.78331e-18 -1.35116e-33
Plastic strain_mean 2.46034e-18 9.78021e-05 0 9.78021e-05 -2.46034e-18 0 0 0 0
Plastic strain_rate_mean 0 0 0 0 0 0 0 0 0
Dissipation 0.00133826
End step 17
Begin step 18
Stress 7.98264e-13 96.9184 2.89057e-13 96.9184 -8.91282e-13 5.33479e-13 2.89057e-13 5.33479e-13 -2.79304e-14
Strain 0 0.0006 0 0.0006 0 0 0 0 0
Strain mean -1.8579e-19 0.0006 1.44528e-18 0.0006 -2.62889e-32 2.66739e-18 1.44528e-18 2.66739e-18 2.15463e-33
Plastic strain_mean -4.31676e-18 0.000115408 0 0.000115408 4.31676e-18 0 0 0 0
Plastic strain_rate_mean 0 0 0 0 0 0 0 0 0
Dissipation 0.00170516
End step 18
Begin step 19
Stress 1.56969e-12 98.9505 -1.84056e-12 98.9505 -1.59729e-12 -7.4872e-13 -1.84056e-12 -7.4872e-13 -8.28828e-15
Strain 0 0.000633333 0 0.000633333 0 0 0 0 0
Strain mean -5.51327e-20 0.000633333 -9.20278e-18 0.000633333 -2.52176e-33 -3.7436e-18 -9.20278e-18 -3.7436e-18 1.43768e-33
Plastic strain_mean -7.94503e-18 0.000138581 0 0.000138581 7.94503e-18 0 0 0 0
Plastic strain_rate_mean 0 0 0 0 0 0 0 0 0
Dissipation 0.00229056
End step 19
Begin step 20
Stress 1.18763e-14 99.7223 -8.18801e-13 99.7223 -1.03929e-14 -1.59743e-12 -8.18801e-13 -1.59743e-12 4.45418e-16
Strain 0 0.000666667 0 0.000666667 0 0 0 0 0
Strain mean 2.96287e-21 0.000666667 -4.094e-18 0.000666667 -3.46818e-34 -7.98714e-18 -4.094e-18 -7.98714e-18 -4.58913e-34
Plastic strain_mean -5.41917e-20 0.000168055 0 0.000168055 5.41917e-20 0 0 0 0
Plastic strain_rate_mean 0 0 0 0 0 0 0 0 0
Dissipation 0.00293512
End step 20
Begin step 21
Stress -3.35261e-13 99.8736 -6.38352e-13 99.8736 4.34068e-13 2.33125e-12 -6.38352e-13 2.33125e-12 2.96684e-14
Strain 0 0.0007 0 0.0007 0 0 0 0 0
Strain mean 1.97351e-19 0.0007 -3.19176e-18 0.0007 9.43405e-34 1.16562e-17 -3.19176e-18 1.16562e-17 -1.34514e-33
Plastic strain_mean 2.022e-18 0.000200632 0 0.000200632 -2.022e-18 0 0 0 0
Plastic strain_rate_mean 0 0 0 0 0 0 0 0 0
Dissipation 0.00324892
End step 21
Begin step 22
Stress 2.32618e-13 99.916 1.80973e-12 99.916 -3.09929e-13 -5.16193e-13 1.80973e-12 -5.16193e-13 -2.32142e-14
Strain 0 0.000733333 0 0.000733333 0 0 0 0 0
Strain mean -1.54418e-19 0.000733333 9.04866e-18 0.000733333 1.72431e-33 -2.58096e-18 9.04866e-18 -2.58096e-18 -9.72933e-34
Plastic strain_mean -1.43358e-18 0.000233753 0 0.000233753 1.43358e-18 0 0 0 0
Plastic strain_rate_mean 0 0 0 0 0 0 0 0 0
Dissipation 0.00330433
End step 22
Begin step 23
Stress -2.53996e-13 99.9508 9.25978e-13 99.9508 1.03445e-13 -4.60218e-13 9.25978e-13 -4.60218e-13 -4.52056e-14
Strain 0 0.000766667 0 0.000766667 0 0 0 0 0
Strain mean -3.00703e-19 0.000766667 4.62989e-18 0.000766667 -1.14352e-33 -2.30109e-18 4.62989e-18 -2.30109e-18 -3.53589e-35
Plastic strain_mean 7.43251e-19 0.000266912 0 0.000266912 -7.43251e-19 0 0 0 0
Plastic strain_rate_mean 0 0 0 0 0 0 0 0 0
Dissipation 0.0033089
End step 23
Begin step 24
Stress -7.90704e-13 99.9817 2.01444e-12 99.9817 7.85876e-13 -8.48344e-13 2.01444e-12 -8.48344e-13 -1.44979e-15
Strain 0 0.0008 0 0.0008 0 0 0 0 0
Strain mean -9.64386e-21 0.0008 1.00722e-17 0.0008 -3.2139e-33 -4.24172e-18 1.00722e-17 -4.24172e-18 -1.6566e-33
Plastic strain_mean 3.93663e-18 0.000300091 0 0.000300091 -3.93663e-18 0 0 0 0
Plastic strain_rate_mean 0 0 0 0 0 0 0 0 0
Dissipation 0.0033116
End step 24
Begin step 25
Stress -8.25129e-13 100.009 -6.36946e-13 100.009 8.24359e-13 -9.91944e-13 -6.36946e-13 -9.91944e-13 -2.31443e-16
Strain 0 0.000833333 0 0.000833333 0 0 0 0 0
Strain mean -1.53953e-21 0.000833333 -3.18473e-18 0.000833333 -8.72687e-35 -4.95972e-18 -3.18473e-18 -4.95972e-18 -1.00961e-33
Plastic strain_mean 4.12295e-18 0.000333289 0 0.000333289 -4.12295e-18 0 0 0 0
Plastic strain_rate_mean 0 0 0 0 0 0 0 0 0
Dissipation 0.00331412
End step 25
Begin step 26
Stress -1.49845e-12 100.033 -1.02729e-12 100.033 1.47056e-12 -2.6896e-12 -1.02729e-12 -2.6896e-12 -8.37561e-15
Strain 0 0.000866667 0 0.000866667 0 0 0 0 0
Strain mean -5.57136e-20 0.000866667 -5.13647e-18 0.000866667 -1.77321e-33 -1.3448e-17 -5.13647e-18 -1.3448e-17 -3.95117e-33
Plastic strain_mean 7.39467e-18 0.0003665 0 0.0003665 -7.39467e-18 0 0 0 0
Plastic strain_rate_mean 0 0 0 0 0 0 0 0 0
Dissipation 0.00331608
End step 26
Begin step 27
Stress -1.62359e-12 100.056 -1.40349e-12 100.056 1.59899e-12 -2.53932e-12 -1.40349e-12 -2.53932e-12 -7.38871e-15
Strain 0 0.0009 0 0.0009 0 0 0 0 0
Strain mean -4.91488e-20 0.0009 -7.01745e-18 0.0009 -9.17826e-34 -1.26966e-17 -7.01745e-18 -1.26966e-17 -4.10088e-33
Plastic strain_mean 8.03187e-18 0.000399719 0 0.000399719 -8.03187e-18 0 0 0 0
Plastic strain_rate_mean 0 0 0 0 0 0 0 0 0
Dissipation 0.00331745
End step 27
Begin step 28
Stress -1.49309e-12 100.078 -2.03782e-12 100.078 1.53553e-12 -2.56692e-12 -2.03782e-12 -2.56692e-12 1.27425e-14
Strain 0 0.000933333 0 0.000933333 0 0 0 0 0
Strain mean 8.47614e-20 0.000933333 -1.01891e-17 0.000933333 -6.75279e-33 -1.28346e-17 -1.01891e-17 -1.28346e-17 -2.07912e-33
Plastic strain_mean 7.61392e-18 0.000432943 0 0.000432943 -7.61392e-18 0 0 0 0
Plastic strain_rate_mean 0 0 0 0 0 0 0 0 0
Dissipation 0.00331847
End step 28
Begin step 29
Stress 2.09855e-13 100.099 -1.92562e-13 100.099 -2.31931e-13 -1.33537e-12 -1.92562e-13 -1.33537e-12 -6.62887e-15
Strain 0 0.000966667 0 0.000966667 0 0 0 0 0
Strain mean -4.40945e-20 0.000966667 -9.62811e-19 0.000966667 -8.12502e-34 -6.67686e-18 -9.62811e-19 -6.67686e-18 -1.06528e-33
Plastic strain_mean -1.12651e-18 0.00046617 0 0.00046617 1.12651e-18 0 0 0 0
Plastic strain_rate_mean 0 0 0 0 0 0 0 0 0
Dissipation 0.00331931
End step 29
Begin step 30
Stress 4.43279e-13 100.12 -1.40486e-13 100.12 -4.38116e-13 -1.79513e-12 -1.40486e-13 -1.79513e-12 1.55023e-15
Strain 0 0.001 0 0.001 0 0 0 0 0
Strain mean 1.0312e-20 0.001 -7.02431e-19 0.001 -3.91205e-35 -8.97567e-18 -7.02431e-19 -8.97567e-18 -1.5257e-33
Plastic strain_mean -2.19833e-18 0.0004994 0 0.0004994 2.19833e-18 0 0 0 0
Plastic strain_rate_mean 0 0 0 0 0 0 0 0 0
Dissipation 0.00332008
End step 30
