Begin step 0
Stress 0 0 0 0 0 0 0 0 0
Strain 0 0 0 0 0 0 0 0 0
Strain mean 0 0 0 0 0 0 0 0 0
Plastic strain_mean 0 0 0 0 0 0 0 0 0
Plastic strain_rate_mean 0 0 0 0 0 0 0 0 0
Dissipation 0
End step 0
Begin step 1
Stress 2.62276e-13 58.8019 1.37343e-12 58.8019 -2.44773e-13 -1.72025e-12 1.37343e-12 -1.72025e-12 5.2555e-15
Strain 0 0.000333333 0 0.000333333 0 0 0 0 0
Strain mean 3.4959e-20 0.000333333 6.86716e-18 0.000333333 2.54825e-32 -8.60127e-18 6.86716e-18 -8.60127e-18 -2.09746e-33
Plastic strain_mean -1.25014e-18 3.93237e-05 0 3.93237e-05 1.25014e-18 0 0 0 0
Plastic strain_rate_mean 0 0 0 0 0 0 0 0 0
Dissipation 0.00231167
End step 1
Begin step 2
Stress -9.54526e-13 92.589 -1.19327e-12 92.589 9.73403e-13 2.18454e-12 -1.19327e-12 2.18454e-12 5.66817e-15
Strain 0 0.000666667 0 0.000666667 0 0 0 0 0
Strain mean 3.7704e-20 0.000666667 -5.96636e-18 0.000666667 9.0278e-35 1.09227e-17 -5.96636e-18 1.09227e-17 -1.42639e-33
Plastic strain_mean 4.83867e-18 0.000203722 0 0.000203722 -4.83867e-18 0 0 0 0
Plastic strain_rate_mean 0 0 0 0 0 0 0 0 0
Dissipation 0.0152056
End step 2
Begin step 3
Stress -5.92982e-14 98.4173 -1.04915e-12 98.4173 -5.90402e-14 8.23011e-12 -1.04915e-12 8.23011e-12 -3.5533e-14
Strain 0 0.001 0 0.001 0 0 0 0 0
Strain mean -2.36362e-19 0.001 -5.24575e-18 0.001 8.06483e-34 4.11505e-17 -5.24575e-18 4.11505e-17 3.67732e-33
Plastic strain_mean -1.17536e-19 0.000507914 0 0.000507914 1.17536e-19 0 0 0 0
Plastic strain_rate_mean 0 0 0 0 0 0 0 0 0
Dissipation 0.0298833
End step 3
Begin step 4
Stress -3.85193e-13 99.1738 -6.85554e-13 99.1738 6.15166e-13 5.52046e-13 -6.85554e-13 5.52046e-13 6.9053e-14
Strain 0 0.00133333 0 0.00133333 0 0 0 0 0
Strain mean 4.59332e-19 0.00133333 -3.42777e-18 0.00133333 -6.01853e-36 2.76023e-18 -3.42777e-18 2.76023e-18 -6.22424e-34
Plastic strain_mean 2.73056e-18 0.000837464 0 0.000837464 -2.73056e-18 0 0 0 0
Plastic strain_rate_mean 0 0 0 0 0 0 0 0 0
Dissipation 0.0326026
End step 4
Begin step 5
Stress 7.66501e-13 99.443 2.66272e-12 99.443 -6.31452e-13 1.96791e-12 2.66272e-12 1.96791e-12 4.05505e-14
Strain 0 0.00166667 0 0.00166667 0 0 0 0 0
Strain mean 2.69738e-19 0.00166667 1.33136e-17 0.00166667 2.28704e-34 9.83954e-18 1.33136e-17 9.83954e-18 -1.90787e-33
Plastic strain_mean -3.36001e-18 0.00116945 0 0.00116945 3.36001e-18 0 0 0 0
Plastic strain_rate_mean 0 0 0 0 0 0 0 0 0
Dissipation 0.0329145
End step 5
Begin step 6
Stress 2.40982e-13 99.6644 1.93785e-12 99.6644 -1.86008e-13 7.59095e-13 1.93785e-12 7.59095e-13 1.65067e-14
Strain 0 0.002 0 0.002 0 0 0 0 0
Strain mean 1.09801e-19 0.002 9.68927e-18 0.002 -7.19214e-34 3.79547e-18 9.68927e-18 3.79547e-18 -2.13959e-33
Plastic strain_mean -1.01257e-18 0.00150168 0 0.00150168 1.01257e-18 0 0 0 0
Plastic strain_rate_mean 0 0 0 0 0 0 0 0 0
Dissipation 0.0329951
End step 6
Begin step 7
Stress 1.60103e-13 99.8782 1.2308e-12 99.8782 -1.96781e-13 3.51531e-13 1.2308e-12 3.51531e-13 -1.10132e-14
Strain 0 0.00233333 0 0.00233333 0 0 0 0 0
Strain mean -7.32585e-20 0.00233333 6.15402e-18 0.00233333 -9.32872e-34 1.75765e-18 6.15402e-18 1.75765e-18 -1.4294e-33
Plastic strain_mean -9.28839e-19 0.00183394 0 0.00183394 9.28839e-19 0 0 0 0
Plastic strain_rate_mean 0 0 0 0 0 0 0 0 0
Dissipation 0.0330546
End step 7
Begin step 8
Stress 4.71045e-13 100.089 7.27454e-12 100.089 -4.66507e-13 -1.1704e-12 7.27454e-12 -1.1704e-12 1.36246e-15
Strain 0 0.00266667 0 0.00266667 0 0 0 0 0
Strain mean 9.0629e-21 0.00266667 3.63727e-17 0.00266667 -4.45371e-34 -5.85202e-18 3.63727e-17 -5.85202e-18 -7.21095e-34
Plastic strain_mean -2.33935e-18 0.00216622 0 0.00216622 2.33935e-18 0 0 0 0
Plastic strain_rate_mean 0 0 0 0 0 0 0 0 0
Dissipation 0.033112
End step 8
Begin step 9
Stress 6.98954e-13 100.297 5.45438e-12 100.297 -3.76327e-13 -1.01398e-12 5.45438e-12 -1.01398e-12 9.68741e-14
Strain 0 0.003 0 0.003 0 0 0 0 0
Strain mean 6.44396e-19 0.003 2.72719e-17 0.003 -1.48056e-33 -5.06992e-18 2.72719e-17 -5.06992e-18 -6.55268e-34
Plastic strain_mean -2.366e-18 0.00249851 0 0.00249851 2.366e-18 0 0 0 0
Plastic strain_rate_mean 0 0 0 0 0 0 0 0 0
Dissipation 0.0331688
End step 9
Begin step 10
Stress 3.04536e-13 100.505 3.97978e-12 100.505 -4.9703e-13 -8.47533e-13 3.97978e-12 -8.47533e-13 -5.77996e-14
Strain 0 0.00333333 0 0.00333333 0 0 0 0 0
Strain mean -3.84476e-19 0.00333333 1.98989e-17 0.00333333 2.59098e-33 -4.23766e-18 1.98989e-17 -4.23766e-18 -1.92217e-34
Plastic strain_mean -2.19615e-18 0.00283081 0 0.00283081 2.19615e-18 0 0 0 0
Plastic strain_rate_mean 0 0 0 0 0 0 0 0 0
Dissipation 0.0332256
End step 10
Begin step 11
Stress 6.85806e-13 100.711 2.61213e-12 100.711 -1.2432e-13 -5.54431e-13 2.61213e-12 -5.54431e-13 1.68595e-13
Strain 0 0.00366667 0 0.00366667 0 0 0 0 0
Strain mean 1.12148e-18 0.00366667 1.30606e-17 0.00366667 -3.40047e-34 -2.77215e-18 1.30606e-17 -2.77215e-18 -1.51216e-34
Plastic strain_mean -1.46458e-18 0.00316311 0 0.00316311 1.46458e-18 0 0 0 0
Plastic strain_rate_mean 0 0 0 0 0 0 0 0 0
Dissipation 0.0332822
End step 11
Begin step 12
Stress 4.36788e-13 100.916 2.27581e-12 100.916 -2.5459e-13 -4.78154e-13 2.27581e-12 -4.78154e-13 5.47079e-14
Strain 0 0.004 0 0.004 0 0 0 0 0
Strain mean 3.6391e-19 0.004 1.13791e-17 0.004 -1.11042e-33 -2.39077e-18 1.13791e-17 -2.39077e-18 -4.66812e-34
Plastic strain_mean -1.54649e-18 0.00349542 0 0.00349542 1.54649e-18 0 0 0 0
Plastic strain_rate_mean 0 0 0 0 0 0 0 0 0
Dissipation 0.0333389
End step 12
Begin step 13
Stress 8.49027e-13 101.12 2.31929e-12 101.12 -8.13309e-13 -1.45912e-12 2.31929e-12 -1.45912e-12 1.0725e-14
Strain 0 0.00433333 0 0.00433333 0 0 0 0 0
Strain mean 7.13413e-20 0.00433333 1.15964e-17 0.00433333 0 -7.29562e-18 1.15964e-17 -7.29562e-18 -3.43056e-33
Plastic strain_mean -4.12017e-18 0.00382773 0 0.00382773 4.12017e-18 0 0 0 0
Plastic strain_rate_mean 0 0 0 0 0 0 0 0 0
Dissipation 0.0333956
End step 13
Begin step 14
Stress 1.15828e-12 101.324 1.95541e-12 101.324 -5.99123e-13 -1.23791e-12 1.95541e-12 -1.23791e-12 1.67897e-13
Strain 0 0.00466667 0 0.00466667 0 0 0 0 0
Strain mean 1.11683e-18 0.00466667 9.77707e-18 0.00466667 2.6963e-33 -6.18955e-18 9.77707e-18 -6.18955e-18 -3.61112e-33
Plastic strain_mean -3.8351e-18 0.00416004 0 0.00416004 3.8351e-18 0 0 0 0
Plastic strain_rate_mean 0 0 0 0 0 0 0 0 0
Dissipation 0.0334524
End step 14
Begin step 15
Stress 3.33795e-13 101.528 1.69931e-12 101.528 -7.71023e-13 -1.05828e-12 1.69931e-12 -1.05828e-12 -1.31285e-13
Strain 0 0.005 0 0.005 0 0 0 0 0
Strain mean -8.73292e-19 0.005 8.49654e-18 0.005 -4.81482e-35 -5.29142e-18 8.49654e-18 -5.29142e-18 -3.4426e-33
Plastic strain_mean -3.19869e-18 0.00449236 0 0.00449236 3.19869e-18 0 0 0 0
Plastic strain_rate_mean 0 0 0 0 0 0 0 0 0
Dissipation 0.0335092
End step 15
Begin step 16
Stress 5.75221e-13 101.731 1.3249e-12 101.731 -4.25775e-13 -8.84156e-13 1.3249e-12 -8.84156e-13 4.48737e-14
Strain 0 0.00533333 0 0.00533333 0 0 0 0 0
Strain mean 2.98495e-19 0.00533333 6.6245e-18 0.00533333 3.49075e-34 -4.42078e-18 6.6245e-18 -4.42078e-18 -1.63704e-33
Plastic strain_mean -2.35324e-18 0.00482468 0 0.00482468 2.35324e-18 0 0 0 0
Plastic strain_rate_mean 0 0 0 0 0 0 0 0 0
Dissipation 0.0335661
End step 16
Begin step 17
Stress 2.32146e-13 101.934 1.14793e-12 101.934 -4.69724e-13 -7.34861e-13 1.14793e-12 -7.34861e-13 -7.13368e-14
Strain 0 0.00566667 0 0.00566667 0 0 0 0 0
Strain mean -4.74524e-19 0.00566667 5.73963e-18 0.00566667 -7.10187e-34 -3.6743e-18 5.73963e-18 -3.6743e-18 -2.12454e-33
Plastic strain_mean -1.99194e-18 0.00515699 0 0.00515699 1.99194e-18 0 0 0 0
Plastic strain_rate_mean 0 0 0 0 0 0 0 0 0
Dissipation 0.0336231
End step 17
Begin step 18
Stress 9.88692e-13 102.137 9.16033e-13 102.137 -4.0638e-13 -6.11727e-13 9.16033e-13 -6.11727e-13 1.74849e-13
Strain 0 0.006 0 0.006 0 0 0 0 0
Strain mean 1.16307e-18 0.006 4.58016e-18 0.006 2.25093e-33 -3.05863e-18 4.58016e-18 -3.05863e-18 -1.50162e-33
Plastic strain_mean -2.90614e-18 0.00548931 0 0.00548931 2.90614e-18 0 0 0 0
Plastic strain_rate_mean 0 0 0 0 0 0 0 0 0
Dissipation 0.0336801
End step 18
Begin step 19
Stress 3.76223e-13 102.34 1.08325e-12 102.34 -1.73316e-13 -5.38514e-13 1.08325e-12 -5.38514e-13 6.09263e-14
Strain 0 0.00633333 0 0.00633333 0 0 0 0 0
Strain mean 4.05274e-19 0.00633333 5.41625e-18 0.00633333 4.99538e-34 -2.69257e-18 5.41625e-18 -2.69257e-18 -1.75741e-33
Plastic strain_mean -1.17121e-18 0.00582163 0 0.00582163 1.17121e-18 0 0 0 0
Plastic strain_rate_mean 0 0 0 0 0 0 0 0 0
Dissipation 0.0337372
End step 19
Begin step 20
Stress 4.74301e-13 102.542 6.54636e-13 102.542 -1.88555e-13 -4.31629e-13 6.54636e-13 -4.31629e-13 8.57998e-14
Strain 0 0.00666667 0 0.00666667 0 0 0 0 0
Strain mean 5.70731e-19 0.00666667 3.27318e-18 0.00666667 -2.94908e-34 -2.15815e-18 3.27318e-18 -2.15815e-18 -6.62038e-34
Plastic strain_mean -1.37177e-18 0.00615395 0 0.00615395 1.37177e-18 0 0 0 0
Plastic strain_rate_mean 0 0 0 0 0 0 0 0 0
Dissipation 0.0337943
End step 20
Begin step 21
Stress -1.14646e-13 102.745 7.41822e-13 102.745 -5.39044e-13 -3.74662e-13 7.41822e-13 -3.74662e-13 -1.96281e-13
Strain 0 0.007 0 0.007 0 0 0 0 0
Strain mean -1.30564e-18 0.007 3.70911e-18 0.007 8.69678e-34 -1.87331e-18 3.70911e-18 -1.87331e-18 -1.24584e-33
Plastic strain_mean -1.71381e-18 0.00648628 0 0.00648628 1.71381e-18 0 0 0 0
Plastic strain_rate_mean 0 0 0 0 0 0 0 0 0
Dissipation 0.0338515
End step 21
Begin step 22
Stress 6.09764e-13 102.947 6.34939e-13 102.947 -2.39784e-13 -3.17712e-13 6.34939e-13 -3.17712e-13 1.11093e-13
Strain 0 0.00733333 0 0.00733333 0 0 0 0 0
Strain mean 7.38975e-19 0.00733333 3.17469e-18 0.00733333 5.14584e-34 -1.58856e-18 3.17469e-18 -1.58856e-18 -1.30903e-33
Plastic strain_mean -1.75438e-18 0.0068186 0 0.0068186 1.75438e-18 0 0 0 0
Plastic strain_rate_mean 0 0 0 0 0 0 0 0 0
Dissipation 0.0339087
End step 22
Begin step 23
Stress -1.81293e-12 103.149 -2.53124e-13 103.149 2.20181e-12 -1.22983e-13 -2.53124e-13 -1.22983e-13 1.1677e-13
Strain 0 0.00766667 0 0.00766667 0 0 0 0 0
Strain mean 7.76737e-19 0.00766667 -1.26562e-18 0.00766667 -4.04445e-33 -6.14914e-19 -1.26562e-18 -6.14914e-19 -1.65209e-33
Plastic strain_mean 1.04252e-17 0.00715092 0 0.00715092 -1.04252e-17 0 0 0 0
Plastic strain_rate_mean 0 0 0 0 0 0 0 0 0
Dissipation 0.033966
End step 23
Begin step 24
Stress -1.97486e-12 103.351 -2.85944e-13 103.351 1.60685e-12 -6.61226e-14 -2.85944e-13 -6.61226e-14 -1.10499e-13
Strain 0 0.008 0 0.008 0 0 0 0 0
Strain mean -7.35025e-19 0.008 -1.42972e-18 0.008 -1.0713e-33 -3.30613e-19 -1.42972e-18 -3.30613e-19 -5.85302e-34
Plastic strain_mean 8.58676e-18 0.00748324 0 0.00748324 -8.58676e-18 0 0 0 0
Plastic strain_rate_mean 0 0 0 0 0 0 0 0 0
Dissipation 0.0340233
End step 24
Begin step 25
Stress -1.55588e-12 103.554 -1.33362e-13 103.554 1.66909e-12 -7.30566e-14 -1.33362e-13 -7.30566e-14 3.39915e-14
Strain 0 0.00833333 0 0.00833333 0 0 0 0 0
Strain mean 2.26108e-19 0.00833333 -6.66811e-19 0.00833333 -1.11945e-33 -3.65283e-19 -6.66811e-19 -3.65283e-19 -1.11042e-33
Plastic strain_mean 8.17549e-18 0.00781557 0 0.00781557 -8.17549e-18 0 0 0 0
Plastic strain_rate_mean 0 0 0 0 0 0 0 0 0
Dissipation 0.0340807
End step 25
Begin step 26
Stress -2.01953e-12 103.756 6.55351e-14 103.756 1.39359e-12 -2.22084e-14 6.55351e-14 -2.22084e-14 -1.87949e-13
Strain 0 0.00866667 0 0.00866667 0 0 0 0 0
Strain mean -1.25022e-18 0.00866667 3.27675e-19 0.00866667 7.22224e-34 -1.11042e-19 3.27675e-19 -1.11042e-19 -7.76391e-34
Plastic strain_mean 7.90769e-18 0.00814789 0 0.00814789 -7.90769e-18 0 0 0 0
Plastic strain_rate_mean 0 0 0 0 0 0 0 0 0
Dissipation 0.0341381
End step 26
Begin step 27
Stress -1.65965e-12 103.958 -1.14412e-13 103.958 1.38065e-12 -3.18225e-14 -1.14412e-13 -3.18225e-14 -8.37736e-14
Strain 0 0.009 0 0.009 0 0 0 0 0
Strain mean -5.57252e-19 0.009 -5.72058e-19 0.009 2.40741e-35 -1.59112e-19 -5.72058e-19 -1.59112e-19 -1.46852e-33
Plastic strain_mean 7.32213e-18 0.00848021 0 0.00848021 -7.32213e-18 0 0 0 0
Plastic strain_rate_mean 0 0 0 0 0 0 0 0 0
Dissipation 0.0341955
End step 27
Begin step 28
Stress -1.05888e-12 104.16 -3.21579e-13 104.16 1.07109e-12 4.38256e-16 -3.21579e-13 4.38256e-16 3.66815e-15
Strain 0 0.00933333 0 0.00933333 0 0 0 0 0
Strain mean 2.44001e-20 0.00933333 -1.60789e-18 0.00933333 -3.25001e-34 2.19128e-21 -1.60789e-18 2.19128e-21 -8.83219e-34
Plastic strain_mean 5.33712e-18 0.00881253 0 0.00881253 -5.33712e-18 0 0 0 0
Plastic strain_rate_mean 0 0 0 0 0 0 0 0 0
Dissipation 0.034253
End step 28
Begin step 29
Stress -1.20862e-12 104.362 -1.96468e-13 104.362 9.95885e-13 -1.48627e-14 -1.96468e-13 -1.48627e-14 -6.38782e-14
Strain 0 0.00966667 0 0.00966667 0 0 0 0 0
Strain mean -4.24911e-19 0.00966667 -9.8234e-19 0.00966667 -1.99213e-33 -7.43137e-20 -9.8234e-19 -7.43137e-20 -1.07431e-33
Plastic strain_mean 5.29882e-18 0.00914486 0 0.00914486 -5.29882e-18 0 0 0 0
Plastic strain_rate_mean 0 0 0 0 0 0 0 0 0
Dissipation 0.0343106
End step 29
Begin step 30
Stress -7.36657e-13 104.564 3.95304e-14 104.564 9.88371e-13 2.74984e-14 3.95304e-14 2.74984e-14 7.55814e-14
Strain 0 0.01 0 0.01 0 0 0 0 0
Strain mean 5.02759e-19 0.01 1.97652e-19 0.01 -1.71528e-33 1.37492e-19 1.97652e-19 1.37492e-19 -1.02917e-33
Plastic strain_mean 4.56395e-18 0.00947718 0 0.00947718 -4.56395e-18 0 0 0 0
Plastic strain_rate_mean 0 0 0 0 0 0 0 0 0
Dissipation 0.0343681
End step 30
