Begin step 0
Stress 0 0 0 0 0 0 0 0 0
Strain 0 0 0 0 0 0 0 0 0
Strain mean 0 0 0 0 0 0 0 0 0
Plastic strain_mean 0 0 0 0 0 0 0 0 0
Plastic strain_rate_mean 0 0 0 0 0 0 0 0 0
Dissipation 0
End step 0
Begin step 1
Stress 2.22471e-13 63.9662 -1.20825e-12 63.9662 -2.28325e-13 2.90607e-13 -1.20825e-12 2.90607e-13 -1.75766e-15
Strain 0 0.000333333 0 0.000333333 0 0 0 0 0
Strain mean -1.16917e-20 0.000333333 -6.04125e-18 0.000333333 7.27039e-32 1.45303e-18 -6.04125e-18 1.45303e-18 -7.24932e-33
Plastic strain_mean -1.13284e-18 1.35022e-05 0 1.35022e-05 1.13284e-18 0 0 0 0
Plastic strain_rate_mean 0 0 0 0 0 0 0 0 0
Dissipation 0.000863603
End step 1
Begin step 2
Stress -1.19461e-12 100.087 -5.0558e-12 100.087 1.15071e-12 -1.6956e-12 -5.0558e-12 -1.6956e-12 -1.31835e-14
Strain 0 0.000666667 0 0.000666667 0 0 0 0 0
Strain mean -8.76952e-20 0.000666667 -2.5279e-17 0.000666667 -4.0926e-34 -8.478e-18 -2.5279e-17 -8.478e-18 3.62165e-33
Plastic strain_mean 5.81945e-18 0.000166234 0 0.000166234 -5.81945e-18 0 0 0 0
Plastic strain_rate_mean 0 0 0 0 0 0 0 0 0
Dissipation 0.015276
End step 2
Begin step 3
Stress 1.80516e-12 102.487 -4.12022e-12 102.487 -1.84926e-12 -2.37364e-12 -4.12022e-12 -2.37364e-12 -1.32403e-14
Strain 0 0.001 0 0.001 0 0 0 0 0
Strain mean -8.80728e-20 0.001 -2.06011e-17 0.001 -6.25927e-34 -1.18682e-17 -2.06011e-17 -1.18682e-17 2.63311e-34
Plastic strain_mean -9.18008e-18 0.000487566 0 0.000487566 9.18008e-18 0 0 0 0
Plastic strain_rate_mean 0 0 0 0 0 0 0 0 0
Dissipation 0.0328957
End step 3
Begin step 4
Stress 1.71809e-14 102.767 -8.25764e-13 102.767 -9.87976e-14 -1.67003e-12 -8.25764e-13 -1.67003e-12 -2.45067e-14
Strain 0 0.00133333 0 0.00133333 0 0 0 0 0
Strain mean -1.63016e-19 0.00133333 -4.12882e-18 0.00133333 5.80668e-32 -8.35015e-18 -4.12882e-18 -8.35015e-18 2.01795e-33
Plastic strain_mean -3.71454e-19 0.000819498 0 0.000819498 3.71454e-19 0 0 0 0
Plastic strain_rate_mean 0 0 0 0 0 0 0 0 0
Dissipation 0.03406
End step 4
Begin step 5
Stress 1.59023e-13 102.98 -1.54797e-12 102.98 -1.37499e-13 -9.1924e-13 -1.54797e-12 -9.1924e-13 6.46293e-15
Strain 0 0.00166667 0 0.00166667 0 0 0 0 0
Strain mean 4.29907e-20 0.00166667 -7.73985e-18 0.00166667 1.35056e-32 -4.5962e-18 -7.73985e-18 -4.5962e-18 6.57195e-34
Plastic strain_mean -7.19809e-19 0.00115176 0 0.00115176 7.19809e-19 0 0 0 0
Plastic strain_rate_mean 0 0 0 0 0 0 0 0 0
Dissipation 0.0341529
End step 5
Begin step 6
Stress 1.72352e-12 103.19 1.25904e-12 103.19 -1.77826e-12 -1.197e-12 1.25904e-12 -1.197e-12 -1.64368e-14
Strain 0 0.002 0 0.002 0 0 0 0 0
Strain mean -1.09336e-19 0.002 6.29521e-18 0.002 -1.05926e-33 -5.98501e-18 6.29521e-18 -5.98501e-18 -2.275e-33
Plastic strain_mean -8.80914e-18 0.00148405 0 0.00148405 8.80914e-18 0 0 0 0
Plastic strain_rate_mean 0 0 0 0 0 0 0 0 0
Dissipation 0.0342132
End step 6
Begin step 7
Stress -6.71994e-13 103.398 1.24214e-12 103.398 6.37236e-13 1.40801e-12 1.24214e-12 1.40801e-12 -1.04368e-14
Strain 0 0.00233333 0 0.00233333 0 0 0 0 0
Strain mean -6.94242e-20 0.00233333 6.2107e-18 0.00233333 5.87409e-33 7.04007e-18 6.2107e-18 7.04007e-18 2.16968e-33
Plastic strain_mean 3.23836e-18 0.00181634 0 0.00181634 -3.23836e-18 0 0 0 0
Plastic strain_rate_mean 0 0 0 0 0 0 0 0 0
Dissipation 0.0342723
End step 7
Begin step 8
Stress -6.66214e-13 103.606 5.67908e-13 103.606 5.77239e-13 7.99877e-13 5.67908e-13 7.99877e-13 -2.67164e-14
Strain 0 0.00266667 0 0.00266667 0 0 0 0 0
Strain mean -1.77714e-19 0.00266667 2.83954e-18 0.00266667 1.33611e-33 3.99939e-18 2.83954e-18 3.99939e-18 1.20371e-33
Plastic strain_mean 3.01977e-18 0.00214864 0 0.00214864 -3.01977e-18 0 0 0 0
Plastic strain_rate_mean 0 0 0 0 0 0 0 0 0
Dissipation 0.0343313
End step 8
Begin step 9
Stress -4.14297e-13 103.813 1.01858e-12 103.813 7.84626e-13 7.41224e-13 1.01858e-12 7.41224e-13 1.11197e-13
Strain 0 0.003 0 0.003 0 0 0 0 0
Strain mean 7.39672e-19 0.003 5.09289e-18 0.003 2.38334e-32 3.70612e-18 5.09289e-18 3.70612e-18 2.8588e-35
Plastic strain_mean 3.36714e-18 0.00248093 0 0.00248093 -3.36714e-18 0 0 0 0
Plastic strain_rate_mean 0 0 0 0 0 0 0 0 0
Dissipation 0.0343903
End step 9
Begin step 10
Stress -1.41697e-12 104.02 -1.38406e-12 104.02 1.40836e-12 2.639e-14 -1.38406e-12 2.639e-14 -2.58517e-15
Strain 0 0.00333333 0 0.00333333 0 0 0 0 0
Strain mean -1.71963e-20 0.00333333 -6.92031e-18 0.00333333 -2.15704e-32 1.3195e-19 -6.92031e-18 1.3195e-19 -8.47108e-34
Plastic strain_mean 7.05471e-18 0.00281323 0 0.00281323 -7.05471e-18 0 0 0 0
Plastic strain_rate_mean 0 0 0 0 0 0 0 0 0
Dissipation 0.0344494
End step 10
Begin step 11
Stress 5.17767e-13 104.228 3.19712e-12 104.228 -9.25589e-13 1.26605e-12 3.19712e-12 1.26605e-12 -1.22455e-13
Strain 0 0.00366667 0 0.00366667 0 0 0 0 0
Strain mean -8.14558e-19 0.00366667 1.59856e-17 0.00366667 3.62075e-32 6.33027e-18 1.59856e-17 6.33027e-18 -2.09144e-33
Plastic strain_mean -4.01567e-18 0.00314553 0 0.00314553 4.01567e-18 0 0 0 0
Plastic strain_rate_mean 0 0 0 0 0 0 0 0 0
Dissipation 0.0345087
End step 11
Begin step 12
Stress -1.79117e-12 104.435 3.40039e-13 104.435 1.63341e-12 2.18426e-13 3.40039e-13 2.18426e-13 -4.73716e-14
Strain 0 0.004 0 0.004 0 0 0 0 0
Strain mean -3.1511e-19 0.004 1.7002e-18 0.004 1.20371e-32 1.09213e-18 1.7002e-18 1.09213e-18 -2.02524e-33
Plastic strain_mean 8.40389e-18 0.00347782 0 0.00347782 -8.40389e-18 0 0 0 0
Plastic strain_rate_mean 0 0 0 0 0 0 0 0 0
Dissipation 0.034568
End step 12
Begin step 13
Stress -1.38838e-12 104.643 -1.44561e-13 104.643 1.40688e-12 1.65118e-13 -1.44561e-13 1.65118e-13 5.55463e-15
Strain 0 0.00433333 0 0.00433333 0 0 0 0 0
Strain mean 3.69488e-20 0.00433333 -7.22805e-19 0.00433333 2.00537e-32 8.25588e-19 -7.22805e-19 8.25588e-19 -1.18264e-33
Plastic strain_mean 7.00664e-18 0.00381012 0 0.00381012 -7.00664e-18 0 0 0 0
Plastic strain_rate_mean 0 0 0 0 0 0 0 0 0
Dissipation 0.0346274
End step 13
Begin step 14
Stress 3.39975e-13 104.851 -1.89845e-12 104.851 -1.06381e-13 -1.20215e-12 -1.89845e-12 -1.20215e-12 7.01403e-14
Strain 0 0.00466667 0 0.00466667 0 0 0 0 0
Strain mean 4.66565e-19 0.00466667 -9.49225e-18 0.00466667 -1.13148e-33 -6.01074e-18 -9.49225e-18 -6.01074e-18 3.69387e-33
Plastic strain_mean -8.82608e-19 0.00414241 0 0.00414241 8.82608e-19 0 0 0 0
Plastic strain_rate_mean 0 0 0 0 0 0 0 0 0
Dissipation 0.0346869
End step 14
Begin step 15
Stress 8.09045e-13 105.059 -2.5191e-12 105.059 -1.09083e-12 -1.58665e-12 -2.5191e-12 -1.58665e-12 -8.4612e-14
Strain 0 0.005 0 0.005 0 0 0 0 0
Strain mean -5.6283e-19 0.005 -1.25955e-17 0.005 1.38787e-32 -7.93323e-18 -1.25955e-17 -7.93323e-18 5.54006e-33
Plastic strain_mean -5.03111e-18 0.00447471 0 0.00447471 5.03111e-18 0 0 0 0
Plastic strain_rate_mean 0 0 0 0 0 0 0 0 0
Dissipation 0.0347465
End step 15
Begin step 16
Stress -8.96155e-13 105.267 1.66239e-12 105.267 1.34432e-12 -1.47886e-13 1.66239e-12 -1.47886e-13 1.34569e-13
Strain 0 0.00533333 0 0.00533333 0 0 0 0 0
Strain mean 8.95136e-19 0.00533333 8.31194e-18 0.00533333 -1.82482e-32 -7.39428e-19 8.31194e-18 -7.39428e-19 -2.2325e-33
Plastic strain_mean 6.04875e-18 0.004807 0 0.004807 -6.04875e-18 0 0 0 0
Plastic strain_rate_mean 0 0 0 0 0 0 0 0 0
Dissipation 0.0348062
End step 16
Begin step 17
Stress 5.68669e-13 105.475 -1.57783e-12 105.475 -2.45954e-13 -8.89922e-13 -1.57783e-12 -8.89922e-13 9.69003e-14
Strain 0 0.00566667 0 0.00566667 0 0 0 0 0
Strain mean 6.4457e-19 0.00566667 -7.88915e-18 0.00566667 -9.99076e-34 -4.44961e-18 -7.88915e-18 -4.44961e-18 2.71135e-33
Plastic strain_mean -1.71427e-18 0.00513929 0 0.00513929 1.71427e-18 0 0 0 0
Plastic strain_rate_mean 0 0 0 0 0 0 0 0 0
Dissipation 0.0348659
End step 17
Begin step 18
Stress -1.31587e-12 105.684 -3.0263e-12 105.684 9.054e-13 -7.22507e-13 -3.0263e-12 -7.22507e-13 -1.2325e-13
Strain 0 0.006 0 0.006 0 0 0 0 0
Strain mean -8.19844e-19 0.006 -1.51315e-17 0.006 -9.53937e-34 -3.61253e-18 -1.51315e-17 -3.61253e-18 1.11945e-33
Plastic strain_mean 5.14325e-18 0.00547158 0 0.00547158 -5.14325e-18 0 0 0 0
Plastic strain_rate_mean 0 0 0 0 0 0 0 0 0
Dissipation 0.0349257
End step 18
Begin step 19
Stress -1.76741e-12 105.893 -2.28402e-12 105.893 7.62992e-13 -5.26329e-13 -2.28402e-12 -5.26329e-13 -3.01592e-13
Strain 0 0.00633333 0 0.00633333 0 0 0 0 0
Strain mean -2.00616e-18 0.00633333 -1.14201e-17 0.00633333 -6.5602e-34 -2.63165e-18 -1.14201e-17 -2.63165e-18 1.22778e-33
Plastic strain_mean 5.32292e-18 0.00580387 0 0.00580387 -5.32292e-18 0 0 0 0
Plastic strain_rate_mean 0 0 0 0 0 0 0 0 0
Dissipation 0.0349856
End step 19
Begin step 20
Stress -4.69917e-13 106.101 -1.65866e-12 106.101 1.04839e-12 -4.10955e-13 -1.65866e-12 -4.10955e-13 1.73696e-13
Strain 0 0.00666667 0 0.00666667 0 0 0 0 0
Strain mean 1.1554e-18 0.00666667 -8.29329e-18 0.00666667 1.68895e-34 -2.05478e-18 -8.29329e-18 -2.05478e-18 1.03519e-33
Plastic strain_mean 4.37347e-18 0.00613616 0 0.00613616 -4.37347e-18 0 0 0 0
Plastic strain_rate_mean 0 0 0 0 0 0 0 0 0
Dissipation 0.0350455
End step 20
Begin step 21
Stress 2.03583e-12 106.31 -5.79534e-12 106.31 -1.12589e-12 -3.69451e-12 -5.79534e-12 -3.69451e-12 2.73225e-13
Strain 0 0.007 0 0.007 0 0 0 0 0
Strain mean 1.81746e-18 0.007 -2.89767e-17 0.007 -1.17963e-33 -1.84726e-17 -2.89767e-17 -1.84726e-17 -3.47721e-33
Plastic strain_mean -6.99555e-18 0.00646845 0 0.00646845 6.99555e-18 0 0 0 0
Plastic strain_rate_mean 0 0 0 0 0 0 0 0 0
Dissipation 0.0351054
End step 21
Begin step 22
Stress 9.16859e-13 106.52 -4.99427e-12 106.52 -1.08789e-12 -2.85375e-12 -4.99427e-12 -2.85375e-12 -5.13541e-14
Strain 0 0.00733333 0 0.00733333 0 0 0 0 0
Strain mean -3.41602e-19 0.00733333 -2.49714e-17 0.00733333 2.57593e-33 -1.42687e-17 -2.49714e-17 -1.42687e-17 -2.48866e-33
Plastic strain_mean -5.18267e-18 0.00680074 0 0.00680074 5.18267e-18 0 0 0 0
Plastic strain_rate_mean 0 0 0 0 0 0 0 0 0
Dissipation 0.0351654
End step 22
Begin step 23
Stress 1.38709e-12 106.729 -3.59904e-12 106.729 -5.09839e-13 -2.19712e-12 -3.59904e-12 -2.19712e-12 2.63408e-13
Strain 0 0.00766667 0 0.00766667 0 0 0 0 0
Strain mean 1.75216e-18 0.00766667 -1.79952e-17 0.00766667 -1.08334e-34 -1.09856e-17 -1.79952e-17 -1.09856e-17 -1.69121e-33
Plastic strain_mean -3.86624e-18 0.00713302 0 0.00713302 3.86624e-18 0 0 0 0
Plastic strain_rate_mean 0 0 0 0 0 0 0 0 0
Dissipation 0.0352253
End step 23
Begin step 24
Stress 1.03003e-12 106.938 -6.02646e-13 106.938 -1.64992e-12 -1.07255e-13 -6.02646e-13 -1.07255e-13 -1.86133e-13
Strain 0 0.008 0 0.008 0 0 0 0 0
Strain mean -1.23813e-18 0.008 -3.01323e-18 0.008 -2.16186e-31 -5.36275e-19 -3.01323e-18 -5.36275e-19 -2.32842e-33
Plastic strain_mean -7.31896e-18 0.00746531 0 0.00746531 7.31896e-18 0 0 0 0
Plastic strain_rate_mean 0 0 0 0 0 0 0 0 0
Dissipation 0.0352853
End step 24
Begin step 25
Stress 7.64335e-13 107.148 -3.03321e-13 107.148 -1.20854e-12 -7.53165e-14 -3.03321e-13 -7.53165e-14 -1.33381e-13
Strain 0 0.00833333 0 0.00833333 0 0 0 0 0
Strain mean -8.87235e-19 0.00833333 -1.5166e-18 0.00833333 -8.74854e-32 -3.76583e-19 -1.5166e-18 -3.76583e-19 -1.95602e-33
Plastic strain_mean -5.37582e-18 0.0077976 0 0.0077976 5.37582e-18 0 0 0 0
Plastic strain_rate_mean 0 0 0 0 0 0 0 0 0
Dissipation 0.0353454
End step 25
Begin step 26
Stress -3.82054e-13 107.357 -3.41414e-13 107.357 4.26906e-13 1.92529e-13 -3.41414e-13 1.92529e-13 1.34674e-14
Strain 0 0.00866667 0 0.00866667 0 0 0 0 0
Strain mean 8.95833e-20 0.00866667 -1.70707e-18 0.00866667 3.61112e-34 9.62644e-19 -1.70707e-18 9.62644e-19 6.65048e-34
Plastic strain_mean 2.06719e-18 0.00812988 0 0.00812988 -2.06719e-18 0 0 0 0
Plastic strain_rate_mean 0 0 0 0 0 0 0 0 0
Dissipation 0.0354054
End step 26
Begin step 27
Stress 4.51155e-13 107.567 -3.207e-13 107.567 6.34178e-13 2.10178e-13 -3.207e-13 2.10178e-13 3.25889e-13
Strain 0 0.009 0 0.009 0 0 0 0 0
Strain mean 2.16778e-18 0.009 -1.6035e-18 0.009 1.79352e-33 1.05089e-18 -1.6035e-18 1.05089e-18 2.97917e-34
Plastic strain_mean 1.54145e-18 0.00846217 0 0.00846217 -1.54145e-18 0 0 0 0
Plastic strain_rate_mean 0 0 0 0 0 0 0 0 0
Dissipation 0.0354655
End step 27
Begin step 28
Stress -7.3341e-13 107.776 -6.45111e-14 107.776 4.59532e-13 1.68009e-13 -6.45111e-14 1.68009e-13 -8.22365e-14
Strain 0 0.00933333 0 0.00933333 0 0 0 0 0
Strain mean -5.47028e-19 0.00933333 -3.22556e-19 0.00933333 8.06483e-34 8.40044e-19 -3.22556e-19 8.40044e-19 2.8588e-34
Plastic strain_mean 2.70884e-18 0.00879445 0 0.00879445 -2.70884e-18 0 0 0 0
Plastic strain_rate_mean 0 0 0 0 0 0 0 0 0
Dissipation 0.0355256
End step 28
Begin step 29
Stress 1.40146e-12 107.986 9.96535e-13 107.986 -1.52915e-12 2.48747e-13 9.96535e-13 2.48747e-13 -3.83409e-14
Strain 0 0.00966667 0 0.00966667 0 0 0 0 0
Strain mean -2.55039e-19 0.00966667 4.98267e-18 0.00966667 9.10002e-33 1.24374e-18 4.98267e-18 1.24374e-18 1.76945e-33
Plastic strain_mean -7.45405e-18 0.00912674 0 0.00912674 7.45405e-18 0 0 0 0
Plastic strain_rate_mean 0 0 0 0 0 0 0 0 0
Dissipation 0.0355856
End step 29
Begin step 30
Stress 9.86917e-13 108.196 1.26813e-12 108.196 -1.60192e-12 2.16059e-13 1.26813e-12 2.16059e-13 -1.84665e-13
Strain 0 0.01 0 0.01 0 0 0 0 0
Strain mean -1.22837e-18 0.01 6.34065e-18 0.01 -1.24584e-32 1.0803e-18 6.34065e-18 1.0803e-18 1.28797e-33
Plastic strain_mean -7.08628e-18 0.00945902 0 0.00945902 7.08628e-18 0 0 0 0
Plastic strain_rate_mean 0 0 0 0 0 0 0 0 0
Dissipation 0.0356457
End step 30
