Begin step 0
Stress 0 0 0 0 0 0 0 0 0
Strain 0 0 0 0 0 0 0 0 0
Strain mean 0 0 0 0 0 0 0 0 0
Plastic strain_mean 0 0 0 0 0 0 0 0 0
Plastic strain_rate_mean 0 0 0 0 0 0 0 0 0
Dissipation 0
End step 0
Begin step 1
Stress -1.24354e-16 6.66453 -6.69622e-14 6.66453 4.91571e-16 1.72495e-12 -6.69622e-14 1.72495e-12 1.10263e-16
Strain 0 3.33333e-05 0 3.33333e-05 0 0 0 0 0
Strain mean 7.33456e-22 3.33333e-05 -3.34811e-19 3.33333e-05 6.01853e-34 8.62473e-18 -3.34811e-19 8.62473e-18 1.6393e-33
Plastic strain_mean 1.90654e-21 1.07067e-08 0 1.07067e-08 -1.90654e-21 0 0 0 0
Plastic strain_rate_mean 0 0 0 0 0 0 0 0 0
Dissipation 7.13552e-08
End step 1
Begin step 2
Stress 2.00825e-14 13.3269 2.55e-12 13.3269 -1.58068e-14 1.77899e-12 2.55e-12 1.77899e-12 1.28385e-15
Strain 0 6.66667e-05 0 6.66667e-05 0 0 0 0 0
Strain mean 8.54004e-21 6.66667e-05 1.275e-17 6.66667e-05 -1.28484e-31 8.89494e-18 1.275e-17 8.89494e-18 4.46575e-33
Plastic strain_mean -8.54531e-20 3.21167e-08 0 3.21167e-08 8.54531e-20 0 0 0 0
Plastic strain_rate_mean 0 0 0 0 0 0 0 0 0
Dissipation 2.85329e-07
End step 2
Begin step 3
Stress -2.09192e-14 19.9872 -5.5945e-14 19.9872 2.48895e-14 7.63239e-12 -5.5945e-14 7.63239e-12 1.19215e-15
Strain 0 0.0001 0 0.0001 0 0 0 0 0
Strain mean 7.93004e-21 0.0001 -2.79725e-19 0.0001 4.19853e-32 3.8162e-17 -2.79725e-19 3.8162e-17 -1.625e-34
Plastic strain_mean 1.18487e-19 6.42266e-08 0 6.42266e-08 -1.18487e-19 0 0 0 0
Plastic strain_rate_mean 0 0 0 0 0 0 0 0 0
Dissipation 6.41784e-07
End step 3
Begin step 4
Stress -4.10262e-14 26.6453 -5.68481e-14 26.6453 7.44975e-14 7.64153e-12 -5.68481e-14 7.64153e-12 1.00503e-14
Strain 0 0.000133333 0 0.000133333 0 0 0 0 0
Strain mean 6.68534e-20 0.000133333 -2.8424e-19 0.000133333 -2.00778e-32 3.82077e-17 -2.8424e-19 3.82077e-17 -5.77779e-34
Plastic strain_mean 3.22236e-19 1.07033e-07 0 1.07033e-07 -3.22236e-19 0 0 0 0
Plastic strain_rate_mean 0 0 0 0 0 0 0 0 0
Dissipation 1.14058e-06
End step 4
Begin step 5
Stress -9.80673e-14 33.3012 -6.44911e-14 33.3012 1.08498e-13 7.67653e-12 -6.44911e-14 7.67653e-12 3.13212e-15
Strain 0 0.000166667 0 0.000166667 0 0 0 0 0
Strain mean 2.08345e-20 0.000166667 -3.22456e-19 0.000166667 -6.94298e-32 3.83827e-17 -3.22456e-19 3.83827e-17 -1.92593e-34
Plastic strain_mean 5.26832e-19 1.60532e-07 0 1.60532e-07 -5.26832e-19 0 0 0 0
Plastic strain_rate_mean 0 0 0 0 0 0 0 0 0
Dissipation 1.78158e-06
End step 5
Begin step 6
Stress -1.42951e-13 39.9551 -6.52471e-14 39.9551 1.47634e-13 7.67202e-12 -6.52471e-14 7.67202e-12 1.40612e-15
Strain 0 0.0002 0 0.0002 0 0 0 0 0
Strain mean 9.35338e-21 0.0002 -3.26236e-19 0.0002 1.44397e-31 3.83601e-17 -3.26236e-19 3.83601e-17 -5.77779e-34
Plastic strain_mean 7.31137e-19 2.24721e-07 0 2.24721e-07 -7.31137e-19 0 0 0 0
Plastic strain_rate_mean 0 0 0 0 0 0 0 0 0
Dissipation 2.56466e-06
End step 6
Begin step 7
Stress -1.53552e-13 46.6067 1.81516e-12 46.6067 1.47328e-13 1.47491e-12 1.81516e-12 1.47491e-12 -1.86901e-15
Strain 0 0.000233333 0 0.000233333 0 0 0 0 0
Strain mean -1.24324e-20 0.000233333 9.07582e-18 0.000233333 -2.76852e-34 7.37453e-18 9.07582e-18 7.37453e-18 -5.53705e-33
Plastic strain_mean 7.45983e-19 2.99679e-07 0 2.99679e-07 -7.45983e-19 0 0 0 0
Plastic strain_rate_mean 0 0 0 0 0 0 0 0 0
Dissipation 3.49355e-06
End step 7
Begin step 8
Stress -1.41821e-13 53.2561 -1.80337e-12 53.2561 1.68333e-13 1.49212e-12 -1.80337e-12 1.49212e-12 7.96076e-15
Strain 0 0.000266667 0 0.000266667 0 0 0 0 0
Strain mean 5.29541e-20 0.000266667 -9.01687e-18 0.000266667 -1.06528e-33 7.46059e-18 -9.01687e-18 7.46059e-18 8.4109e-34
Plastic strain_mean 8.01861e-19 3.86168e-07 0 3.86168e-07 -8.01861e-19 0 0 0 0
Plastic strain_rate_mean 0 0 0 0 0 0 0 0 0
Dissipation 4.60606e-06
End step 8
Begin step 9
Stress -2.15662e-13 59.9025 -3.03594e-12 59.9025 1.92989e-13 3.10922e-12 -3.03594e-12 3.10922e-12 -6.80792e-15
Strain 0 0.0003 0 0.0003 0 0 0 0 0
Strain mean -4.52855e-20 0.0003 -1.51797e-17 0.0003 5.41668e-35 1.55461e-17 -1.51797e-17 1.55461e-17 -3.38241e-33
Plastic strain_mean 9.98987e-19 4.87339e-07 0 4.87339e-07 -9.98987e-19 0 0 0 0
Plastic strain_rate_mean 0 0 0 0 0 0 0 0 0
Dissipation 6.06041e-06
End step 9
Begin step 10
Stress -2.98268e-13 66.545 -3.64256e-12 66.545 2.87114e-13 5.06946e-12 -3.64256e-12 5.06946e-12 -3.34937e-15
Strain 0 0.000333333 0 0.000333333 0 0 0 0 0
Strain mean -2.22796e-20 0.000333333 -1.82128e-17 0.000333333 -2.35926e-33 2.53473e-17 -1.82128e-17 2.53473e-17 -4.59214e-33
Plastic strain_mean 1.45232e-18 6.08378e-07 0 6.08378e-07 -1.45232e-18 0 0 0 0
Plastic strain_rate_mean 0 0 0 0 0 0 0 0 0
Dissipation 8.05446e-06
End step 10
Begin step 11
Stress -3.68443e-13 73.1817 -7.5312e-12 73.1817 3.7016e-13 -5.3693e-13 -7.5312e-12 -5.3693e-13 5.15288e-16
Strain 0 0.000366667 0 0.000366667 0 0 0 0 0
Strain mean 3.42764e-21 0.000366667 -3.7656e-17 0.000366667 -2.22686e-34 -2.68465e-18 -3.7656e-17 -2.68465e-18 3.8639e-33
Plastic strain_mean 1.84822e-18 7.58108e-07 0 7.58108e-07 -1.84822e-18 0 0 0 0
Plastic strain_rate_mean 0 0 0 0 0 0 0 0 0
Dissipation 1.09575e-05
End step 11
Begin step 12
Stress -3.73171e-13 79.8094 3.30484e-12 79.8094 3.7272e-13 -5.46527e-12 3.30484e-12 -5.46527e-12 -1.35372e-16
Strain 0 0.0004 0 0.0004 0 0 0 0 0
Strain mean -9.00481e-22 0.0004 1.65242e-17 0.0004 8.42594e-35 -2.73263e-17 1.65242e-17 -2.73263e-17 7.3317e-33
Plastic strain_mean 1.86428e-18 9.53068e-07 0 9.53068e-07 -1.86428e-18 0 0 0 0
Plastic strain_rate_mean 0 0 0 0 0 0 0 0 0
Dissipation 1.55596e-05
End step 12
Begin step 13
Stress -3.42012e-13 86.4209 -4.62239e-12 86.4209 3.10177e-13 2.41108e-12 -4.62239e-12 2.41108e-12 -9.55903e-15
Strain 0 0.000433333 0 0.000433333 0 0 0 0 0
Strain mean -6.35856e-20 0.000433333 -2.3112e-17 0.000433333 6.72872e-33 1.20554e-17 -2.3112e-17 1.20554e-17 -4.79978e-34
Plastic strain_mean 1.59868e-18 1.22889e-06 0 1.22889e-06 -1.59868e-18 0 0 0 0
Plastic strain_rate_mean 0 0 0 0 0 0 0 0 0
Dissipation 2.3837e-05
End step 13
Begin step 14
Stress -4.78554e-13 92.9964 3.55217e-12 92.9964 4.71428e-13 -2.71718e-12 3.55217e-12 -2.71718e-12 -2.13976e-15
Strain 0 0.000466667 0 0.000466667 0 0 0 0 0
Strain mean -1.42334e-20 0.000466667 1.77608e-17 0.000466667 -5.08325e-32 -1.35859e-17 1.77608e-17 -1.35859e-17 7.2102e-33
Plastic strain_mean 2.36784e-18 1.68459e-06 0 1.68459e-06 -2.36784e-18 0 0 0 0
Plastic strain_rate_mean 0 0 0 0 0 0 0 0 0
Dissipation 4.23779e-05
End step 14
Begin step 15
Stress -5.73105e-13 99.4366 -3.4791e-12 99.4366 5.39118e-13 1.39953e-12 -3.4791e-12 1.39953e-12 -1.02053e-14
Strain 0 0.0005 0 0.0005 0 0 0 0 0
Strain mean -6.78846e-20 0.0005 -1.73955e-17 0.0005 8.3158e-32 6.99767e-18 -1.73955e-17 6.99767e-18 -5.15638e-33
Plastic strain_mean 2.74661e-18 2.81693e-06 0 2.81693e-06 -2.74661e-18 0 0 0 0
Plastic strain_rate_mean 0 0 0 0 0 0 0 0 0
Dissipation 0.000112594
End step 15
Begin step 16
Stress -3.48674e-13 103.784 -1.99772e-13 103.784 3.53328e-13 6.54127e-12 -1.99772e-13 6.54127e-12 1.39739e-15
Strain 0 0.000533333 0 0.000533333 0 0 0 0 0
Strain mean 9.29529e-21 0.000533333 -9.98859e-19 0.000533333 -1.48056e-33 3.27063e-17 -9.98859e-19 3.27063e-17 3.62616e-33
Plastic strain_mean 1.75965e-18 1.44139e-05 0 1.44139e-05 -1.75965e-18 0 0 0 0
Plastic strain_rate_mean 0 0 0 0 0 0 0 0 0
Dissipation 0.0012035
End step 16
Begin step 17
Stress 3.80414e-14 104.152 3.5317e-13 104.152 -8.24856e-14 1.09683e-12 3.5317e-13 1.09683e-12 -1.33451e-14
Strain 0 0.000566667 0 0.000566667 0 0 0 0 0
Strain mean -8.877e-20 0.000566667 1.76585e-18 0.000566667 -2.62408e-33 5.48414e-18 1.76585e-18 5.48414e-18 -2.13507e-33
Plastic strain_mean -3.45703e-19 4.59043e-05 0 4.59043e-05 3.45703e-19 0 0 0 0
Plastic strain_rate_mean 0 0 0 0 0 0 0 0 0
Dissipation 0.00327946
End step 17
Begin step 18
Stress -8.27112e-13 104.185 -1.08055e-12 104.185 7.77214e-13 -4.4231e-12 -1.08055e-12 -4.4231e-12 -1.49827e-14
Strain 0 0.0006 0 0.0006 0 0 0 0 0
Strain mean -9.96629e-20 0.0006 -5.40274e-18 0.0006 2.85278e-33 -2.21155e-17 -5.40274e-18 -2.21155e-17 9.38891e-34
Plastic strain_mean 3.96098e-18 7.9075e-05 0 7.9075e-05 -3.96098e-18 0 0 0 0
Plastic strain_rate_mean 0 0 0 0 0 0 0 0 0
Dissipation 0.00345538
End step 18
Begin step 19
Stress -5.38441e-13 104.207 2.52708e-12 104.207 4.57755e-13 4.98558e-14 2.52708e-12 4.98558e-14 -2.42273e-14
Strain 0 0.000633333 0 0.000633333 0 0 0 0 0
Strain mean -1.61157e-19 0.000633333 1.26354e-17 0.000633333 7.89631e-33 2.49279e-19 1.26354e-17 2.49279e-19 -1.83565e-33
Plastic strain_mean 2.40991e-18 0.000112299 0 0.000112299 -2.40991e-18 0 0 0 0
Plastic strain_rate_mean 0 0 0 0 0 0 0 0 0
Dissipation 0.00346156
End step 19
Begin step 20
Stress -2.0943e-12 104.228 5.17253e-13 104.228 2.04409e-12 9.08763e-13 5.17253e-13 9.08763e-13 -1.50744e-14
Strain 0 0.000666667 0 0.000666667 0 0 0 0 0
Strain mean -1.00273e-19 0.000666667 2.58627e-18 0.000666667 -3.56297e-32 4.54382e-18 2.58627e-18 4.54382e-18 -1.52871e-33
Plastic strain_mean 1.02958e-17 0.000145526 0 0.000145526 -1.02958e-17 0 0 0 0
Plastic strain_rate_mean 0 0 0 0 0 0 0 0 0
Dissipation 0.00346243
End step 20
Begin step 21
Stress -7.86138e-13 104.249 1.38736e-12 104.249 8.16592e-13 1.76386e-13 1.38736e-12 1.76386e-13 9.14418e-15
Strain 0 0.0007 0 0.0007 0 0 0 0 0
Strain mean 6.0826e-20 0.0007 6.9368e-18 0.0007 3.55093e-34 8.81929e-19 6.9368e-18 8.81929e-19 -1.13148e-33
Plastic strain_mean 4.03724e-18 0.000178754 0 0.000178754 -4.03724e-18 0 0 0 0
Plastic strain_rate_mean 0 0 0 0 0 0 0 0 0
Dissipation 0.0034631
End step 21
Begin step 22
Stress -4.64474e-13 104.27 2.35127e-12 104.27 4.4263e-13 4.26099e-13 2.35127e-12 4.26099e-13 -6.559e-15
Strain 0 0.000733333 0 0.000733333 0 0 0 0 0
Strain mean -4.36297e-20 0.000733333 1.17564e-17 0.000733333 -9.38891e-34 2.13049e-18 1.17564e-17 2.13049e-18 -6.92131e-34
Plastic strain_mean 2.24595e-18 0.000211982 0 0.000211982 -2.24595e-18 0 0 0 0
Plastic strain_rate_mean 0 0 0 0 0 0 0 0 0
Dissipation 0.00346373
End step 22
Begin step 23
Stress -1.56303e-13 104.291 3.09224e-12 104.291 1.19043e-13 6.90374e-13 3.09224e-12 6.90374e-13 -1.11879e-14
Strain 0 0.000766667 0 0.000766667 0 0 0 0 0
Strain mean -7.44204e-20 0.000766667 1.54612e-17 0.000766667 -3.26204e-33 3.45187e-18 1.54612e-17 3.45187e-18 -5.29631e-34
Plastic strain_mean 6.51155e-19 0.00024521 0 0.00024521 -6.51155e-19 0 0 0 0
Plastic strain_rate_mean 0 0 0 0 0 0 0 0 0
Dissipation 0.00346434
End step 23
Begin step 24
Stress -1.4681e-12 104.312 -5.67988e-12 104.312 1.42982e-12 -1.69149e-12 -5.67988e-12 -1.69149e-12 -1.14935e-14
Strain 0 0.0008 0 0.0008 0 0 0 0 0
Strain mean -7.64537e-20 0.0008 -2.83994e-17 0.0008 -2.66621e-33 -8.45745e-18 -2.83994e-17 -8.45745e-18 1.17361e-33
Plastic strain_mean 7.20657e-18 0.000278438 0 0.000278438 -7.20657e-18 0 0 0 0
Plastic strain_rate_mean 0 0 0 0 0 0 0 0 0
Dissipation 0.00346495
End step 24
Begin step 25
Stress 1.15379e-12 104.333 -1.27102e-12 104.333 -1.19515e-12 8.35137e-13 -1.27102e-12 8.35137e-13 -1.24193e-14
Strain 0 0.000833333 0 0.000833333 0 0 0 0 0
Strain mean -8.26119e-20 0.000833333 -6.3551e-18 0.000833333 -1.04722e-32 4.17569e-18 -6.3551e-18 4.17569e-18 2.7121e-33
Plastic strain_mean -5.91365e-18 0.000311666 0 0.000311666 5.91365e-18 0 0 0 0
Plastic strain_rate_mean 0 0 0 0 0 0 0 0 0
Dissipation 0.00346555
End step 25
Begin step 26
Stress 1.46881e-12 104.355 -4.54528e-13 104.355 -1.33032e-12 7.79715e-13 -4.54528e-13 7.79715e-13 4.15811e-14
Strain 0 0.000866667 0 0.000866667 0 0 0 0 0
Strain mean 2.76593e-19 0.000866667 -2.27264e-18 0.000866667 6.91409e-32 3.89857e-18 -2.27264e-18 3.89857e-18 3.79506e-33
Plastic strain_mean -6.85953e-18 0.000344894 0 0.000344894 6.85953e-18 0 0 0 0
Plastic strain_rate_mean 0 0 0 0 0 0 0 0 0
Dissipation 0.00346615
End step 26
Begin step 27
Stress 4.91574e-13 104.376 -1.20978e-12 104.376 -5.47216e-13 -1.56961e-13 -1.20978e-12 -1.56961e-13 -1.67076e-14
Strain 0 0.0009 0 0.0009 0 0 0 0 0
Strain mean -1.11137e-19 0.0009 -6.0489e-18 0.0009 -8.34891e-32 -7.84807e-19 -6.0489e-18 -7.84807e-19 -3.72143e-33
Plastic strain_mean -2.65254e-18 0.000378122 0 0.000378122 2.65254e-18 0 0 0 0
Plastic strain_rate_mean 0 0 0 0 0 0 0 0 0
Dissipation 0.00346674
End step 27
Begin step 28
Stress 8.60903e-13 104.397 -8.84592e-13 104.397 -7.11486e-13 -1.34719e-13 -8.84592e-13 -1.34719e-13 4.4865e-14
Strain 0 0.000933333 0 0.000933333 0 0 0 0 0
Strain mean 2.98437e-19 0.000933333 -4.42296e-18 0.000933333 9.4178e-32 -6.73595e-19 -4.42296e-18 -6.73595e-19 -2.28253e-33
Plastic strain_mean -3.78175e-18 0.00041135 0 0.00041135 3.78175e-18 0 0 0 0
Plastic strain_rate_mean 0 0 0 0 0 0 0 0 0
Dissipation 0.00346734
End step 28
Begin step 29
Stress 8.80633e-13 104.418 -6.50037e-13 104.418 -9.13239e-13 -1.09578e-13 -6.50037e-13 -1.09578e-13 -9.79047e-15
Strain 0 0.000966667 0 0.000966667 0 0 0 0 0
Strain mean -6.51251e-20 0.000966667 -3.25018e-18 0.000966667 -9.61039e-32 -5.47888e-19 -3.25018e-18 -5.47888e-19 -1.98442e-33
Plastic strain_mean -4.51724e-18 0.000444578 0 0.000444578 4.51724e-18 0 0 0 0
Plastic strain_rate_mean 0 0 0 0 0 0 0 0 0
Dissipation 0.00346794
End step 29
Begin step 30
Stress 4.95566e-13 104.439 2.50761e-12 104.439 -5.49841e-13 5.20845e-13 2.50761e-12 5.20845e-13 -1.62971e-14
Strain 0 0.001 0 0.001 0 0 0 0 0
Strain mean -1.08406e-19 0.001 1.25381e-17 0.001 -2.65417e-33 2.60423e-18 1.25381e-17 2.60423e-18 1.08334e-34
Plastic strain_mean -2.66772e-18 0.000477806 0 0.000477806 2.66772e-18 0 0 0 0
Plastic strain_rate_mean 0 0 0 0 0 0 0 0 0
Dissipation 0.00346854
End step 30
