Begin step 0
Stress 0 0 0 0 0 0 0 0 0
Strain 0 0 0 0 0 0 0 0 0
Strain mean 0 0 0 0 0 0 0 0 0
Plastic strain_mean 0 0 0 0 0 0 0 0 0
Plastic strain_rate_mean 0 0 0 0 0 0 0 0 0
Dissipation 0
End step 0
Begin step 1
Stress 160.02 -4.36103e-11 -2.68264e-11 -4.36103e-11 -4.96343e-13 -3.50909e-12 -2.68264e-11 -3.50909e-12 4.10936e-13
Strain 0.00133333 0 0 0 0 0 0 0 0
Strain mean 0.00133333 1.47651e-13 1.6771e-14 1.47651e-13 -0.000516067 -1.77698e-17 1.6771e-14 -1.77698e-17 -0.000516067
Plastic strain_mean 1.46006e-05 1.47854e-13 1.68961e-14 1.47854e-13 -7.3003e-06 -1.40456e-18 1.68961e-14 -1.40456e-18 -7.3003e-06
Plastic strain_rate_mean 0 0 0 0 0 0 0 0 0
Dissipation 0.000194699
End step 1
Begin step 2
Stress 318.225 -9.15775e-11 -2.00838e-12 -9.15775e-11 4.53883e-13 -5.80255e-13 -2.00838e-12 -5.80255e-13 1.47516e-13
Strain 0.00266667 0 0 0 0 0 0 0 0
Strain mean 0.00266667 1.46306e-13 1.6756e-14 1.46306e-13 -0.00103384 -2.58412e-17 1.6756e-14 -2.58412e-17 -0.00103384
Plastic strain_mean 4.41669e-05 1.46733e-13 1.67653e-14 1.46733e-13 -2.20835e-05 -2.31351e-17 1.67653e-14 -2.31351e-17 -2.20835e-05
Plastic strain_rate_mean 0 0 0 0 0 0 0 0 0
Dissipation 0.000784061
End step 2
Begin step 3
Stress 474.495 -1.34285e-10 6.72162e-12 -1.34285e-10 1.19466e-13 -2.56423e-12 6.72162e-12 -2.56423e-12 -3.57064e-13
Strain 0.004 0 0 0 0 0 0 0 0
Strain mean 0.004 1.54615e-13 1.80184e-14 1.54615e-13 -0.00155344 -1.38414e-16 1.80184e-14 -1.38414e-16 -0.00155344
Plastic strain_mean 8.96709e-05 1.55241e-13 1.79871e-14 1.55241e-13 -4.48354e-05 -1.26455e-16 1.79871e-14 -1.26455e-16 -4.48354e-05
Plastic strain_rate_mean 0 0 0 0 0 0 0 0 0
Dissipation 0.00179928
End step 3
Begin step 4
Stress 628.61 -1.84588e-10 2.60165e-11 -1.84588e-10 -1.83509e-11 1.32669e-11 2.60165e-11 1.32669e-11 3.70566e-13
Strain 0.00533333 0 0 0 0 0 0 0 0
Strain mean 0.00533333 1.54372e-13 1.81105e-14 1.54372e-13 -0.00207507 -6.59672e-17 1.81105e-14 -6.59672e-17 -0.00207507
Plastic strain_mean 0.000152939 1.55233e-13 1.79892e-14 1.55233e-13 -7.64693e-05 -1.2784e-16 1.79892e-14 -1.2784e-16 -7.64693e-05
Plastic strain_rate_mean 0 0 0 0 0 0 0 0 0
Dissipation 0.00331422
End step 4
Begin step 5
Stress 780.17 -2.16242e-10 2.30823e-11 -2.16242e-10 -2.684e-12 6.31223e-12 2.30823e-11 6.31223e-12 1.12083e-12
Strain 0.00666667 0 0 0 0 0 0 0 0
Strain mean 0.00666667 1.54203e-13 1.80968e-14 1.54203e-13 -0.0025991 -1.13294e-16 1.80968e-14 -1.13294e-16 -0.0025991
Plastic strain_mean 0.00023726 1.55211e-13 1.79892e-14 1.55211e-13 -0.00011863 -1.42732e-16 1.79892e-14 -1.42732e-16 -0.00011863
Plastic strain_rate_mean 0 0 0 0 0 0 0 0 0
Dissipation 0.00548207
End step 5
Begin step 6
Stress 928.394 -2.61232e-10 -3.17056e-12 -2.61232e-10 -6.72447e-13 2.92551e-12 -3.17056e-12 2.92551e-12 -1.41776e-13
Strain 0.008 0 0 0 0 0 0 0 0
Strain mean 0.008 1.53756e-13 1.78498e-14 1.53756e-13 -0.00312626 -2.73711e-16 1.78498e-14 -2.73711e-16 -0.00312626
Plastic strain_mean 0.000349071 1.54975e-13 1.78646e-14 1.54975e-13 -0.000174535 -2.87355e-16 1.78646e-14 -2.87355e-16 -0.000174535
Plastic strain_rate_mean 0 0 0 0 0 0 0 0 0
Dissipation 0.00865039
End step 6
Begin step 7
Stress 1071.32 -3.01838e-10 3.22878e-13 -3.01838e-10 2.08218e-11 1.77898e-11 3.22878e-13 1.77898e-11 1.08556e-12
Strain 0.00933333 0 0 0 0 0 0 0 0
Strain mean 0.00933333 1.53526e-13 1.78723e-14 1.53526e-13 -0.00365842 -2.22117e-16 1.78723e-14 -2.22117e-16 -0.00365842
Plastic strain_mean 0.000504546 1.54934e-13 1.78708e-14 1.54934e-13 -0.000252273 -3.05082e-16 1.78708e-14 -3.05082e-16 -0.000252273
Plastic strain_rate_mean 0 0 0 0 0 0 0 0 0
Dissipation 0.0138803
End step 7
Begin step 8
Stress 1195.28 -3.32546e-10 -3.64781e-12 -3.32546e-10 -4.5272e-13 -6.08555e-13 -3.64781e-12 -6.08555e-13 2.36529e-13
Strain 0.0106667 0 0 0 0 0 0 0 0
Strain mean 0.0106667 1.48948e-13 2.20543e-14 1.48948e-13 -0.00420843 -3.13308e-14 2.20543e-14 -3.13308e-14 -0.00420843
Plastic strain_mean 0.000816349 1.50499e-13 2.20713e-14 1.50499e-13 -0.000408175 -3.13279e-14 2.20713e-14 -3.13279e-14 -0.000408175
Plastic strain_rate_mean 0 0 0 0 0 0 0 0 0
Dissipation 0.0310576
End step 8
Begin step 9
Stress 1207.35 -3.28442e-10 1.26473e-12 -3.28442e-10 -1.63551e-11 -9.39324e-13 1.26473e-12 -9.39324e-13 -3.92154e-14
Strain 0.012 0 0 0 0 0 0 0 0
Strain mean 0.012 -3.64228e-13 2.00304e-13 -3.64228e-13 -0.00486373 -8.62119e-13 2.00304e-13 -8.62119e-13 -0.00486373
Plastic strain_mean 0.00205016 -3.62697e-13 2.00298e-13 -3.62697e-13 -0.00102508 -8.62115e-13 2.00298e-13 -8.62115e-13 -0.00102508
Plastic strain_rate_mean 0 0 0 0 0 0 0 0 0
Dissipation 0.124137
End step 9
Begin step 10
Stress 1211.85 -3.36392e-10 3.33797e-13 -3.36392e-10 -1.74739e-13 -3.77269e-13 3.33797e-13 -3.77269e-13 -2.79365e-13
Strain 0.0133333 0 0 0 0 0 0 0 0
Strain mean 0.0133333 -3.58113e-13 8.90711e-15 -3.58113e-13 -0.00552617 2.7818e-14 8.90711e-15 2.7818e-14 -0.00552617
Plastic strain_mean 0.00334647 -3.56544e-13 8.90555e-15 -3.56544e-13 -0.00167324 2.78197e-14 8.90555e-15 2.78197e-14 -0.00167324
Plastic strain_rate_mean 0 0 0 0 0 0 0 0 0
Dissipation 0.130911
End step 10
Begin step 11
Stress 1216.34 -3.44491e-10 -1.1085e-12 -3.44491e-10 1.6128e-11 5.32548e-13 -1.1085e-12 5.32548e-13 -5.96466e-13
Strain 0.0146667 0 0 0 0 0 0 0 0
Strain mean 0.0146667 -3.51998e-13 -1.82492e-13 -3.51998e-13 -0.00618861 9.17757e-13 -1.82492e-13 9.17757e-13 -0.00618861
Plastic strain_mean 0.00464279 -3.50391e-13 -1.82487e-13 -3.50391e-13 -0.0023214 9.17754e-13 -1.82487e-13 9.17754e-13 -0.0023214
Plastic strain_rate_mean 0 0 0 0 0 0 0 0 0
Dissipation 0.131397
End step 11
Begin step 12
Stress 1220.83 -3.52459e-10 -2.16926e-12 -3.52459e-10 3.25016e-11 1.3356e-12 -2.16926e-12 1.3356e-12 -8.09631e-13
Strain 0.016 0 0 0 0 0 0 0 0
Strain mean 0.016 -3.45882e-13 -3.7389e-13 -3.45882e-13 -0.00685105 1.80769e-12 -3.7389e-13 1.80769e-12 -0.00685105
Plastic strain_mean 0.00593911 -3.44238e-13 -3.73879e-13 -3.44238e-13 -0.00296955 1.80769e-12 -3.73879e-13 1.80769e-12 -0.00296955
Plastic strain_rate_mean 0 0 0 0 0 0 0 0 0
Dissipation 0.131882
End step 12
Begin step 13
Stress 1225.32 -3.60472e-10 -3.31963e-12 -3.60472e-10 4.8746e-11 2.22326e-12 -3.31963e-12 2.22326e-12 -1.07566e-12
Strain 0.0173333 0 0 0 0 0 0 0 0
Strain mean 0.0173333 -3.39767e-13 -5.65287e-13 -3.39767e-13 -0.00751349 2.69763e-12 -5.65287e-13 2.69763e-12 -0.00751349
Plastic strain_mean 0.00723542 -3.38086e-13 -5.65272e-13 -3.38086e-13 -0.00361771 2.69762e-12 -5.65272e-13 2.69762e-12 -0.00361771
Plastic strain_rate_mean 0 0 0 0 0 0 0 0 0
Dissipation 0.132367
End step 13
Begin step 14
Stress 1229.81 -3.68452e-10 -4.14403e-12 -3.68452e-10 6.5109e-11 3.16628e-12 -4.14403e-12 3.16628e-12 -1.2669e-12
Strain 0.0186667 0 0 0 0 0 0 0 0
Strain mean 0.0186667 -3.33651e-13 -7.56684e-13 -3.33651e-13 -0.00817592 3.58757e-12 -7.56684e-13 3.58757e-12 -0.00817592
Plastic strain_mean 0.00853174 -3.31933e-13 -7.56664e-13 -3.31933e-13 -0.00426587 3.58756e-12 -7.56664e-13 3.58756e-12 -0.00426587
Plastic strain_rate_mean 0 0 0 0 0 0 0 0 0
Dissipation 0.132852
End step 14
Begin step 15
Stress 1234.3 -3.76309e-10 -4.97742e-12 -3.76309e-10 8.12413e-11 3.91897e-12 -4.97742e-12 3.91897e-12 -1.64762e-12
Strain 0.02 0 0 0 0 0 0 0 0
Strain mean 0.02 -3.27535e-13 -9.4808e-13 -3.27535e-13 -0.00883836 4.47751e-12 -9.4808e-13 4.47751e-12 -0.00883836
Plastic strain_mean 0.00982806 -3.2578e-13 -9.48057e-13 -3.2578e-13 -0.00491403 4.47749e-12 -9.48057e-13 4.47749e-12 -0.00491403
Plastic strain_rate_mean 0 0 0 0 0 0 0 0 0
Dissipation 0.133337
End step 15
