Begin step 0
Stress 0 0 0 0 0 0 0 0 0
Strain 0 0 0 0 0 0 0 0 0
Strain mean 0 0 0 0 0 0 0 0 0
Plastic strain_mean 0 0 0 0 0 0 0 0 0
Plastic strain_rate_mean 0 0 0 0 0 0 0 0 0
Dissipation 0
End step 0
Begin step 1
Stress -2.2635e-14 13.8138 1.96405e-12 13.8138 5.15179e-14 -1.39897e-13 1.96405e-12 -1.39897e-13 8.67256e-15
Strain 0 0.000333333 0 0.000333333 0 0 0 0 0
Strain mean 5.76889e-20 0.000333333 9.82023e-18 0.000333333 -4.04445e-33 -6.99484e-19 9.82023e-18 -6.99484e-19 -2.08222e-33
Plastic strain_mean 2.14227e-19 0.000264264 0 0.000264264 -2.14227e-19 0 0 0 0
Plastic strain_rate_mean 0 0 0 0 0 0 0 0 0
Dissipation 0.00362886
End step 1
Begin step 2
Stress 1.64361e-12 16.7621 1.13681e-12 16.7621 -1.60818e-12 -6.59676e-12 1.13681e-12 -6.59676e-12 1.06376e-14
Strain 0 0.000666667 0 0.000666667 0 0 0 0 0
Strain mean 7.07604e-20 0.000666667 5.68405e-18 0.000666667 -1.37223e-33 -3.29838e-17 5.68405e-18 -3.29838e-17 -9.47166e-34
Plastic strain_mean -8.0941e-18 0.000582856 0 0.000582856 8.0941e-18 0 0 0 0
Plastic strain_rate_mean 0 0 0 0 0 0 0 0 0
Dissipation 0.00528707
End step 2
Begin step 3
Stress -2.91918e-12 17.4707 -1.74604e-12 17.4707 2.88672e-12 -6.84864e-12 -1.74604e-12 -6.84864e-12 -9.7468e-15
Strain 0 0.001 0 0.001 0 0 0 0 0
Strain mean -6.48346e-20 0.001 -8.7302e-18 0.001 5.35649e-33 -3.42432e-17 -8.7302e-18 -3.42432e-17 -2.84977e-33
Plastic strain_mean 1.44824e-17 0.000912647 0 0.000912647 -1.44824e-17 0 0 0 0
Plastic strain_rate_mean 0 0 0 0 0 0 0 0 0
Dissipation 0.00568179
End step 3
Begin step 4
Stress 4.18463e-12 17.7136 7.28226e-13 17.7136 -4.10745e-12 2.50379e-12 7.28226e-13 2.50379e-12 2.31749e-14
Strain 0 0.00133333 0 0.00133333 0 0 0 0 0
Strain mean 1.54157e-19 0.00133333 3.64113e-18 0.00133333 3.12964e-34 1.2519e-17 3.64113e-18 1.2519e-17 -5.35649e-34
Plastic strain_mean -2.06531e-17 0.00124477 0 0.00124477 2.06531e-17 0 0 0 0
Plastic strain_rate_mean 0 0 0 0 0 0 0 0 0
Dissipation 0.0057808
End step 4
Begin step 5
Stress 4.38148e-12 17.8566 -2.96973e-12 17.8566 -4.38126e-12 -6.19267e-13 -2.96973e-12 -6.19267e-13 6.55027e-17
Strain 0 0.00166667 0 0.00166667 0 0 0 0 0
Strain mean 4.35717e-22 0.00166667 -1.48487e-17 0.00166667 -1.44445e-34 -3.09634e-18 -1.48487e-17 -3.09634e-18 -1.03218e-33
Plastic strain_mean -2.19066e-17 0.00157738 0 0.00157738 2.19066e-17 0 0 0 0
Plastic strain_rate_mean 0 0 0 0 0 0 0 0 0
Dissipation 0.00581771
End step 5
Begin step 6
Stress 2.97854e-12 17.9758 6.54989e-14 17.9758 -3.1111e-12 -3.34608e-12 6.54989e-14 -3.34608e-12 -3.98038e-14
Strain 0 0.002 0 0.002 0 0 0 0 0
Strain mean -2.6477e-19 0.002 3.27495e-19 0.002 -1.46852e-33 -1.67304e-17 3.27495e-19 -1.67304e-17 -1.03067e-34
Plastic strain_mean -1.53565e-17 0.00191012 0 0.00191012 1.53565e-17 0 0 0 0
Plastic strain_rate_mean 0 0 0 0 0 0 0 0 0
Dissipation 0.0058419
End step 6
Begin step 7
Stress 2.57022e-12 18.087 3.62977e-13 18.087 -2.33538e-12 -1.86775e-12 3.62977e-13 -1.86775e-12 7.05159e-14
Strain 0 0.00233333 0 0.00233333 0 0 0 0 0
Strain mean 4.69063e-19 0.00233333 1.81489e-18 0.00233333 1.26389e-33 -9.33874e-18 1.81489e-18 -9.33874e-18 2.64251e-34
Plastic strain_mean -1.20295e-17 0.0022429 0 0.0022429 1.20295e-17 0 0 0 0
Plastic strain_rate_mean 0 0 0 0 0 0 0 0 0
Dissipation 0.00586346
End step 7
Begin step 8
Stress 2.06165e-12 18.1941 6.79144e-13 18.1941 -2.12453e-12 -7.95874e-13 6.79144e-13 -7.95874e-13 -1.88822e-14
Strain 0 0.00266667 0 0.00266667 0 0 0 0 0
Strain mean -1.25603e-19 0.00266667 3.39572e-18 0.00266667 1.05926e-33 -3.97937e-18 3.39572e-18 -3.97937e-18 1.62124e-34
Plastic strain_mean -1.05283e-17 0.0025757 0 0.0025757 1.05283e-17 0 0 0 0
Plastic strain_rate_mean 0 0 0 0 0 0 0 0 0
Dissipation 0.00588439
End step 8
Begin step 9
Stress 2.15772e-12 18.2981 8.59189e-13 18.2981 -1.78619e-12 -2.98932e-13 8.59189e-13 -2.98932e-13 1.11555e-13
Strain 0 0.003 0 0.003 0 0 0 0 0
Strain mean 7.42054e-19 0.003 4.29595e-18 0.003 1.32408e-34 -1.49466e-18 4.29595e-18 -1.49466e-18 -5.67999e-34
Plastic strain_mean -9.48875e-18 0.00290851 0 0.00290851 9.48875e-18 0 0 0 0
Plastic strain_rate_mean 0 0 0 0 0 0 0 0 0
Dissipation 0.00590505
End step 9
Begin step 10
Stress 1.47423e-12 18.3994 9.59473e-13 18.3994 -1.87697e-12 -6.13404e-14 9.59473e-13 -6.13404e-14 -1.20927e-13
Strain 0 0.00333333 0 0.00333333 0 0 0 0 0
Strain mean -8.04391e-19 0.00333333 4.79736e-18 0.00333333 -7.82409e-34 -3.06702e-19 4.79736e-18 -3.06702e-19 -6.4624e-34
Plastic strain_mean -8.7802e-18 0.00324134 0 0.00324134 8.7802e-18 0 0 0 0
Plastic strain_rate_mean 0 0 0 0 0 0 0 0 0
Dissipation 0.00592547
End step 10
Begin step 11
Stress 1.48278e-12 18.4983 6.49141e-13 18.4983 -1.48269e-12 5.33336e-14 6.49141e-13 5.33336e-14 2.62011e-17
Strain 0 0.00366667 0 0.00366667 0 0 0 0 0
Strain mean 1.74287e-22 0.00366667 3.2457e-18 0.00366667 -4.45371e-34 2.66668e-19 3.2457e-18 2.66668e-19 -5.60476e-34
Plastic strain_mean -7.41358e-18 0.00357417 0 0.00357417 7.41358e-18 0 0 0 0
Plastic strain_rate_mean 0 0 0 0 0 0 0 0 0
Dissipation 0.00594566
End step 11
Begin step 12
Stress 1.58677e-12 18.5952 8.07064e-13 18.5952 -1.46842e-12 1.15643e-13 8.07064e-13 1.15643e-13 3.55374e-14
Strain 0 0.004 0 0.004 0 0 0 0 0
Strain mean 2.36391e-19 0.004 4.03532e-18 0.004 -2.40741e-34 5.78216e-19 4.03532e-18 5.78216e-19 -5.28502e-34
Plastic strain_mean -7.51976e-18 0.00390702 0 0.00390702 7.51976e-18 0 0 0 0
Plastic strain_rate_mean 0 0 0 0 0 0 0 0 0
Dissipation 0.0059656
End step 12
Begin step 13
Stress 1.20975e-12 18.6902 9.77515e-13 18.6902 -1.23119e-12 1.49491e-13 9.77515e-13 1.49491e-13 -6.43673e-15
Strain 0 0.00433333 0 0.00433333 0 0 0 0 0
Strain mean -4.28164e-20 0.00433333 4.88758e-18 0.00433333 -1.86574e-34 7.47457e-19 4.88758e-18 7.47457e-19 -3.33276e-34
Plastic strain_mean -6.12374e-18 0.00423988 0 0.00423988 6.12374e-18 0 0 0 0
Plastic strain_rate_mean 0 0 0 0 0 0 0 0 0
Dissipation 0.00598529
End step 13
Begin step 14
Stress 1.1328e-12 18.7835 9.26263e-13 18.7835 -1.28611e-12 1.86422e-13 9.26263e-13 1.86422e-13 -4.60353e-14
Strain 0 0.00466667 0 0.00466667 0 0 0 0 0
Strain mean -3.06222e-19 0.00466667 4.63131e-18 0.00466667 -6.74075e-34 9.32109e-19 4.63131e-18 9.32109e-19 -2.14034e-34
Plastic strain_mean -6.20038e-18 0.00457275 0 0.00457275 6.20038e-18 0 0 0 0
Plastic strain_rate_mean 0 0 0 0 0 0 0 0 0
Dissipation 0.00600475
End step 14
Begin step 15
Stress 7.90715e-12 18.8752 2.06664e-12 18.8752 -7.5737e-12 -1.8726e-13 2.06664e-12 -1.8726e-13 1.00123e-13
Strain 0 0.005 0 0.005 0 0 0 0 0
Strain mean 6.66007e-19 0.005 1.03332e-17 0.005 1.54074e-33 -9.36299e-19 1.03332e-17 -9.36299e-19 2.82871e-34
Plastic strain_mean -3.83691e-17 0.00490562 0 0.00490562 3.83691e-17 0 0 0 0
Plastic strain_rate_mean 0 0 0 0 0 0 0 0 0
Dissipation 0.00602397
End step 15
Begin step 16
Stress 7.56368e-12 18.9655 2.60827e-12 18.9655 -7.75763e-12 -8.26385e-14 2.60827e-12 -8.26385e-14 -5.82363e-14
Strain 0 0.00533333 0 0.00533333 0 0 0 0 0
Strain mean -3.87381e-19 0.00533333 1.30413e-17 0.00533333 -2.11852e-33 -4.13193e-19 1.30413e-17 -4.13193e-19 -1.44445e-34
Plastic strain_mean -3.84969e-17 0.00523851 0 0.00523851 3.84969e-17 0 0 0 0
Plastic strain_rate_mean 0 0 0 0 0 0 0 0 0
Dissipation 0.00604297
End step 16
Begin step 17
Stress 7.23198e-12 19.0545 2.43413e-12 19.0545 -7.24989e-12 6.65399e-14 2.43413e-12 6.65399e-14 -5.37996e-15
Strain 0 0.00566667 0 0.00566667 0 0 0 0 0
Strain mean -3.57869e-20 0.00566667 1.21707e-17 0.00566667 6.25927e-34 3.327e-19 1.21707e-17 3.327e-19 -1.90487e-33
Plastic strain_mean -3.62226e-17 0.00557139 0 0.00557139 3.62226e-17 0 0 0 0
Plastic strain_rate_mean 0 0 0 0 0 0 0 0 0
Dissipation 0.00606176
End step 17
Begin step 18
Stress 6.46979e-12 19.1423 2.69869e-12 19.1423 -6.79928e-12 2.1091e-13 2.69869e-12 2.1091e-13 -9.89353e-14
Strain 0 0.006 0 0.006 0 0 0 0 0
Strain mean -6.58106e-19 0.006 1.34935e-17 0.006 -3.29816e-33 1.05455e-18 1.34935e-17 1.05455e-18 -6.16899e-34
Plastic strain_mean -3.35017e-17 0.00590429 0 0.00590429 3.35017e-17 0 0 0 0
Plastic strain_rate_mean 0 0 0 0 0 0 0 0 0
Dissipation 0.00608034
End step 18
Begin step 19
Stress 6.20455e-12 19.2291 2.66703e-12 19.2291 -6.33393e-12 3.6052e-13 2.66703e-12 3.6052e-13 -3.88475e-14
Strain 0 0.00633333 0 0.00633333 0 0 0 0 0
Strain mean -2.58409e-19 0.00633333 1.33352e-17 0.00633333 9.14817e-34 1.8026e-18 1.33352e-17 1.8026e-18 -1.25486e-33
Plastic strain_mean -3.14754e-17 0.00623719 0 0.00623719 3.14754e-17 0 0 0 0
Plastic strain_rate_mean 0 0 0 0 0 0 0 0 0
Dissipation 0.00609874
End step 19
Begin step 20
Stress 6.0173e-12 19.3148 2.23531e-12 19.3148 -5.78908e-12 4.56229e-13 2.23531e-12 4.56229e-13 6.85246e-14
Strain 0 0.00666667 0 0.00666667 0 0 0 0 0
Strain mean 4.55818e-19 0.00666667 1.11766e-17 0.00666667 -1.05926e-33 2.28115e-18 1.11766e-17 2.28115e-18 3.21991e-34
Plastic strain_mean -2.9288e-17 0.00657009 0 0.00657009 2.9288e-17 0 0 0 0
Plastic strain_rate_mean 0 0 0 0 0 0 0 0 0
Dissipation 0.00611696
End step 20
Begin step 21
Stress 5.09554e-12 19.3995 2.62702e-12 19.3995 -5.20479e-12 5.39148e-13 2.62702e-12 5.39148e-13 -3.28038e-14
Strain 0 0.007 0 0.007 0 0 0 0 0
Strain mean -2.18207e-19 0.007 1.31351e-17 0.007 -2.96112e-33 2.69574e-18 1.31351e-17 2.69574e-18 -5.95835e-34
Plastic strain_mean -2.58599e-17 0.006903 0 0.006903 2.58599e-17 0 0 0 0
Plastic strain_rate_mean 0 0 0 0 0 0 0 0 0
Dissipation 0.006135
End step 21
Begin step 22
Stress 5.42492e-12 19.4834 2.4093e-12 19.4834 -4.32824e-12 5.50972e-13 2.4093e-12 5.50972e-13 3.29295e-13
Strain 0 0.00733333 0 0.00733333 0 0 0 0 0
Strain mean 2.19043e-18 0.00733333 1.20465e-17 0.00733333 -2.09445e-33 2.75486e-18 1.20465e-17 2.75486e-18 1.01412e-33
Plastic strain_mean -2.32877e-17 0.00723592 0 0.00723592 2.32877e-17 0 0 0 0
Plastic strain_rate_mean 0 0 0 0 0 0 0 0 0
Dissipation 0.00615289
End step 22
Begin step 23
Stress 3.68931e-12 19.5665 2.33868e-12 19.5665 -4.61101e-12 5.34213e-13 2.33868e-12 5.34213e-13 -2.76753e-13
Strain 0 0.00766667 0 0.00766667 0 0 0 0 0
Strain mean -1.84093e-18 0.00766667 1.16934e-17 0.00766667 1.34815e-33 2.67107e-18 1.16934e-17 2.67107e-18 4.24306e-34
Plastic strain_mean -2.16713e-17 0.00756883 0 0.00756883 2.16713e-17 0 0 0 0
Plastic strain_rate_mean 0 0 0 0 0 0 0 0 0
Dissipation 0.00617062
End step 23
Begin step 24
Stress 4.41147e-12 19.6488 2.03233e-12 19.6488 -4.07849e-12 4.52951e-13 2.03233e-12 4.52951e-13 9.99833e-14
Strain 0 0.008 0 0.008 0 0 0 0 0
Strain mean 6.65078e-19 0.008 1.01617e-17 0.008 -1.66111e-33 2.26476e-18 1.01617e-17 2.26476e-18 -4.0926e-34
Plastic strain_mean -2.08924e-17 0.00790176 0 0.00790176 2.08924e-17 0 0 0 0
Plastic strain_rate_mean 0 0 0 0 0 0 0 0 0
Dissipation 0.0061882
End step 24
Begin step 25
Stress 2.78667e-12 19.7304 2.0127e-12 19.7304 -4.13914e-12 3.82517e-13 2.0127e-12 3.82517e-13 -4.06099e-13
Strain 0 0.00833333 0 0.00833333 0 0 0 0 0
Strain mean -2.70133e-18 0.00833333 1.00635e-17 0.00833333 2.64815e-34 1.91258e-18 1.00635e-17 1.91258e-18 3.43056e-34
Plastic strain_mean -1.86652e-17 0.00823468 0 0.00823468 1.86652e-17 0 0 0 0
Plastic strain_rate_mean 0 0 0 0 0 0 0 0 0
Dissipation 0.00620565
End step 25
Begin step 26
Stress 3.42125e-12 19.8114 2.14013e-12 19.8114 -3.7305e-12 2.75361e-13 2.14013e-12 2.75361e-13 -9.28566e-14
Strain 0 0.00866667 0 0.00866667 0 0 0 0 0
Strain mean -6.17672e-19 0.00866667 1.07006e-17 0.00866667 6.1389e-34 1.3768e-18 1.07006e-17 1.3768e-18 2.22686e-34
Plastic strain_mean -1.81882e-17 0.00856761 0 0.00856761 1.81882e-17 0 0 0 0
Plastic strain_rate_mean 0 0 0 0 0 0 0 0 0
Dissipation 0.00622297
End step 26
Begin step 27
Stress 4.4434e-12 19.8917 1.53555e-12 19.8917 -3.1391e-12 2.16411e-13 1.53555e-12 2.16411e-13 3.91636e-13
Strain 0 0.009 0 0.009 0 0 0 0 0
Strain mean 2.60512e-18 0.009 7.67775e-18 0.009 1.08334e-33 1.08206e-18 7.67775e-18 1.08206e-18 1.25035e-33
Plastic strain_mean -1.76537e-17 0.00890054 0 0.00890054 1.76537e-17 0 0 0 0
Plastic strain_rate_mean 0 0 0 0 0 0 0 0 0
Dissipation 0.00624017
End step 27
Begin step 28
Stress 3.32592e-12 19.9714 1.79525e-12 19.9714 -3.18752e-12 1.31483e-13 1.79525e-12 1.31483e-13 4.15549e-14
Strain 0 0.00933333 0 0.00933333 0 0 0 0 0
Strain mean 2.76419e-19 0.00933333 8.97625e-18 0.00933333 -3.61112e-35 6.57415e-19 8.97625e-18 6.57415e-19 5.11575e-34
Plastic strain_mean -1.61454e-17 0.00923348 0 0.00923348 1.61454e-17 0 0 0 0
Plastic strain_rate_mean 0 0 0 0 0 0 0 0 0
Dissipation 0.00625725
End step 28
Begin step 29
Stress 2.75744e-12 20.0506 1.58753e-12 20.0506 -3.05319e-12 1.16645e-13 1.58753e-12 1.16645e-13 -8.88042e-14
Strain 0 0.00966667 0 0.00966667 0 0 0 0 0
Strain mean -5.90715e-19 0.00966667 7.93766e-18 0.00966667 2.40741e-35 5.83227e-19 7.93766e-18 5.83227e-19 6.98902e-34
Plastic strain_mean -1.48219e-17 0.00956641 0 0.00956641 1.48219e-17 0 0 0 0
Plastic strain_rate_mean 0 0 0 0 0 0 0 0 0
Dissipation 0.00627422
End step 29
Begin step 30
Stress 3.08583e-12 20.1292 2.00408e-12 20.1292 -2.69567e-12 3.47779e-14 2.00408e-12 3.47779e-14 1.17154e-13
Strain 0 0.01 0 0.01 0 0 0 0 0
Strain mean 7.79294e-19 0.01 1.00204e-17 0.01 3.61112e-34 1.73889e-19 1.00204e-17 1.73889e-19 2.07639e-34
Plastic strain_mean -1.40641e-17 0.00989935 0 0.00989935 1.40641e-17 0 0 0 0
Plastic strain_rate_mean 0 0 0 0 0 0 0 0 0
Dissipation 0.00629108
End step 30
