Begin step 0
Stress 0 0 0 0 0 0 0 0 0
Strain 0 0 0 0 0 0 0 0 0
Strain mean 0 0 0 0 0 0 0 0 0
Plastic strain_mean 0 0 0 0 0 0 0 0 0
Plastic strain_rate_mean 0 0 0 0 0 0 0 0 0
Dissipation 0
End step 0
Begin step 1
Stress 5.97123e-15 6.66452 -8.23001e-13 6.66452 -6.99471e-15 1.27567e-12 -8.23001e-13 1.27567e-12 -3.07317e-16
Strain 0 3.33333e-05 0 3.33333e-05 0 0 0 0 0
Strain mean -2.04424e-21 3.33333e-05 -4.115e-18 3.33333e-05 2.28704e-34 6.37836e-18 -4.115e-18 6.37836e-18 1.8018e-34
Plastic strain_mean -3.34369e-20 1.07231e-08 0 1.07231e-08 3.34369e-20 0 0 0 0
Plastic strain_rate_mean 0 0 0 0 0 0 0 0 0
Dissipation 7.14646e-08
End step 1
Begin step 2
Stress 2.05229e-14 13.3269 5.43284e-13 13.3269 -1.55218e-14 -4.2155e-13 5.43284e-13 -4.2155e-13 1.50165e-15
Strain 0 6.66667e-05 0 6.66667e-05 0 0 0 0 0
Strain mean 9.9888e-21 6.66667e-05 2.71642e-18 6.66667e-05 -2.13658e-33 -2.10775e-18 2.71642e-18 -2.10775e-18 1.42865e-33
Plastic strain_mean -8.51173e-20 3.22655e-08 0 3.22655e-08 8.51173e-20 0 0 0 0
Plastic strain_rate_mean 0 0 0 0 0 0 0 0 0
Dissipation 2.87092e-07
End step 2
Begin step 3
Stress 3.28639e-14 19.987 1.15877e-12 19.987 -3.75759e-14 -8.3569e-13 1.15877e-12 -8.3569e-13 -1.41486e-15
Strain 0 0.0001 0 0.0001 0 0 0 0 0
Strain mean -9.41148e-21 0.0001 5.79383e-18 0.0001 1.27954e-32 -4.17845e-18 5.79383e-18 -4.17845e-18 2.99572e-33
Plastic strain_mean -1.80805e-19 6.4828e-08 0 6.4828e-08 1.80805e-19 0 0 0 0
Plastic strain_rate_mean 0 0 0 0 0 0 0 0 0
Dissipation 6.50827e-07
End step 3
Begin step 4
Stress 8.90713e-15 26.6449 -2.7541e-12 26.6449 -2.0429e-14 -9.5576e-13 -2.7541e-12 -9.5576e-13 -3.45963e-15
Strain 0 0.000133333 0 0.000133333 0 0 0 0 0
Strain mean -2.30131e-20 0.000133333 -1.37705e-17 0.000133333 -4.81482e-35 -4.7788e-18 -1.37705e-17 -4.7788e-18 1.7544e-33
Plastic strain_mean -8.48469e-20 1.08728e-07 0 1.08728e-07 8.48469e-20 0 0 0 0
Plastic strain_rate_mean 0 0 0 0 0 0 0 0 0
Dissipation 1.16972e-06
End step 4
Begin step 5
Stress 1.86406e-14 33.3004 4.79664e-12 33.3004 -1.00673e-14 9.76018e-13 4.79664e-12 9.76018e-13 2.57426e-15
Strain 0 0.000166667 0 0.000166667 0 0 0 0 0
Strain mean 1.71237e-20 0.000166667 2.39832e-17 0.000166667 2.88889e-34 4.88009e-18 2.39832e-17 4.88009e-18 -5.72964e-33
Plastic strain_mean -6.3208e-20 1.64421e-07 0 1.64421e-07 6.3208e-20 0 0 0 0
Plastic strain_rate_mean 0 0 0 0 0 0 0 0 0
Dissipation 1.85457e-06
End step 5
Begin step 6
Stress 3.15504e-14 39.9535 -6.78195e-12 39.9535 -3.03869e-14 6.15484e-13 -6.78195e-12 6.15484e-13 3.49348e-16
Strain 0 0.0002 0 0.0002 0 0 0 0 0
Strain mean 2.32382e-21 0.0002 -3.39098e-17 0.0002 -2.39237e-34 3.07742e-18 -3.39098e-17 3.07742e-18 -9.75002e-34
Plastic strain_mean -1.53681e-19 2.32527e-07 0 2.32527e-07 1.53681e-19 0 0 0 0
Plastic strain_rate_mean 0 0 0 0 0 0 0 0 0
Dissipation 2.72109e-06
End step 6
Begin step 7
Stress -1.43309e-14 46.6039 -2.33263e-12 46.6039 -2.14746e-14 -2.66237e-12 -2.33263e-12 -2.66237e-12 -1.07512e-14
Strain 0 0.000233333 0 0.000233333 0 0 0 0 0
Strain mean -7.15156e-20 0.000233333 -1.16631e-17 0.000233333 -1.56482e-34 -1.33119e-17 -1.16631e-17 -1.33119e-17 3.10932e-33
Plastic strain_mean -5.36169e-20 3.13887e-07 0 3.13887e-07 5.36169e-20 0 0 0 0
Plastic strain_rate_mean 0 0 0 0 0 0 0 0 0
Dissipation 3.79168e-06
End step 7
Begin step 8
Stress 1.33119e-14 53.2514 2.5709e-12 53.2514 -9.37072e-15 -2.0779e-12 2.5709e-12 -2.0779e-12 1.18342e-15
Strain 0 0.000266667 0 0.000266667 0 0 0 0 0
Strain mean 7.87195e-21 0.000266667 1.28545e-17 0.000266667 4.0926e-34 -1.03895e-17 1.28545e-17 -1.03895e-17 2.41945e-33
Plastic strain_mean -5.27707e-20 4.09635e-07 0 4.09635e-07 5.27707e-20 0 0 0 0
Plastic strain_rate_mean 0 0 0 0 0 0 0 0 0
Dissipation 5.09869e-06
End step 8
Begin step 9
Stress 4.99667e-14 59.8957 5.95002e-12 59.8957 9.17337e-15 -4.38015e-12 5.95002e-12 -4.38015e-12 1.77578e-14
Strain 0 0.0003 0 0.0003 0 0 0 0 0
Strain mean 1.18123e-19 0.0003 2.97501e-17 0.0003 1.01111e-33 -2.19008e-17 2.97501e-17 -2.19008e-17 5.50094e-33
Plastic strain_mean -4.29221e-20 5.21329e-07 0 5.21329e-07 4.29221e-20 0 0 0 0
Plastic strain_rate_mean 0 0 0 0 0 0 0 0 0
Dissipation 6.68997e-06
End step 9
Begin step 10
Stress 3.29626e-14 66.5364 3.58449e-12 66.5364 -3.92162e-14 3.97404e-13 3.58449e-12 3.97404e-13 -1.87774e-15
Strain 0 0.000333333 0 0.000333333 0 0 0 0 0
Strain mean -1.24905e-20 0.000333333 1.79224e-17 0.000333333 -1.50463e-33 1.98702e-18 1.79224e-17 1.98702e-18 -3.52385e-33
Plastic strain_mean -1.86692e-19 6.51179e-07 0 6.51179e-07 1.86692e-19 0 0 0 0
Plastic strain_rate_mean 0 0 0 0 0 0 0 0 0
Dissipation 8.6397e-06
End step 10
Begin step 11
Stress -6.58462e-15 73.1728 -7.37551e-12 73.1728 -1.27579e-14 3.58626e-12 -7.37551e-12 3.58626e-12 -5.80791e-15
Strain 0 0.000366667 0 0.000366667 0 0 0 0 0
Strain mean -3.86335e-20 0.000366667 -3.68775e-17 0.000366667 -7.41784e-34 1.79313e-17 -3.68775e-17 1.79313e-17 -7.62849e-34
Plastic strain_mean -3.475e-20 8.02481e-07 0 8.02481e-07 3.475e-20 0 0 0 0
Plastic strain_rate_mean 0 0 0 0 0 0 0 0 0
Dissipation 1.10712e-05
End step 11
Begin step 12
Stress -2.52938e-15 79.8039 4.47631e-12 79.8039 -4.64087e-14 -2.04292e-12 4.47631e-12 -2.04292e-12 -1.46944e-14
Strain 0 0.0004 0 0.0004 0 0 0 0 0
Strain mean -9.77457e-20 0.0004 2.23816e-17 0.0004 1.22176e-33 -1.02146e-17 2.23816e-17 -1.02146e-17 3.9948e-33
Plastic strain_mean -1.58571e-19 9.80579e-07 0 9.80579e-07 1.58571e-19 0 0 0 0
Plastic strain_rate_mean 0 0 0 0 0 0 0 0 0
Dissipation 1.42128e-05
End step 12
Begin step 13
Stress -1.6872e-14 86.4276 3.52133e-12 86.4276 3.36985e-14 2.75443e-12 3.52133e-12 2.75443e-12 5.05244e-15
Strain 0 0.000433333 0 0.000433333 0 0 0 0 0
Strain mean 3.36083e-20 0.000433333 1.76067e-17 0.000433333 -4.81482e-34 1.37722e-17 1.76067e-17 1.37722e-17 -8.00465e-34
Plastic strain_mean 1.4323e-19 1.19545e-06 0 1.19545e-06 -1.4323e-19 0 0 0 0
Plastic strain_rate_mean 0 0 0 0 0 0 0 0 0
Dissipation 1.85709e-05
End step 13
Begin step 14
Stress 2.42068e-14 93.0389 3.14139e-12 93.0389 3.41698e-14 -7.05025e-14 3.14139e-12 -7.05025e-14 1.75285e-14
Strain 0 0.000466667 0 0.000466667 0 0 0 0 0
Strain mean 1.16598e-19 0.000466667 1.57069e-17 0.000466667 3.38723e-32 -3.52512e-19 1.57069e-17 -3.52512e-19 2.10197e-33
Plastic strain_mean 8.32066e-20 1.47223e-06 0 1.47223e-06 -8.32066e-20 0 0 0 0
Plastic strain_rate_mean 0 0 0 0 0 0 0 0 0
Dissipation 2.57512e-05
End step 14
Begin step 15
Stress 3.71515e-12 99.5756 5.41348e-13 99.5756 -3.72853e-12 -1.84134e-12 5.41348e-13 -1.84134e-12 -4.0175e-15
Strain 0 0.0005 0 0.0005 0 0 0 0 0
Strain mean -2.67239e-20 0.0005 2.70674e-18 0.0005 6.0089e-32 -9.20669e-18 2.70674e-18 -9.20669e-18 -1.67616e-33
Plastic strain_mean -1.86225e-17 2.12209e-06 0 2.12209e-06 1.86225e-17 0 0 0 0
Plastic strain_rate_mean 0 0 0 0 0 0 0 0 0
Dissipation 6.47079e-05
End step 15
Begin step 16
Stress 8.92632e-13 100.021 5.19051e-13 100.021 -8.44479e-13 1.90713e-12 5.19051e-13 1.90713e-12 1.44586e-14
Strain 0 0.000533333 0 0.000533333 0 0 0 0 0
Strain mean 9.61772e-20 0.000533333 2.59526e-18 0.000533333 -1.14352e-33 9.53565e-18 2.59526e-18 9.53565e-18 3.90904e-33
Plastic strain_mean -4.29469e-18 3.32302e-05 0 3.32302e-05 4.29469e-18 0 0 0 0
Plastic strain_rate_mean 0 0 0 0 0 0 0 0 0
Dissipation 0.00311137
End step 16
Begin step 17
Stress 1.07897e-12 100.041 -9.56424e-13 100.041 -1.07371e-12 2.20834e-12 -9.56424e-13 2.20834e-12 1.5808e-15
Strain 0 0.000566667 0 0.000566667 0 0 0 0 0
Strain mean 1.05153e-20 0.000566667 -4.78212e-18 0.000566667 -6.40372e-33 1.10417e-17 -4.78212e-18 1.10417e-17 4.55302e-33
Plastic strain_mean -5.37644e-18 6.64605e-05 0 6.64605e-05 5.37644e-18 0 0 0 0
Plastic strain_rate_mean 0 0 0 0 0 0 0 0 0
Dissipation 0.0033242
End step 17
Begin step 18
Stress 1.31142e-12 100.062 -2.42542e-12 100.062 -1.28337e-12 2.50954e-12 -2.42542e-12 2.50954e-12 8.42365e-15
Strain 0 0.0006 0 0.0006 0 0 0 0 0
Strain mean 5.60331e-20 0.0006 -1.21271e-17 0.0006 -7.89631e-33 1.25477e-17 -1.21271e-17 1.25477e-17 4.47177e-33
Plastic strain_mean -6.45897e-18 9.96907e-05 0 9.96907e-05 6.45897e-18 0 0 0 0
Plastic strain_rate_mean 0 0 0 0 0 0 0 0 0
Dissipation 0.00332479
End step 18
Begin step 19
Stress 1.5e-12 100.082 -3.87697e-12 100.082 -1.51159e-12 2.81075e-12 -3.87697e-12 2.81075e-12 -3.48038e-15
Strain 0 0.000633333 0 0.000633333 0 0 0 0 0
Strain mean -2.31511e-20 0.000633333 -1.93848e-17 0.000633333 -4.71853e-32 1.40537e-17 -1.93848e-17 1.40537e-17 3.61112e-33
Plastic strain_mean -7.54057e-18 0.000132921 0 0.000132921 7.54057e-18 0 0 0 0
Plastic strain_rate_mean 0 0 0 0 0 0 0 0 0
Dissipation 0.00332537
End step 19
Begin step 20
Stress 1.78386e-12 100.103 -5.32598e-12 100.103 -1.69895e-12 3.11195e-12 -5.32598e-12 3.11195e-12 2.54937e-14
Strain 0 0.000666667 0 0.000666667 0 0 0 0 0
Strain mean 1.69581e-19 0.000666667 -2.66299e-17 0.000666667 -1.93556e-32 1.55598e-17 -2.66299e-17 1.55598e-17 6.21112e-33
Plastic strain_mean -8.62223e-18 0.000166151 0 0.000166151 8.62223e-18 0 0 0 0
Plastic strain_rate_mean 0 0 0 0 0 0 0 0 0
Dissipation 0.00332596
End step 20
Begin step 21
Stress 1.92898e-12 100.124 -6.81342e-12 100.124 -1.94593e-12 3.41316e-12 -6.81342e-12 3.41316e-12 -5.08738e-15
Strain 0 0.0007 0 0.0007 0 0 0 0 0
Strain mean -3.38407e-20 0.0007 -3.40671e-17 0.0007 -4.94964e-32 1.70658e-17 -3.40671e-17 1.70658e-17 8.42594e-34
Plastic strain_mean -9.70419e-18 0.000199381 0 0.000199381 9.70419e-18 0 0 0 0
Plastic strain_rate_mean 0 0 0 0 0 0 0 0 0
Dissipation 0.00332655
End step 21
Begin step 22
Stress 2.14872e-12 100.144 -8.24296e-12 100.144 -2.1598e-12 3.71437e-12 -8.24296e-12 3.71437e-12 -3.32754e-15
Strain 0 0.000733333 0 0.000733333 0 0 0 0 0
Strain mean -2.21344e-20 0.000733333 -4.12148e-17 0.000733333 -3.42816e-32 1.85718e-17 -4.12148e-17 1.85718e-17 1.75741e-33
Plastic strain_mean -1.07823e-17 0.000232612 0 0.000232612 1.07823e-17 0 0 0 0
Plastic strain_rate_mean 0 0 0 0 0 0 0 0 0
Dissipation 0.00332714
End step 22
Begin step 23
Stress 2.36383e-12 100.165 -9.73415e-12 100.165 -2.37484e-12 4.01557e-12 -9.73415e-12 4.01557e-12 -3.3057e-15
Strain 0 0.000766667 0 0.000766667 0 0 0 0 0
Strain mean -2.19892e-20 0.000766667 -4.86707e-17 0.000766667 2.77334e-32 2.00779e-17 -4.86707e-17 2.00779e-17 -2.40741e-34
Plastic strain_mean -1.18577e-17 0.000265842 0 0.000265842 1.18577e-17 0 0 0 0
Plastic strain_rate_mean 0 0 0 0 0 0 0 0 0
Dissipation 0.00332772
End step 23
Begin step 24
Stress 2.55867e-12 100.186 -1.11796e-11 100.186 -2.59954e-12 4.31678e-12 -1.11796e-11 4.31678e-12 -1.22708e-14
Strain 0 0.0008 0 0.0008 0 0 0 0 0
Strain mean -8.16242e-20 0.0008 -5.58981e-17 0.0008 -1.31348e-31 2.15839e-17 -5.58981e-17 2.15839e-17 -3.85186e-33
Plastic strain_mean -1.29363e-17 0.000299072 0 0.000299072 1.29363e-17 0 0 0 0
Plastic strain_rate_mean 0 0 0 0 0 0 0 0 0
Dissipation 0.00332831
End step 24
Begin step 25
Stress 2.80986e-12 100.206 -1.26189e-11 100.206 -2.79811e-12 4.61799e-12 -1.26189e-11 4.61799e-12 3.52841e-15
Strain 0 0.000833333 0 0.000833333 0 0 0 0 0
Strain mean 2.34706e-20 0.000833333 -6.30946e-17 0.000833333 1.84889e-32 2.30899e-17 -6.30946e-17 2.30899e-17 1.25185e-33
Plastic strain_mean -1.40082e-17 0.000332302 0 0.000332302 1.40082e-17 0 0 0 0
Plastic strain_rate_mean 0 0 0 0 0 0 0 0 0
Dissipation 0.0033289
End step 25
Begin step 26
Stress 2.97297e-12 100.227 -1.40773e-11 100.227 -3.03525e-12 4.91919e-12 -1.40773e-11 4.91919e-12 -1.86988e-14
Strain 0 0.000866667 0 0.000866667 0 0 0 0 0
Strain mean -1.24383e-19 0.000866667 -7.03866e-17 0.000866667 -1.8643e-31 2.4596e-17 -7.03866e-17 2.4596e-17 4.81482e-35
Plastic strain_mean -1.50827e-17 0.000365533 0 0.000365533 1.50827e-17 0 0 0 0
Plastic strain_rate_mean 0 0 0 0 0 0 0 0 0
Dissipation 0.00332949
End step 26
Begin step 27
Stress 3.17827e-12 100.247 -1.55339e-11 100.247 -3.25691e-12 5.2204e-12 -1.55339e-11 5.2204e-12 -2.36115e-14
Strain 0 0.0009 0 0.0009 0 0 0 0 0
Strain mean -1.57061e-19 0.0009 -7.76694e-17 0.0009 -3.7363e-32 2.6102e-17 -7.76694e-17 2.6102e-17 7.94446e-33
Plastic strain_mean -1.61665e-17 0.000398763 0 0.000398763 1.61665e-17 0 0 0 0
Plastic strain_rate_mean 0 0 0 0 0 0 0 0 0
Dissipation 0.00333008
End step 27
Begin step 28
Stress 3.41074e-12 100.268 -1.7014e-11 100.268 -3.46395e-12 5.5216e-12 -1.7014e-11 5.5216e-12 -1.59783e-14
Strain 0 0.000933333 0 0.000933333 0 0 0 0 0
Strain mean -1.06286e-19 0.000933333 -8.50699e-17 0.000933333 -1.95289e-31 2.7608e-17 -8.50699e-17 2.7608e-17 4.42964e-33
Plastic strain_mean -1.72399e-17 0.000431993 0 0.000431993 1.72399e-17 0 0 0 0
Plastic strain_rate_mean 0 0 0 0 0 0 0 0 0
Dissipation 0.00333066
End step 28
Begin step 29
Stress 3.68237e-12 100.289 -1.84846e-11 100.289 -3.6602e-12 5.82281e-12 -1.84846e-11 5.82281e-12 6.65508e-15
Strain 0 0.000966667 0 0.000966667 0 0 0 0 0
Strain mean 4.42688e-20 0.000966667 -9.24232e-17 0.000966667 9.62965e-33 2.9114e-17 -9.24232e-17 2.9114e-17 9.53335e-33
Plastic strain_mean -1.83343e-17 0.000465223 0 0.000465223 1.83343e-17 0 0 0 0
Plastic strain_rate_mean 0 0 0 0 0 0 0 0 0
Dissipation 0.00333125
End step 29
Begin step 30
Stress 3.8914e-12 100.309 -1.99725e-11 100.309 -3.87848e-12 6.12402e-12 -1.99725e-11 6.12402e-12 3.87776e-15
Strain 0 0.001 0 0.001 0 0 0 0 0
Strain mean 2.57944e-20 0.001 -9.98624e-17 0.001 -1.28652e-31 3.06201e-17 -9.98624e-17 3.06201e-17 5.5852e-33
Plastic strain_mean -1.94118e-17 0.000498454 0 0.000498454 1.94118e-17 0 0 0 0
Plastic strain_rate_mean 0 0 0 0 0 0 0 0 0
Dissipation 0.00333184
End step 30
