Begin step 0
Stress 0 0 0 0 0 0 0 0 0
Strain 0 0 0 0 0 0 0 0 0
Strain mean 0 0 0 0 0 0 0 0 0
Plastic strain_mean 0 0 0 0 0 0 0 0 0
Plastic strain_rate_mean 0 0 0 0 0 0 0 0 0
Dissipation 0
End step 0
Begin step 1
Stress -5.40464e-14 66.6498 -1.47087e-12 66.6498 6.48666e-14 1.00654e-12 -1.47087e-12 1.00654e-12 3.24893e-15
Strain 0 0.000333333 0 0.000333333 0 0 0 0 0
Strain mean 2.16115e-20 0.000333333 -7.35435e-18 0.000333333 1.01773e-32 5.0327e-18 -7.35435e-18 5.0327e-18 -1.29624e-33
Plastic strain_mean 3.08088e-19 8.41564e-08 0 8.41564e-08 -3.08088e-19 0 0 0 0
Plastic strain_rate_mean 0 0 0 0 0 0 0 0 0
Dissipation 5.60901e-06
End step 1
Begin step 2
Stress -2.64795e-12 124.583 -1.04029e-12 124.583 2.61055e-12 -2.94405e-12 -1.04029e-12 -2.94405e-12 -1.12315e-14
Strain 0 0.000666667 0 0.000666667 0 0 0 0 0
Strain mean -7.47109e-20 0.000666667 -5.20145e-18 0.000666667 7.80002e-33 -1.47203e-17 -5.20145e-18 -1.47203e-17 -1.87778e-33
Plastic strain_mean 1.31089e-17 4.37496e-05 0 4.37496e-05 -1.31089e-17 0 0 0 0
Plastic strain_rate_mean 0 0 0 0 0 0 0 0 0
Dissipation 0.00543922
End step 2
Begin step 3
Stress 1.12842e-12 146.83 3.84464e-13 146.83 -1.17612e-12 -2.63478e-12 3.84464e-13 -2.63478e-12 -1.43233e-14
Strain 0 0.001 0 0.001 0 0 0 0 0
Strain mean -9.52767e-20 0.001 1.92232e-18 0.001 4.26526e-33 -1.31739e-17 1.92232e-18 -1.31739e-17 1.08033e-33
Plastic strain_mean -5.80901e-18 0.00026585 0 0.00026585 5.80901e-18 0 0 0 0
Plastic strain_rate_mean 0 0 0 0 0 0 0 0 0
Dissipation 0.0325898
End step 3
Begin step 4
Stress -3.95154e-14 152.011 -8.13231e-13 152.011 2.15111e-13 3.44419e-12 -8.13231e-13 3.44419e-12 5.27253e-14
Strain 0 0.00133333 0 0.00133333 0 0 0 0 0
Strain mean 3.50723e-19 0.00133333 -4.06616e-18 0.00133333 1.01713e-33 1.7221e-17 -4.06616e-18 1.7221e-17 -1.45348e-33
Plastic strain_mean 8.11926e-19 0.000573278 0 0.000573278 -8.11926e-19 0 0 0 0
Plastic strain_rate_mean 0 0 0 0 0 0 0 0 0
Dissipation 0.0466757
End step 4
Begin step 5
Stress 1.04768e-12 153.291 1.62669e-12 153.291 -1.09873e-12 2.51779e-12 1.62669e-12 2.51779e-12 -1.53276e-14
Strain 0 0.00166667 0 0.00166667 0 0 0 0 0
Strain mean -1.01958e-19 0.00166667 8.13345e-18 0.00166667 4.69445e-33 1.25889e-17 8.13345e-18 1.25889e-17 -4.37547e-33
Plastic strain_mean -5.417e-18 0.000900211 0 0.000900211 5.417e-18 0 0 0 0
Plastic strain_rate_mean 0 0 0 0 0 0 0 0 0
Dissipation 0.0500296
End step 5
Begin step 6
Stress -8.93878e-13 153.808 -6.70437e-13 153.808 7.9795e-13 -1.83153e-12 -6.70437e-13 -1.83153e-12 -2.88037e-14
Strain 0 0.002 0 0.002 0 0 0 0 0
Strain mean -1.91599e-19 0.002 -3.35218e-18 0.002 1.36019e-33 -9.15766e-18 -3.35218e-18 -9.15766e-18 2.25695e-33
Plastic strain_mean 4.13377e-18 0.00123096 0 0.00123096 -4.13377e-18 0 0 0 0
Plastic strain_rate_mean 0 0 0 0 0 0 0 0 0
Dissipation 0.0507618
End step 6
Begin step 7
Stress -1.05326e-12 154.176 -5.09975e-12 154.176 9.21436e-13 -7.51418e-13 -5.09975e-12 -7.51418e-13 -3.95811e-14
Strain 0 0.00233333 0 0.00233333 0 0 0 0 0
Strain mean -2.63289e-19 0.00233333 -2.54987e-17 0.00233333 -1.95602e-33 -3.75709e-18 -2.54987e-17 -3.75709e-18 3.80764e-33
Plastic strain_mean 4.80509e-18 0.00156245 0 0.00156245 -4.80509e-18 0 0 0 0
Plastic strain_rate_mean 0 0 0 0 0 0 0 0 0
Dissipation 0.0509775
End step 7
Begin step 8
Stress -7.17566e-13 154.512 -4.35187e-12 154.512 5.47701e-13 -5.58974e-13 -4.35187e-12 -5.58974e-13 -5.10048e-14
Strain 0 0.00266667 0 0.00266667 0 0 0 0 0
Strain mean -3.39278e-19 0.00266667 -2.17594e-17 0.00266667 3.21991e-34 -2.79487e-18 -2.17594e-17 -2.79487e-18 2.75536e-33
Plastic strain_mean 2.99353e-18 0.00189411 0 0.00189411 -2.99353e-18 0 0 0 0
Plastic strain_rate_mean 0 0 0 0 0 0 0 0 0
Dissipation 0.0510948
End step 8
Begin step 9
Stress -4.48491e-13 154.838 -3.61708e-12 154.838 4.71092e-13 -4.41502e-13 -3.61708e-12 -4.41502e-13 6.78608e-15
Strain 0 0.003 0 0.003 0 0 0 0 0
Strain mean 4.51402e-20 0.003 -1.80854e-17 0.003 3.85186e-34 -2.20751e-18 -1.80854e-17 -2.20751e-18 2.26861e-33
Plastic strain_mean 2.32153e-18 0.00222581 0 0.00222581 -2.32153e-18 0 0 0 0
Plastic strain_rate_mean 0 0 0 0 0 0 0 0 0
Dissipation 0.0511929
End step 9
Begin step 10
Stress -3.0343e-13 155.161 -2.93456e-12 155.161 3.14949e-13 -3.29257e-13 -2.93456e-12 -3.29257e-13 3.45854e-15
Strain 0 0.00333333 0 0.00333333 0 0 0 0 0
Strain mean 2.30058e-20 0.00333333 -1.46728e-17 0.00333333 1.08334e-34 -1.64629e-18 -1.46728e-17 -1.64629e-18 1.48432e-33
Plastic strain_mean 1.55745e-18 0.00255753 0 0.00255753 -1.55745e-18 0 0 0 0
Plastic strain_rate_mean 0 0 0 0 0 0 0 0 0
Dissipation 0.0512868
End step 10
Begin step 11
Stress 3.5937e-14 155.481 -2.66495e-12 155.481 3.74764e-13 -2.34202e-13 -2.66495e-12 -2.34202e-13 1.2332e-13
Strain 0 0.00366667 0 0.00366667 0 0 0 0 0
Strain mean 8.20309e-19 0.00366667 -1.33248e-17 0.00366667 1.37824e-33 -1.17101e-18 -1.33248e-17 -1.17101e-18 1.18377e-33
Plastic strain_mean 1.25722e-18 0.00288926 0 0.00288926 -1.25722e-18 0 0 0 0
Plastic strain_rate_mean 0 0 0 0 0 0 0 0 0
Dissipation 0.0513795
End step 11
Begin step 12
Stress 6.12734e-13 155.798 -4.86414e-12 155.798 -9.15757e-13 -1.40942e-12 -4.86414e-12 -1.40942e-12 -9.09876e-14
Strain 0 0.004 0 0.004 0 0 0 0 0
Strain mean -6.05239e-19 0.004 -2.43207e-17 0.004 2.0463e-33 -7.04709e-18 -2.43207e-17 -7.04709e-18 -9.11807e-34
Plastic strain_mean -4.12385e-18 0.00322101 0 0.00322101 4.12385e-18 0 0 0 0
Plastic strain_rate_mean 0 0 0 0 0 0 0 0 0
Dissipation 0.0514717
End step 12
Begin step 13
Stress 9.61552e-13 156.114 -3.97044e-12 156.114 -8.66439e-13 -9.34003e-13 -3.97044e-12 -9.34003e-13 2.85592e-14
Strain 0 0.00433333 0 0.00433333 0 0 0 0 0
Strain mean 1.89972e-19 0.00433333 -1.98522e-17 0.00433333 1.03519e-33 -4.67001e-18 -1.98522e-17 -4.67001e-18 -1.27442e-33
Plastic strain_mean -4.47499e-18 0.00355276 0 0.00355276 4.47499e-18 0 0 0 0
Plastic strain_rate_mean 0 0 0 0 0 0 0 0 0
Dissipation 0.0515634
End step 13
Begin step 14
Stress 6.52556e-13 156.428 -3.65429e-12 156.428 -8.46098e-13 -5.71797e-13 -3.65429e-12 -5.71797e-13 -5.8114e-14
Strain 0 0.00466667 0 0.00466667 0 0 0 0 0
Strain mean -3.86568e-19 0.00466667 -1.82715e-17 0.00466667 -5.29631e-34 -2.85899e-18 -1.82715e-17 -2.85899e-18 -1.02465e-33
Plastic strain_mean -3.93992e-18 0.00388453 0 0.00388453 3.93992e-18 0 0 0 0
Plastic strain_rate_mean 0 0 0 0 0 0 0 0 0
Dissipation 0.0516548
End step 14
Begin step 15
Stress 6.3844e-13 156.741 -2.8589e-12 156.741 -7.0592e-13 -3.26632e-13 -2.8589e-12 -3.26632e-13 -2.02622e-14
Strain 0 0.005 0 0.005 0 0 0 0 0
Strain mean -1.34782e-19 0.005 -1.42945e-17 0.005 -4.57408e-34 -1.63316e-18 -1.42945e-17 -1.63316e-18 -4.30325e-34
Plastic strain_mean -3.42829e-18 0.0042163 0 0.0042163 3.42829e-18 0 0 0 0
Plastic strain_rate_mean 0 0 0 0 0 0 0 0 0
Dissipation 0.051746
End step 15
Begin step 16
Stress 5.42879e-13 157.052 -2.29185e-12 157.052 -4.90989e-13 -1.47383e-13 -2.29185e-12 -1.47383e-13 1.55809e-14
Strain 0 0.00533333 0 0.00533333 0 0 0 0 0
Strain mean 1.03642e-19 0.00533333 -1.14592e-17 0.00533333 -1.14352e-34 -7.36913e-19 -1.14592e-17 -7.36913e-19 -5.7176e-34
Plastic strain_mean -2.53285e-18 0.00454807 0 0.00454807 2.53285e-18 0 0 0 0
Plastic strain_rate_mean 0 0 0 0 0 0 0 0 0
Dissipation 0.051837
End step 16
Begin step 17
Stress 6.07729e-13 157.363 -1.64865e-12 157.363 -2.6125e-13 -8.5506e-16 -1.64865e-12 -8.5506e-16 1.04036e-13
Strain 0 0.00566667 0 0.00566667 0 0 0 0 0
Strain mean 6.92034e-19 0.00566667 -8.24323e-18 0.00566667 1.20371e-34 -4.2753e-21 -8.24323e-18 -4.2753e-21 -2.48264e-34
Plastic strain_mean -1.82643e-18 0.00487985 0 0.00487985 1.82643e-18 0 0 0 0
Plastic strain_rate_mean 0 0 0 0 0 0 0 0 0
Dissipation 0.0519277
End step 17
Begin step 18
Stress -5.78127e-15 157.672 -1.73906e-12 157.672 -4.54367e-13 8.69633e-14 -1.73906e-12 8.69633e-14 -1.38167e-13
Strain 0 0.006 0 0.006 0 0 0 0 0
Strain mean -9.19071e-19 0.006 -8.69531e-18 0.006 1.44746e-33 4.34817e-19 -8.69531e-18 4.34817e-19 -1.94098e-34
Plastic strain_mean -1.581e-18 0.00521164 0 0.00521164 1.581e-18 0 0 0 0
Plastic strain_rate_mean 0 0 0 0 0 0 0 0 0
Dissipation 0.0520183
End step 18
Begin step 19
Stress 4.85213e-13 157.981 -1.22855e-12 157.981 -1.00574e-13 1.44737e-13 -1.22855e-12 1.44737e-13 1.15494e-13
Strain 0 0.00633333 0 0.00633333 0 0 0 0 0
Strain mean 7.68255e-19 0.00633333 -6.14274e-18 0.00633333 6.10881e-34 7.23684e-19 -6.14274e-18 7.23684e-19 -4.21297e-34
Plastic strain_mean -1.08034e-18 0.00554343 0 0.00554343 1.08034e-18 0 0 0 0
Plastic strain_rate_mean 0 0 0 0 0 0 0 0 0
Dissipation 0.0521088
End step 19
Begin step 20
Stress 1.57097e-13 158.289 -1.13068e-12 158.289 -5.87846e-14 1.76638e-13 -1.13068e-12 1.76638e-13 2.95199e-14
Strain 0 0.00666667 0 0.00666667 0 0 0 0 0
Strain mean 1.96363e-19 0.00666667 -5.65342e-18 0.00666667 -1.44746e-33 8.83188e-19 -5.65342e-18 8.83188e-19 -7.52316e-35
Plastic strain_mean -4.41523e-19 0.00587522 0 0.00587522 4.41523e-19 0 0 0 0
Plastic strain_rate_mean 0 0 0 0 0 0 0 0 0
Dissipation 0.0521991
End step 20
Begin step 21
Stress -2.23034e-13 158.597 3.79463e-13 158.597 -3.05351e-13 7.80983e-13 3.79463e-13 7.80983e-13 -1.58656e-13
Strain 0 0.007 0 0.007 0 0 0 0 0
Strain mean -1.05536e-18 0.007 1.89732e-18 0.007 1.79954e-33 3.90491e-18 1.89732e-18 3.90491e-18 4.57408e-34
Plastic strain_mean -7.33476e-19 0.00620702 0 0.00620702 7.33476e-19 0 0 0 0
Plastic strain_rate_mean 0 0 0 0 0 0 0 0 0
Dissipation 0.0522894
End step 21
Begin step 22
Stress 5.60767e-13 158.904 8.81761e-13 158.904 3.27361e-13 8.14483e-13 8.81761e-13 8.14483e-13 2.66675e-13
Strain 0 0.00733333 0 0.00733333 0 0 0 0 0
Strain mean 1.77389e-18 0.00733333 4.40881e-18 0.00733333 -1.42037e-33 4.07242e-18 4.40881e-18 4.07242e-18 1.02315e-33
Plastic strain_mean 3.0343e-19 0.00653882 0 0.00653882 -3.0343e-19 0 0 0 0
Plastic strain_rate_mean 0 0 0 0 0 0 0 0 0
Dissipation 0.0523795
End step 22
Begin step 23
Stress -3.28142e-13 159.21 1.66936e-13 159.21 -5.97557e-14 8.34554e-13 1.66936e-13 8.34554e-13 -1.16473e-13
Strain 0 0.00766667 0 0.00766667 0 0 0 0 0
Strain mean -7.74762e-19 0.00766667 8.34678e-19 0.00766667 1.88982e-33 4.17277e-18 8.34678e-19 4.17277e-18 1.14954e-33
Plastic strain_mean 2.83584e-19 0.00687062 0 0.00687062 -2.83584e-19 0 0 0 0
Plastic strain_rate_mean 0 0 0 0 0 0 0 0 0
Dissipation 0.0524696
End step 23
Begin step 24
Stress -2.65648e-13 159.516 1.44625e-13 159.516 -2.16664e-13 7.83669e-13 1.44625e-13 7.83669e-13 -1.44822e-13
Strain 0 0.008 0 0.008 0 0 0 0 0
Strain mean -9.6334e-19 0.008 7.23126e-19 0.008 -1.06528e-33 3.91835e-18 7.23126e-19 3.91835e-18 5.35649e-34
Plastic strain_mean -3.59209e-19 0.00720242 0 0.00720242 3.59209e-19 0 0 0 0
Plastic strain_rate_mean 0 0 0 0 0 0 0 0 0
Dissipation 0.0525596
End step 24
Begin step 25
Stress -1.07446e-13 159.822 2.43802e-13 159.822 -4.46885e-13 7.36469e-13 2.43802e-13 7.36469e-13 -1.66447e-13
Strain 0 0.00833333 0 0.00833333 0 0 0 0 0
Strain mean -1.10718e-18 0.00833333 1.21901e-18 0.00833333 2.22686e-33 3.68235e-18 1.21901e-18 3.68235e-18 7.28242e-34
Plastic strain_mean -1.40219e-18 0.00753423 0 0.00753423 1.40219e-18 0 0 0 0
Plastic strain_rate_mean 0 0 0 0 0 0 0 0 0
Dissipation 0.0526495
End step 25
Begin step 26
Stress -3.65812e-13 160.127 3.70345e-14 160.127 -6.14636e-13 6.83737e-13 3.70345e-14 6.83737e-13 -2.94395e-13
Strain 0 0.00866667 0 0.00866667 0 0 0 0 0
Strain mean -1.95828e-18 0.00866667 1.85173e-19 0.00866667 5.41668e-35 3.41868e-18 1.85173e-19 3.41868e-18 7.46298e-34
Plastic strain_mean -1.6012e-18 0.00786603 0 0.00786603 1.6012e-18 0 0 0 0
Plastic strain_rate_mean 0 0 0 0 0 0 0 0 0
Dissipation 0.0527394
End step 26
Begin step 27
Stress 9.19162e-13 160.431 4.18989e-13 160.431 2.90371e-13 6.24403e-13 4.18989e-13 6.24403e-13 3.63182e-13
Strain 0 0.009 0 0.009 0 0 0 0 0
Strain mean 2.41584e-18 0.009 2.09494e-18 0.009 1.22327e-33 3.12202e-18 2.09494e-18 3.12202e-18 6.19909e-34
Plastic strain_mean -3.64057e-19 0.00819784 0 0.00819784 3.64057e-19 0 0 0 0
Plastic strain_rate_mean 0 0 0 0 0 0 0 0 0
Dissipation 0.0528292
End step 27
Begin step 28
Stress 2.30561e-13 160.736 9.59354e-14 160.736 2.15742e-13 5.64482e-13 9.59354e-14 5.64482e-13 1.3401e-13
Strain 0 0.00933333 0 0.00933333 0 0 0 0 0
Strain mean 8.91418e-19 0.00933333 4.79677e-19 0.00933333 3.13189e-33 2.82241e-18 4.79677e-19 2.82241e-18 2.58797e-34
Plastic strain_mean 4.0866e-19 0.00852965 0 0.00852965 -4.0866e-19 0 0 0 0
Plastic strain_rate_mean 0 0 0 0 0 0 0 0 0
Dissipation 0.052919
End step 28
Begin step 29
Stress -4.65953e-13 161.04 -2.72734e-13 161.04 -1.94893e-13 4.91635e-13 -2.72734e-13 4.91635e-13 -1.9843e-13
Strain 0 0.00966667 0 0.00966667 0 0 0 0 0
Strain mean -1.31993e-18 0.00966667 -1.36367e-18 0.00966667 -6.79342e-34 2.45817e-18 -1.36367e-18 2.45817e-18 6.40974e-34
Plastic strain_mean 1.76843e-20 0.00886147 0 0.00886147 -1.76843e-20 0 0 0 0
Plastic strain_rate_mean 0 0 0 0 0 0 0 0 0
Dissipation 0.0530087
End step 29
Begin step 30
Stress 3.39763e-12 161.344 2.84337e-13 161.344 -3.20281e-12 -1.11324e-13 2.84337e-13 -1.11324e-13 5.84983e-14
Strain 0 0.01 0 0.01 0 0 0 0 0
Strain mean 3.89124e-19 0.01 1.42168e-18 0.01 1.55615e-31 -5.56618e-19 1.42168e-18 -5.56618e-19 2.5338e-33
Plastic strain_mean -1.63065e-17 0.00919328 0 0.00919328 1.63065e-17 0 0 0 0
Plastic strain_rate_mean 0 0 0 0 0 0 0 0 0
Dissipation 0.0530983
End step 30
