Begin step 0
Stress 0 0 0 0 0 0 0 0 0
Strain 0 0 0 0 0 0 0 0 0
Strain mean 0 0 0 0 0 0 0 0 0
Plastic strain_mean 0 0 0 0 0 0 0 0 0
Plastic strain_rate_mean 0 0 0 0 0 0 0 0 0
Dissipation 0
End step 0
Begin step 1
Stress 154.971 -4.30006e-11 6.26218e-12 -4.30006e-11 1.42418e-13 1.48738e-12 6.26218e-12 1.48738e-12 -1.00854e-13
Strain 0.00133333 0 0 0 0 0 0 0 0
Strain mean 0.00133333 4.19981e-14 2.98131e-17 4.19981e-14 -0.00052082 4.22136e-14 2.98131e-17 4.22136e-14 -0.00052082
Plastic strain_mean 5.6216e-05 4.21986e-14 6.08455e-19 4.21986e-14 -2.8108e-05 4.22067e-14 6.08455e-19 4.22067e-14 -2.8108e-05
Plastic strain_rate_mean 0 0 0 0 0 0 0 0 0
Dissipation 0.000725985
End step 1
Begin step 2
Stress 303.411 -8.09027e-11 -3.25085e-14 -8.09027e-11 -7.00928e-12 1.24244e-11 -3.25085e-14 1.24244e-11 4.77947e-13
Strain 0.00266667 0 0 0 0 0 0 0 0
Strain mean 0.00266667 4.17834e-14 2.14058e-18 4.17834e-14 -0.00104779 4.22437e-14 2.14058e-18 4.22437e-14 -0.00104779
Plastic strain_mean 0.000166244 4.21607e-14 2.29219e-18 4.21607e-14 -8.31222e-05 4.21857e-14 2.29219e-18 4.21857e-14 -8.31222e-05
Plastic strain_rate_mean 0 0 0 0 0 0 0 0 0
Dissipation 0.00278199
End step 2
Begin step 3
Stress 445.604 -1.21966e-10 6.54254e-12 -1.21966e-10 -4.80661e-12 2.12255e-11 6.54254e-12 2.12255e-11 1.1239e-12
Strain 0.004 0 0 0 0 0 0 0 0
Strain mean 0.004 4.14728e-14 3.63007e-17 4.14728e-14 -0.00158063 4.2192e-14 3.63007e-17 4.2192e-14 -0.00158063
Plastic strain_mean 0.000327762 4.20416e-14 5.78856e-18 4.20416e-14 -0.000163881 4.2093e-14 5.78856e-18 4.2093e-14 -0.000163881
Plastic strain_rate_mean 0 0 0 0 0 0 0 0 0
Dissipation 0.00599774
End step 3
Begin step 4
Stress 581.821 -1.61876e-10 8.43174e-12 -1.61876e-10 -3.7394e-12 2.75526e-11 8.43174e-12 2.75526e-11 1.40243e-12
Strain 0.00533333 0 0 0 0 0 0 0 0
Strain mean 0.00533333 4.10236e-14 4.90942e-17 4.10236e-14 -0.0021191 4.19928e-14 4.90942e-17 4.19928e-14 -0.0021191
Plastic strain_mean 0.000538526 4.17786e-14 9.77145e-18 4.17786e-14 -0.000269263 4.18643e-14 9.77145e-18 4.18643e-14 -0.000269263
Plastic strain_rate_mean 0 0 0 0 0 0 0 0 0
Dissipation 0.0102189
End step 4
Begin step 5
Stress 711.301 -1.99534e-10 -2.20148e-12 -1.99534e-10 -2.02091e-12 1.9146e-13 -2.20148e-12 1.9146e-13 -3.44313e-13
Strain 0.00666667 0 0 0 0 0 0 0 0
Strain mean 0.00666667 3.23491e-14 -5.36873e-16 3.23491e-14 -0.00266391 3.34117e-14 -5.36873e-16 3.34117e-14 -0.00266391
Plastic strain_mean 0.00080481 3.32796e-14 -5.26607e-16 3.32796e-14 -0.000402405 3.34108e-14 -5.26607e-16 3.34108e-14 -0.000402405
Plastic strain_rate_mean 0 0 0 0 0 0 0 0 0
Dissipation 0.015784
End step 5
Begin step 6
Stress 830.577 -2.31826e-10 -1.79648e-12 -2.31826e-10 -2.0335e-12 -2.9004e-12 -1.79648e-12 -2.9004e-12 3.14475e-13
Strain 0.008 0 0 0 0 0 0 0 0
Strain mean 0.008 -1.30657e-13 -5.24263e-15 -1.30657e-13 -0.00321832 -1.29379e-13 -5.24263e-15 -1.29379e-13 -0.00321832
Plastic strain_mean 0.00115519 -1.29575e-13 -5.23425e-15 -1.29575e-13 -0.000577593 -1.29366e-13 -5.23425e-15 -1.29366e-13 -0.000577593
Plastic strain_rate_mean 0 0 0 0 0 0 0 0 0
Dissipation 0.0242512
End step 6
Begin step 7
Stress 934.023 -2.60263e-10 -1.0137e-11 -2.60263e-10 -1.73914e-12 -1.93211e-12 -1.0137e-11 -1.93211e-12 -4.29012e-13
Strain 0.00933333 0 0 0 0 0 0 0 0
Strain mean 0.00933333 -1.35987e-13 -5.37354e-15 -1.35987e-13 -0.00378763 -1.34434e-13 -5.37354e-15 -1.34434e-13 -0.00378763
Plastic strain_mean 0.00163602 -1.34773e-13 -5.32626e-15 -1.34773e-13 -0.000818009 -1.34425e-13 -5.32626e-15 -1.34425e-13 -0.000818009
Plastic strain_rate_mean 0 0 0 0 0 0 0 0 0
Dissipation 0.0374257
End step 7
Begin step 8
Stress 1014.31 -2.79763e-10 3.76287e-13 -2.79763e-10 2.86968e-13 -1.06305e-12 3.76287e-13 -1.06305e-12 -3.3094e-13
Strain 0.0106667 0 0 0 0 0 0 0 0
Strain mean 0.0106667 -1.89503e-13 -5.71363e-15 -1.89503e-13 -0.00437874 -1.87577e-13 -5.71363e-15 -1.87577e-13 -0.00437874
Plastic strain_mean 0.00230773 -1.88198e-13 -5.71539e-15 -1.88198e-13 -0.00115387 -1.87572e-13 -5.71539e-15 -1.87572e-13 -0.00115387
Plastic strain_rate_mean 0 0 0 0 0 0 0 0 0
Dissipation 0.056777
End step 8
Begin step 9
Stress 1067.09 -2.9932e-10 4.48592e-13 -2.9932e-10 -1.11158e-13 1.42023e-12 4.48592e-13 1.42023e-12 3.85631e-13
Strain 0.012 0 0 0 0 0 0 0 0
Strain mean 0.012 -3.84083e-13 -6.65473e-15 -3.84083e-13 -0.00499574 -3.81535e-13 -6.65473e-15 -3.81535e-13 -0.00499574
Plastic strain_mean 0.00320612 -3.82687e-13 -6.65682e-15 -3.82687e-13 -0.00160306 -3.81542e-13 -6.65682e-15 -3.81542e-13 -0.00160306
Plastic strain_rate_mean 0 0 0 0 0 0 0 0 0
Dissipation 0.0798876
End step 9
Begin step 10
Stress 1096.65 -3.04957e-10 -1.27206e-12 -3.04957e-10 2.13237e-12 2.20307e-12 -1.27206e-12 2.20307e-12 2.55251e-13
Strain 0.0133333 0 0 0 0 0 0 0 0
Strain mean 0.0133333 -6.33311e-13 -7.67543e-15 -6.33311e-13 -0.00563458 -6.29996e-13 -7.67543e-15 -6.29996e-13 -0.00563458
Plastic strain_mean 0.00429578 -6.31889e-13 -7.6695e-15 -6.31889e-13 -0.00214789 -6.30006e-13 -7.6695e-15 -6.30006e-13 -0.00214789
Plastic strain_rate_mean 0 0 0 0 0 0 0 0 0
Dissipation 0.0995819
End step 10
Begin step 11
Stress 1112.25 -3.08174e-10 -1.91453e-12 -3.08174e-10 1.56134e-12 7.78018e-13 -1.91453e-12 7.78018e-13 -1.05833e-14
Strain 0.0146667 0 0 0 0 0 0 0 0
Strain mean 0.0146667 -7.90503e-13 -8.21488e-15 -7.90503e-13 -0.00628656 -7.86309e-13 -8.21488e-15 -7.86309e-13 -0.00628656
Plastic strain_mean 0.00550055 -7.89066e-13 -8.20596e-15 -7.89066e-13 -0.00275027 -7.86312e-13 -8.20596e-15 -7.86312e-13 -0.00275027
Plastic strain_rate_mean 0 0 0 0 0 0 0 0 0
Dissipation 0.111667
End step 11
Begin step 12
Stress 1121.16 -3.09729e-10 -1.41514e-12 -3.09729e-10 3.42122e-13 -2.28189e-12 -1.41514e-12 -2.28189e-12 1.64362e-13
Strain 0.016 0 0 0 0 0 0 0 0
Strain mean 0.016 -2.94273e-12 -1.44028e-14 -2.94273e-12 -0.00694485 -2.93743e-12 -1.44028e-14 -2.93743e-12 -0.00694485
Plastic strain_mean 0.00676047 -2.94129e-12 -1.43962e-14 -2.94129e-12 -0.00338023 -2.93742e-12 -1.43962e-14 -2.93742e-12 -0.00338023
Plastic strain_rate_mean 0 0 0 0 0 0 0 0 0
Dissipation 0.117715
End step 12
Begin step 13
Stress 1127.22 -3.11986e-10 -4.39799e-12 -3.11986e-10 2.25394e-12 9.05619e-13 -4.39799e-12 9.05619e-13 4.74313e-13
Strain 0.0173333 0 0 0 0 0 0 0 0
Strain mean 0.0173333 -3.75587e-12 -1.68483e-14 -3.75587e-12 -0.00760581 -3.74951e-12 -1.68483e-14 -3.74951e-12 -0.00760581
Plastic strain_mean 0.00804391 -3.75441e-12 -1.68278e-14 -3.75441e-12 -0.00402196 -3.74951e-12 -1.68278e-14 -3.74951e-12 -0.00402196
Plastic strain_rate_mean 0 0 0 0 0 0 0 0 0
Dissipation 0.12056
End step 13
Begin step 14
Stress 1132.11 -3.06154e-10 -4.02481e-11 -3.06154e-10 -2.57439e-11 -4.11606e-11 -4.02481e-11 -4.11606e-11 -1.87549e-12
Strain 0.0186667 0 0 0 0 0 0 0 0
Strain mean 0.0186667 -4.06397e-12 -1.80837e-14 -4.06397e-12 -0.00826787 -4.0571e-12 -1.80837e-14 -4.0571e-12 -0.00826787
Plastic strain_mean 0.00933689 -4.06254e-12 -1.7896e-14 -4.06254e-12 -0.00466845 -4.05691e-12 -1.7896e-14 -4.05691e-12 -0.00466845
Plastic strain_rate_mean 0 0 0 0 0 0 0 0 0
Dissipation 0.121983
End step 14
Begin step 15
Stress 1136.55 -3.15372e-10 -3.93857e-12 -3.15372e-10 4.44064e-13 -4.8305e-13 -3.93857e-12 -4.8305e-13 5.15961e-13
Strain 0.02 0 0 0 0 0 0 0 0
Strain mean 0.02 -7.95028e-12 -2.66936e-14 -7.95028e-12 -0.00893036 -7.94175e-12 -2.66936e-14 -7.94175e-12 -0.00893036
Plastic strain_mean 0.0106337 -7.94881e-12 -2.66752e-14 -7.94881e-12 -0.00531683 -7.94175e-12 -2.66752e-14 -7.94175e-12 -0.00531683
Plastic strain_rate_mean 0 0 0 0 0 0 0 0 0
Dissipation 0.12282
End step 15
