Begin step 0
Stress 0 0 0 0 0 0 0 0 0
Strain 0 0 0 0 0 0 0 0 0
Strain mean 0 0 0 0 0 0 0 0 0
Plastic strain_mean 0 0 0 0 0 0 0 0 0
Plastic strain_rate_mean 0 0 0 0 0 0 0 0 0
Dissipation 0
End step 0
Begin step 1
Stress -1.15566e-15 6.66667 -3.70643e-16 6.66667 -4.95908e-16 3.13167e-17 -3.70643e-16 3.13167e-17 -4.9591e-16
Strain 0 3.33333e-05 0 3.33333e-05 0 0 0 0 0
Strain mean -3.29874e-21 3.33333e-05 -1.85322e-21 3.33333e-05 6.70032e-37 1.56584e-22 -1.85322e-21 1.56584e-22 -5.67176e-37
Plastic strain_mean 1.10867e-26 3.22822e-21 0 3.22822e-21 -1.10867e-26 0 0 0 0
Plastic strain_rate_mean 0 0 0 0 0 0 0 0 0
Dissipation 2.15215e-20
End step 1
Begin step 2
Stress -1.02527e-15 13.3333 6.94261e-16 13.3333 -4.39957e-16 3.16147e-17 6.94261e-16 3.16147e-17 -4.3996e-16
Strain 0 6.66667e-05 0 6.66667e-05 0 0 0 0 0
Strain mean -2.92656e-21 6.66667e-05 3.47131e-21 6.66667e-05 5.85984e-36 1.58074e-22 3.47131e-21 1.58074e-22 2.60078e-37
Plastic strain_mean 1.21742e-26 1.87032e-17 0 1.87032e-17 -1.21742e-26 0 0 0 0
Plastic strain_rate_mean 0 0 0 0 0 0 0 0 0
Dissipation 2.49332e-16
End step 2
Begin step 3
Stress 1.32196e-16 20 3.64498e-15 20 5.68666e-17 1.41289e-16 3.64498e-15 1.41289e-16 5.6769e-17
Strain 0 0.0001 0 0.0001 0 0 0 0 0
Strain mean 3.77621e-22 0.0001 1.82249e-20 0.0001 -1.05794e-35 7.06447e-22 1.82249e-20 7.06447e-22 -1.78969e-36
Plastic strain_mean 4.87883e-25 2.99024e-15 0 2.99024e-15 -4.87883e-25 0 0 0 0
Plastic strain_rate_mean 0 0 0 0 0 0 0 0 0
Dissipation 5.94307e-14
End step 3
Begin step 4
Stress -2.74553e-15 26.6667 9.87349e-15 26.6667 -1.17751e-15 1.01303e-16 9.87349e-15 1.01303e-16 -1.17796e-15
Strain 0 0.000133333 0 0.000133333 0 0 0 0 0
Strain mean -7.83564e-21 0.000133333 4.93675e-20 0.000133333 -4.93708e-36 5.06517e-22 4.93675e-20 5.06517e-22 -7.05297e-38
Plastic strain_mean 2.23489e-24 1.11312e-13 0 1.11312e-13 -2.23489e-24 0 0 0 0
Plastic strain_rate_mean 0 0 0 0 0 0 0 0 0
Dissipation 2.88857e-12
End step 4
Begin step 5
Stress 8.48612e-16 33.3333 2.3751e-14 33.3333 3.80292e-16 -7.71155e-15 2.3751e-14 -7.71155e-15 3.68999e-16
Strain 0 0.000166667 0 0.000166667 0 0 0 0 0
Strain mean 2.45454e-21 0.000166667 1.18755e-19 0.000166667 1.04149e-35 -3.85577e-20 1.18755e-19 -3.85577e-20 8.922e-36
Plastic strain_mean 5.64681e-23 1.87365e-12 0 1.87365e-12 -5.64681e-23 0 0 0 0
Plastic strain_rate_mean 0 0 0 0 0 0 0 0 0
Dissipation 5.87445e-11
End step 5
Begin step 6
Stress 2.78272e-14 40 -1.5352e-14 40 1.14104e-14 -5.16557e-14 -1.5352e-14 -5.16557e-14 1.17818e-14
Strain 0 0.0002 0 0.0002 0 0 0 0 0
Strain mean 7.83709e-20 0.0002 -7.67602e-20 0.0002 -1.1849e-35 -2.58279e-19 -7.67602e-20 -2.58279e-19 -6.5093e-37
Plastic strain_mean -1.85656e-21 1.90866e-11 0 1.90866e-11 1.85656e-21 0 0 0 0
Plastic strain_rate_mean 0 0 0 0 0 0 0 0 0
Dissipation 6.88517e-10
End step 6
Begin step 7
Stress 3.3395e-15 46.6666 4.25859e-13 46.6666 -1.60886e-15 1.34945e-13 4.25859e-13 1.34945e-13 5.19655e-16
Strain 0 0.000233333 0 0.000233333 0 0 0 0 0
Strain mean 3.45668e-21 0.000233333 2.12929e-18 0.000233333 3.53589e-35 6.74727e-19 2.12929e-18 6.74727e-19 -2.70834e-34
Plastic strain_mean -1.06426e-20 1.37306e-10 0 1.37306e-10 1.06426e-20 0 0 0 0
Plastic strain_rate_mean 0 0 0 0 0 0 0 0 0
Dissipation 5.51688e-09
End step 7
Begin step 8
Stress 5.54406e-16 53.3332 2.1936e-13 53.3332 -5.20825e-15 -1.14274e-13 2.1936e-13 -1.14274e-13 -1.39739e-15
Strain 0 0.000266667 0 0.000266667 0 0 0 0 0
Strain mean -9.29529e-21 0.000266667 1.0968e-18 0.000266667 3.15973e-35 -5.71371e-19 1.0968e-18 -5.71371e-19 6.13138e-35
Plastic strain_mean -1.90543e-20 7.64748e-10 0 7.64748e-10 1.90543e-20 0 0 0 0
Plastic strain_rate_mean 0 0 0 0 0 0 0 0 0
Dissipation 3.34635e-08
End step 8
Begin step 9
Stress 1.62332e-14 59.9993 1.28079e-12 59.9993 9.48652e-15 2.12131e-13 1.28079e-12 2.12131e-13 7.72277e-15
Strain 0 0.0003 0 0.0003 0 0 0 0 0
Strain mean 5.1371e-20 0.0003 6.40395e-18 0.0003 -1.17361e-34 1.06065e-18 6.40395e-18 1.06065e-18 -8.17016e-34
Plastic strain_mean 8.81874e-21 3.49959e-09 0 3.49959e-09 -8.81874e-21 0 0 0 0
Plastic strain_rate_mean 0 0 0 0 0 0 0 0 0
Dissipation 1.64089e-07
End step 9
Begin step 10
Stress -1.14137e-14 66.6639 -3.584e-12 66.6639 3.75915e-14 2.51376e-12 -3.584e-12 2.51376e-12 7.86033e-15
Strain 0 0.000333333 0 0.000333333 0 0 0 0 0
Strain mean 5.2286e-20 0.000333333 -1.792e-17 0.000333333 -6.31946e-35 1.25688e-17 -1.792e-17 1.25688e-17 -2.72038e-33
Plastic strain_mean 1.48656e-19 1.37029e-08 0 1.37029e-08 -1.48656e-19 0 0 0 0
Plastic strain_rate_mean 0 0 0 0 0 0 0 0 0
Dissipation 6.80191e-07
End step 10
Begin step 11
Stress -8.64393e-14 73.3239 -3.53188e-12 73.3239 1.08676e-13 2.75801e-12 -3.53188e-12 2.75801e-12 6.67691e-15
Strain 0 0.000366667 0 0.000366667 0 0 0 0 0
Strain mean 4.4414e-20 0.000366667 -1.76594e-17 0.000366667 -1.31204e-33 1.379e-17 -1.76594e-17 1.379e-17 -3.0213e-33
Plastic strain_mean 5.09995e-19 4.72512e-08 0 4.72512e-08 -5.09995e-19 0 0 0 0
Plastic strain_rate_mean 0 0 0 0 0 0 0 0 0
Dissipation 2.45989e-06
End step 11
Begin step 12
Stress -8.70799e-14 79.9707 2.39026e-12 79.9707 1.17446e-13 -1.37954e-12 2.39026e-12 -1.37954e-12 9.11798e-15
Strain 0 0.0004 0 0.0004 0 0 0 0 0
Strain mean 6.06517e-20 0.0004 1.19513e-17 0.0004 7.42687e-33 -6.89769e-18 1.19513e-17 -6.89769e-18 3.85637e-33
Plastic strain_mean 5.41641e-19 1.46502e-07 0 1.46502e-07 -5.41641e-19 0 0 0 0
Plastic strain_rate_mean 0 0 0 0 0 0 0 0 0
Dissipation 7.93714e-06
End step 12
Begin step 13
Stress -1.75551e-13 86.5838 4.31418e-12 86.5838 1.90051e-13 -2.38265e-12 4.31418e-12 -2.38265e-12 4.35375e-15
Strain 0 0.000433333 0 0.000433333 0 0 0 0 0
Strain mean 2.89606e-20 0.000433333 2.15709e-17 0.000433333 -3.45795e-32 -1.19132e-17 2.15709e-17 -1.19132e-17 6.55568e-33
Plastic strain_mean 9.28484e-19 4.14444e-07 0 4.14444e-07 -9.28484e-19 0 0 0 0
Plastic strain_rate_mean 0 0 0 0 0 0 0 0 0
Dissipation 2.31994e-05
End step 13
Begin step 14
Stress -5.2828e-13 93.1174 7.60976e-12 93.1174 5.25604e-13 -3.9117e-12 7.60976e-12 -3.9117e-12 -8.035e-16
Strain 0 0.000466667 0 0.000466667 0 0 0 0 0
Strain mean -5.34479e-21 0.000466667 3.80488e-17 0.000466667 5.67547e-33 -1.95585e-17 3.80488e-17 -1.95585e-17 8.46506e-33
Plastic strain_mean 2.63204e-18 1.07962e-06 0 1.07962e-06 -2.63204e-18 0 0 0 0
Plastic strain_rate_mean 0 0 0 0 0 0 0 0 0
Dissipation 6.19391e-05
End step 14
Begin step 15
Stress -7.93433e-13 99.4802 -1.86983e-12 99.4802 7.53468e-13 3.69451e-13 -1.86983e-12 3.69451e-13 -1.20001e-14
Strain 0 0.0005 0 0.0005 0 0 0 0 0
Strain mean -7.98233e-20 0.0005 -9.34913e-18 0.0005 -9.54298e-32 1.84725e-18 -9.34913e-18 1.84725e-18 -3.90452e-33
Plastic strain_mean 3.82734e-18 2.59906e-06 0 2.59906e-06 -3.82734e-18 0 0 0 0
Plastic strain_rate_mean 0 0 0 0 0 0 0 0 0
Dissipation 0.000151153
End step 15
Begin step 16
Stress -7.83906e-13 105.513 -4.1295e-13 105.513 8.11888e-13 4.54967e-14 -4.1295e-13 4.54967e-14 8.40181e-15
Strain 0 0.000533333 0 0.000533333 0 0 0 0 0
Strain mean 5.58879e-20 0.000533333 -2.06475e-18 0.000533333 1.65437e-31 2.27483e-19 -2.06475e-18 2.27483e-19 -7.16205e-34
Plastic strain_mean 4.01743e-18 5.76963e-06 0 5.76963e-06 -4.01743e-18 0 0 0 0
Plastic strain_rate_mean 0 0 0 0 0 0 0 0 0
Dissipation 0.000334528
End step 16
Begin step 17
Stress -7.54845e-13 110.987 2.78602e-12 110.987 7.65229e-13 4.62708e-15 2.78602e-12 4.62708e-15 3.11793e-15
Strain 0 0.000566667 0 0.000566667 0 0 0 0 0
Strain mean 2.07401e-20 0.000566667 1.39301e-17 0.000566667 -9.56224e-32 2.31354e-20 1.39301e-17 2.31354e-20 3.09954e-34
Plastic strain_mean 3.81055e-18 1.17324e-05 0 1.17324e-05 -3.81055e-18 0 0 0 0
Plastic strain_rate_mean 0 0 0 0 0 0 0 0 0
Dissipation 0.000661756
End step 17
Begin step 18
Stress -3.3872e-12 115.659 -2.30995e-12 115.659 3.35733e-12 8.67848e-12 -2.30995e-12 8.67848e-12 -8.9695e-15
Strain 0 0.0006 0 0.0006 0 0 0 0 0
Strain mean -5.96641e-20 0.0006 -1.15497e-17 0.0006 7.54002e-32 4.33924e-17 -1.15497e-17 4.33924e-17 -2.26297e-33
Plastic strain_mean 1.68315e-17 2.17056e-05 0 2.17056e-05 -1.68315e-17 0 0 0 0
Plastic strain_rate_mean 0 0 0 0 0 0 0 0 0
Dissipation 0.00115341
End step 18
Begin step 19
Stress -1.18215e-12 119.37 2.68431e-12 119.37 1.14831e-12 -1.88975e-12 2.68431e-12 -1.88975e-12 -1.01617e-14
Strain 0 0.000633333 0 0.000633333 0 0 0 0 0
Strain mean -6.75942e-20 0.000633333 1.34215e-17 0.000633333 -2.46519e-32 -9.44876e-18 1.34215e-17 -9.44876e-18 -2.98218e-33
Plastic strain_mean 5.79236e-18 3.64839e-05 0 3.64839e-05 -5.79236e-18 0 0 0 0
Plastic strain_rate_mean 0 0 0 0 0 0 0 0 0
Dissipation 0.00176387
End step 19
Begin step 20
Stress 7.74842e-13 122.117 2.77979e-14 122.117 -7.56227e-13 5.31841e-13 2.77979e-14 5.31841e-13 5.58956e-15
Strain 0 0.000666667 0 0.000666667 0 0 0 0 0
Strain mean 3.71811e-20 0.000666667 1.3899e-19 0.000666667 -8.54631e-34 2.65921e-18 1.3899e-19 2.65921e-18 -3.97223e-34
Plastic strain_mean -3.80908e-18 5.60841e-05 0 5.60841e-05 3.80908e-18 0 0 0 0
Plastic strain_rate_mean 0 0 0 0 0 0 0 0 0
Dissipation 0.00239306
End step 20
Begin step 21
Stress -8.10951e-13 124.032 8.35792e-13 124.032 8.9949e-13 7.14742e-12 8.35792e-13 7.14742e-12 2.65854e-14
Strain 0 0.0007 0 0.0007 0 0 0 0 0
Strain mean 1.76843e-19 0.0007 4.17896e-18 0.0007 1.12667e-32 3.57371e-17 4.17896e-18 3.57371e-17 -3.64723e-33
Plastic strain_mean 4.36452e-18 7.9838e-05 0 7.9838e-05 -4.36452e-18 0 0 0 0
Plastic strain_rate_mean 0 0 0 0 0 0 0 0 0
Dissipation 0.00294552
End step 21
Begin step 22
Stress -3.85976e-13 125.312 -9.44618e-13 125.312 3.76029e-13 2.92682e-12 -9.44618e-13 2.92682e-12 -2.98692e-15
Strain 0 0.000733333 0 0.000733333 0 0 0 0 0
Strain mean -1.98687e-20 0.000733333 -4.72309e-18 0.000733333 -3.75556e-33 1.46341e-17 -4.72309e-18 1.46341e-17 1.92743e-33
Plastic strain_mean 1.89508e-18 0.000106772 0 0.000106772 -1.89508e-18 0 0 0 0
Plastic strain_rate_mean 0 0 0 0 0 0 0 0 0
Dissipation 0.00337408
End step 22
Begin step 23
Stress 2.23644e-12 126.144 -5.96244e-13 126.144 -2.18437e-12 2.56384e-12 -5.96244e-13 2.56384e-12 1.56333e-14
Strain 0 0.000766667 0 0.000766667 0 0 0 0 0
Strain mean 1.03991e-19 0.000766667 -2.98122e-18 0.000766667 2.35926e-33 1.28192e-17 -2.98122e-18 1.28192e-17 -1.99815e-33
Plastic strain_mean -1.1e-17 0.000135945 0 0.000135945 1.1e-17 0 0 0 0
Plastic strain_rate_mean 0 0 0 0 0 0 0 0 0
Dissipation 0.00367853
End step 23
Begin step 24
Stress -2.33443e-13 126.678 -4.91195e-13 126.678 2.41078e-13 1.17642e-12 -4.91195e-13 1.17642e-12 2.29259e-15
Strain 0 0.0008 0 0.0008 0 0 0 0 0
Strain mean 1.52501e-20 0.0008 -2.45598e-18 0.0008 -2.00297e-32 5.88208e-18 -2.45598e-18 5.88208e-18 5.44677e-34
Plastic strain_mean 1.19393e-18 0.000166609 0 0.000166609 -1.19393e-18 0 0 0 0
Plastic strain_rate_mean 0 0 0 0 0 0 0 0 0
Dissipation 0.00388248
End step 24
Begin step 25
Stress -6.65088e-13 127.021 -7.6787e-13 127.021 5.9784e-13 1.23043e-12 -7.6787e-13 1.23043e-12 -2.01923e-14
Strain 0 0.000833333 0 0.000833333 0 0 0 0 0
Strain mean -1.34317e-19 0.000833333 -3.83935e-18 0.000833333 -5.77177e-33 6.15217e-18 -3.83935e-18 6.15217e-18 -1.31204e-33
Plastic strain_mean 3.09016e-18 0.000198229 0 0.000198229 -3.09016e-18 0 0 0 0
Plastic strain_rate_mean 0 0 0 0 0 0 0 0 0
Dissipation 0.00401409
End step 25
Begin step 26
Stress -1.07414e-12 127.244 -1.69881e-13 127.244 1.00349e-12 7.97037e-13 -1.69881e-13 7.97037e-13 -2.12141e-14
Strain 0 0.000866667 0 0.000866667 0 0 0 0 0
Strain mean -1.41114e-19 0.000866667 -8.49406e-19 0.000866667 1.3963e-33 3.98518e-18 -8.49406e-19 3.98518e-18 2.26447e-33
Plastic strain_mean 5.12351e-18 0.000230448 0 0.000230448 -5.12351e-18 0 0 0 0
Plastic strain_rate_mean 0 0 0 0 0 0 0 0 0
Dissipation 0.00409713
End step 26
Begin step 27
Stress -1.09687e-12 127.392 -6.01395e-13 127.392 1.15356e-12 9.74504e-13 -6.01395e-13 9.74504e-13 1.7022e-14
Strain 0 0.0009 0 0.0009 0 0 0 0 0
Strain mean 1.13228e-19 0.0009 -3.00698e-18 0.0009 8.70881e-33 4.87252e-18 -3.00698e-18 4.87252e-18 4.16783e-33
Plastic strain_mean 5.6827e-18 0.00026304 0 0.00026304 -5.6827e-18 0 0 0 0
Plastic strain_rate_mean 0 0 0 0 0 0 0 0 0
Dissipation 0.00414888
End step 27
Begin step 28
Stress -6.38403e-13 127.495 -8.54362e-13 127.495 7.17751e-13 3.79599e-13 -8.54362e-13 3.79599e-13 2.38255e-14
Strain 0 0.000933333 0 0.000933333 0 0 0 0 0
Strain mean 1.58485e-19 0.000933333 -4.27181e-18 0.000933333 6.45187e-33 1.89799e-18 -4.27181e-18 1.89799e-18 2.06737e-33
Plastic strain_mean 3.46963e-18 0.000295859 0 0.000295859 -3.46963e-18 0 0 0 0
Plastic strain_rate_mean 0 0 0 0 0 0 0 0 0
Dissipation 0.00418098
End step 28
Begin step 29
Stress 4.94801e-13 127.57 9.08996e-13 127.57 -5.06494e-13 -5.35021e-13 9.08996e-13 -5.35021e-13 -3.51095e-15
Strain 0 0.000966667 0 0.000966667 0 0 0 0 0
Strain mean -2.33544e-20 0.000966667 4.54498e-18 0.000966667 -1.97408e-32 -2.67511e-18 4.54498e-18 -2.67511e-18 1.6551e-33
Plastic strain_mean -2.51492e-18 0.000328818 0 0.000328818 2.51492e-18 0 0 0 0
Plastic strain_rate_mean 0 0 0 0 0 0 0 0 0
Dissipation 0.00420092
End step 29
Begin step 30
Stress -1.1421e-12 127.627 2.31473e-12 127.627 1.13646e-12 6.55643e-13 2.31473e-12 6.55643e-13 -1.69434e-15
Strain 0 0.001 0 0.001 0 0 0 0 0
Strain mean -1.12705e-20 0.001 1.15737e-17 0.001 -1.88356e-31 3.27822e-18 1.15737e-17 3.27822e-18 -1.87628e-33
Plastic strain_mean 5.69075e-18 0.000361863 0 0.000361863 -5.69075e-18 0 0 0 0
Plastic strain_rate_mean 0 0 0 0 0 0 0 0 0
Dissipation 0.00421339
End step 30
