Begin step 0
Stress 0 0 0 0 0 0 0 0 0
Strain 0 0 0 0 0 0 0 0 0
Strain mean 0 0 0 0 0 0 0 0 0
Plastic strain_mean 0 0 0 0 0 0 0 0 0
Plastic strain_rate_mean 0 0 0 0 0 0 0 0 0
Dissipation 0
End step 0
Begin step 1
Stress 4.19779e-13 60.5108 7.80318e-13 60.5108 -4.05759e-13 -1.22819e-12 7.80318e-13 -1.22819e-12 4.20964e-15
Strain 0 0.000333333 0 0.000333333 0 0 0 0 0
Strain mean 2.8002e-20 0.000333333 3.90159e-18 0.000333333 7.87525e-33 -6.14096e-18 3.90159e-18 -6.14096e-18 -5.2301e-33
Plastic strain_mean -2.04984e-18 3.07793e-05 0 3.07793e-05 2.04984e-18 0 0 0 0
Plastic strain_rate_mean 0 0 0 0 0 0 0 0 0
Dissipation 0.00186208
End step 1
Begin step 2
Stress 2.25227e-12 95.2877 1.27792e-12 95.2877 -2.2111e-12 2.73756e-12 1.27792e-12 2.73756e-12 1.23625e-14
Strain 0 0.000666667 0 0.000666667 0 0 0 0 0
Strain mean 8.22342e-20 0.000666667 6.38962e-18 0.000666667 -2.29908e-33 1.36878e-17 6.38962e-18 1.36878e-17 4.25962e-33
Plastic strain_mean -1.11173e-17 0.000190228 0 0.000190228 1.11173e-17 0 0 0 0
Plastic strain_rate_mean 0 0 0 0 0 0 0 0 0
Dissipation 0.0151793
End step 2
Begin step 3
Stress 2.95378e-12 100.204 -9.95418e-14 100.204 -3.00407e-12 5.43356e-12 -9.95418e-14 5.43356e-12 -1.51006e-14
Strain 0 0.001 0 0.001 0 0 0 0 0
Strain mean -1.00447e-19 0.001 -4.97709e-19 0.001 -2.52778e-34 2.71678e-17 -4.97709e-19 2.71678e-17 8.68324e-33
Plastic strain_mean -1.49449e-17 0.000498978 0 0.000498978 1.49449e-17 0 0 0 0
Plastic strain_rate_mean 0 0 0 0 0 0 0 0 0
Dissipation 0.0308881
End step 3
Begin step 4
Stress 4.03101e-12 100.773 -4.02825e-12 100.773 -4.04596e-12 4.47522e-12 -4.02825e-12 4.47522e-12 -4.48912e-15
Strain 0 0.00133333 0 0.00133333 0 0 0 0 0
Strain mean -2.98611e-20 0.00133333 -2.01412e-17 0.00133333 2.29908e-33 2.23761e-17 -2.01412e-17 2.23761e-17 4.15279e-33
Plastic strain_mean -2.02074e-17 0.000829467 0 0.000829467 2.02074e-17 0 0 0 0
Plastic strain_rate_mean 0 0 0 0 0 0 0 0 0
Dissipation 0.033232
End step 4
Begin step 5
Stress 2.05334e-13 101.017 -2.89452e-12 101.017 -2.51407e-13 3.18476e-12 -2.89452e-12 3.18476e-12 -1.38342e-14
Strain 0 0.00166667 0 0.00166667 0 0 0 0 0
Strain mean -9.20233e-20 0.00166667 -1.44726e-17 0.00166667 -9.21588e-34 1.59238e-17 -1.44726e-17 1.59238e-17 -1.90487e-33
Plastic strain_mean -1.18786e-18 0.00116158 0 0.00116158 1.18786e-18 0 0 0 0
Plastic strain_rate_mean 0 0 0 0 0 0 0 0 0
Dissipation 0.0334595
End step 5
Begin step 6
Stress -4.26505e-13 101.234 -2.17972e-12 101.234 6.65654e-13 1.39669e-12 -2.17972e-12 1.39669e-12 7.18084e-14
Strain 0 0.002 0 0.002 0 0 0 0 0
Strain mean 4.77662e-19 0.002 -1.08986e-17 0.002 2.66501e-32 6.98343e-18 -1.08986e-17 6.98343e-18 -1.21574e-33
Plastic strain_mean 2.96923e-18 0.00149383 0 0.00149383 -2.96923e-18 0 0 0 0
Plastic strain_rate_mean 0 0 0 0 0 0 0 0 0
Dissipation 0.03353
End step 6
Begin step 7
Stress -6.13782e-13 101.447 -1.20813e-12 101.447 5.8167e-13 1.32314e-12 -1.20813e-12 1.32314e-12 -9.642e-15
Strain 0 0.00233333 0 0.00233333 0 0 0 0 0
Strain mean -6.41375e-20 0.00233333 -6.04067e-18 0.00233333 2.82871e-33 6.6157e-18 -6.04067e-18 6.6157e-18 -3.62616e-33
Plastic strain_mean 2.95656e-18 0.0018261 0 0.0018261 -2.95656e-18 0 0 0 0
Plastic strain_rate_mean 0 0 0 0 0 0 0 0 0
Dissipation 0.0335891
End step 7
Begin step 8
Stress -6.13823e-13 101.657 -8.25383e-13 101.657 7.25137e-13 8.79149e-13 -8.25383e-13 8.79149e-13 3.34239e-14
Strain 0 0.00266667 0 0.00266667 0 0 0 0 0
Strain mean 2.22332e-19 0.00266667 -4.12691e-18 0.00266667 7.22224e-35 4.39575e-18 -4.12691e-18 4.39575e-18 -1.65359e-33
Plastic strain_mean 3.45856e-18 0.00215838 0 0.00215838 -3.45856e-18 0 0 0 0
Plastic strain_rate_mean 0 0 0 0 0 0 0 0 0
Dissipation 0.0336471
End step 8
Begin step 9
Stress -5.62982e-13 101.865 -5.32761e-13 101.865 6.36512e-13 6.39417e-13 -5.32761e-13 6.39417e-13 2.20788e-14
Strain 0 0.003 0 0.003 0 0 0 0 0
Strain mean 1.46866e-19 0.003 -2.6638e-18 0.003 -7.52316e-34 3.19708e-18 -2.6638e-18 3.19708e-18 -1.40533e-33
Plastic strain_mean 3.07217e-18 0.00249067 0 0.00249067 -3.07217e-18 0 0 0 0
Plastic strain_rate_mean 0 0 0 0 0 0 0 0 0
Dissipation 0.0337048
End step 9
Begin step 10
Stress -7.43082e-13 102.073 -3.4089e-13 102.073 3.90321e-13 4.97088e-13 -3.4089e-13 4.97088e-13 -1.05922e-13
Strain 0 0.00333333 0 0.00333333 0 0 0 0 0
Strain mean -7.04583e-19 0.00333333 -1.70445e-18 0.00333333 -1.26389e-34 2.48544e-18 -1.70445e-18 2.48544e-18 -1.37448e-33
Plastic strain_mean 2.48122e-18 0.00282297 0 0.00282297 -2.48122e-18 0 0 0 0
Plastic strain_rate_mean 0 0 0 0 0 0 0 0 0
Dissipation 0.0337624
End step 10
Begin step 11
Stress -2.49485e-13 102.279 -2.21178e-13 102.279 4.9038e-13 4.01923e-13 -2.21178e-13 4.01923e-13 7.23325e-14
Strain 0 0.00366667 0 0.00366667 0 0 0 0 0
Strain mean 4.81147e-19 0.00366667 -1.10589e-18 0.00366667 4.54399e-34 2.00961e-18 -1.10589e-18 2.00961e-18 -7.76014e-34
Plastic strain_mean 2.09024e-18 0.00315527 0 0.00315527 -2.09024e-18 0 0 0 0
Plastic strain_rate_mean 0 0 0 0 0 0 0 0 0
Dissipation 0.03382
End step 11
Begin step 12
Stress 2.52228e-13 102.485 3.61732e-12 102.485 -1.68342e-13 1.84042e-12 3.61732e-12 1.84042e-12 2.5188e-14
Strain 0 0.004 0 0.004 0 0 0 0 0
Strain mean 1.67548e-19 0.004 1.80866e-17 0.004 2.19075e-33 9.20212e-18 1.80866e-17 9.20212e-18 -2.41343e-33
Plastic strain_mean -9.6765e-19 0.00348757 0 0.00348757 9.6765e-19 0 0 0 0
Plastic strain_rate_mean 0 0 0 0 0 0 0 0 0
Dissipation 0.0338776
End step 12
Begin step 13
Stress 4.60737e-13 102.691 2.68862e-12 102.691 2.37048e-13 1.49433e-12 2.68862e-12 1.49433e-12 2.09521e-13
Strain 0 0.00433333 0 0.00433333 0 0 0 0 0
Strain mean 1.39371e-18 0.00433333 1.34431e-17 0.00433333 -2.33519e-33 7.47167e-18 1.34431e-17 7.47167e-18 -1.25787e-33
Plastic strain_mean 1.37635e-19 0.00381988 0 0.00381988 -1.37635e-19 0 0 0 0
Plastic strain_rate_mean 0 0 0 0 0 0 0 0 0
Dissipation 0.0339352
End step 13
Begin step 14
Stress 1.86042e-13 102.896 2.01537e-12 102.896 1.65003e-13 1.26407e-12 2.01537e-12 1.26407e-12 1.05407e-13
Strain 0 0.00466667 0 0.00466667 0 0 0 0 0
Strain mean 7.01155e-19 0.00466667 1.00768e-17 0.00466667 4.45371e-34 6.32036e-18 1.00768e-17 6.32036e-18 -1.22176e-33
Plastic strain_mean 2.9798e-19 0.00415219 0 0.00415219 -2.9798e-19 0 0 0 0
Plastic strain_rate_mean 0 0 0 0 0 0 0 0 0
Dissipation 0.0339929
End step 14
Begin step 15
Stress -4.12356e-13 103.1 1.58771e-12 103.1 -2.35343e-14 1.03865e-12 1.58771e-12 1.03865e-12 -1.30883e-13
Strain 0 0.005 0 0.005 0 0 0 0 0
Strain mean -8.7062e-19 0.005 7.93853e-18 0.005 6.01853e-35 5.19327e-18 7.93853e-18 5.19327e-18 -9.53937e-34
Plastic strain_mean 5.36744e-19 0.0044845 0 0.0044845 -5.36744e-19 0 0 0 0
Plastic strain_rate_mean 0 0 0 0 0 0 0 0 0
Dissipation 0.0340506
End step 15
Begin step 16
Stress 7.39561e-13 103.305 1.03443e-12 103.305 2.02318e-13 8.70146e-13 1.03443e-12 8.70146e-13 2.82815e-13
Strain 0 0.00533333 0 0.00533333 0 0 0 0 0
Strain mean 1.88125e-18 0.00533333 5.17216e-18 0.00533333 -7.94446e-34 4.35073e-18 5.17216e-18 4.35073e-18 -9.99076e-34
Plastic strain_mean -4.02484e-19 0.00481681 0 0.00481681 4.02484e-19 0 0 0 0
Plastic strain_rate_mean 0 0 0 0 0 0 0 0 0
Dissipation 0.0341084
End step 16
Begin step 17
Stress 1.34397e-14 103.51 9.98607e-13 103.51 8.28366e-14 7.24896e-13 9.98607e-13 7.24896e-13 2.89085e-14
Strain 0 0.00566667 0 0.00566667 0 0 0 0 0
Strain mean 1.92296e-19 0.00566667 4.99304e-18 0.00566667 -1.90787e-33 3.62448e-18 4.99304e-18 3.62448e-18 -9.76507e-34
Plastic strain_mean 2.69641e-19 0.00514912 0 0.00514912 -2.69641e-19 0 0 0 0
Plastic strain_rate_mean 0 0 0 0 0 0 0 0 0
Dissipation 0.0341662
End step 17
Begin step 18
Stress 1.30788e-12 103.714 9.4907e-12 103.714 -2.34976e-12 6.18857e-13 9.4907e-12 6.18857e-13 -3.12841e-13
Strain 0 0.006 0 0.006 0 0 0 0 0
Strain mean -2.08098e-18 0.006 4.74535e-17 0.006 3.85788e-33 3.09429e-18 4.74535e-17 3.09429e-18 -1.67014e-33
Plastic strain_mean -1.01846e-17 0.00548143 0 0.00548143 1.01846e-17 0 0 0 0
Plastic strain_rate_mean 0 0 0 0 0 0 0 0 0
Dissipation 0.0342241
End step 18
Begin step 19
Stress 1.71224e-12 103.918 7.99437e-12 103.918 -1.87629e-12 5.46596e-13 7.99437e-12 5.46596e-13 -4.9258e-14
Strain 0 0.00633333 0 0.00633333 0 0 0 0 0
Strain mean -3.27659e-19 0.00633333 3.99718e-17 0.00633333 2.93102e-33 2.73298e-18 3.99718e-17 2.73298e-18 -7.01911e-34
Plastic strain_mean -9.13514e-18 0.00581374 0 0.00581374 9.13514e-18 0 0 0 0
Plastic strain_rate_mean 0 0 0 0 0 0 0 0 0
Dissipation 0.0342821
End step 19
Begin step 20
Stress 1.6457e-12 104.123 6.17268e-12 104.123 -1.37415e-12 4.73427e-13 6.17268e-12 4.73427e-13 8.15378e-14
Strain 0 0.00666667 0 0.00666667 0 0 0 0 0
Strain mean 5.4238e-19 0.00666667 3.08634e-17 0.00666667 3.16274e-33 2.36713e-18 3.08634e-17 2.36713e-18 -1.4294e-34
Plastic strain_mean -7.27841e-18 0.00614605 0 0.00614605 7.27841e-18 0 0 0 0
Plastic strain_rate_mean 0 0 0 0 0 0 0 0 0
Dissipation 0.0343401
End step 20
Begin step 21
Stress 1.11789e-12 104.327 5.26273e-12 104.327 -1.38612e-12 4.27692e-13 5.26273e-12 4.27692e-13 -8.05421e-14
Strain 0 0.007 0 0.007 0 0 0 0 0
Strain mean -5.35757e-19 0.007 2.63136e-17 0.007 3.66453e-33 2.13846e-18 2.63136e-17 2.13846e-18 -5.05557e-34
Plastic strain_mean -6.5279e-18 0.00647836 0 0.00647836 6.5279e-18 0 0 0 0
Plastic strain_rate_mean 0 0 0 0 0 0 0 0 0
Dissipation 0.0343982
End step 21
Begin step 22
Stress 7.33985e-13 104.532 4.66791e-12 104.532 -1.19541e-12 3.53556e-13 4.66791e-12 3.53556e-13 -1.38551e-13
Strain 0 0.00733333 0 0.00733333 0 0 0 0 0
Strain mean -9.21628e-19 0.00733333 2.33396e-17 0.00733333 3.34028e-34 1.76778e-18 2.33396e-17 1.76778e-18 -7.08682e-34
Plastic strain_mean -5.28431e-18 0.00681068 0 0.00681068 5.28431e-18 0 0 0 0
Plastic strain_rate_mean 0 0 0 0 0 0 0 0 0
Dissipation 0.0344563
End step 22
Begin step 23
Stress 1.41845e-12 104.736 3.79617e-12 104.736 -6.59173e-13 3.04532e-13 3.79617e-12 3.04532e-13 2.27984e-13
Strain 0 0.00766667 0 0.00766667 0 0 0 0 0
Strain mean 1.51653e-18 0.00766667 1.89809e-17 0.00766667 -1.51667e-33 1.52266e-18 1.89809e-17 1.52266e-18 5.35649e-34
Plastic strain_mean -4.43579e-18 0.00714299 0 0.00714299 4.43579e-18 0 0 0 0
Plastic strain_rate_mean 0 0 0 0 0 0 0 0 0
Dissipation 0.0345145
End step 23
Begin step 24
Stress 9.3073e-13 104.94 2.74943e-12 104.94 -1.02613e-12 2.58598e-13 2.74943e-12 2.58598e-13 -2.86465e-14
Strain 0 0.008 0 0.008 0 0 0 0 0
Strain mean -1.90553e-19 0.008 1.37471e-17 0.008 -9.90048e-34 1.29299e-18 1.37471e-17 1.29299e-18 -8.5576e-34
Plastic strain_mean -4.98744e-18 0.0074753 0 0.0074753 4.98744e-18 0 0 0 0
Plastic strain_rate_mean 0 0 0 0 0 0 0 0 0
Dissipation 0.0345727
End step 24
Begin step 25
Stress 1.819e-13 105.145 2.36879e-12 105.145 -7.506e-13 2.18196e-13 2.36879e-12 2.18196e-13 -1.70761e-13
Strain 0 0.00833333 0 0.00833333 0 0 0 0 0
Strain mean -1.13588e-18 0.00833333 1.18439e-17 0.00833333 1.64456e-33 1.09098e-18 1.18439e-17 1.09098e-18 -8.95256e-35
Plastic strain_mean -2.89919e-18 0.00780761 0 0.00780761 2.89919e-18 0 0 0 0
Plastic strain_rate_mean 0 0 0 0 0 0 0 0 0
Dissipation 0.034631
End step 25
Begin step 26
Stress 9.30727e-13 105.349 3.96871e-12 105.349 -1.53491e-12 1.15162e-12 3.96871e-12 1.15162e-12 -1.81416e-13
Strain 0 0.00866667 0 0.00866667 0 0 0 0 0
Strain mean -1.20676e-18 0.00866667 1.98436e-17 0.00866667 -1.10741e-33 5.75812e-18 1.98436e-17 5.75812e-18 -4.39353e-33
Plastic strain_mean -6.76748e-18 0.00813992 0 0.00813992 6.76748e-18 0 0 0 0
Plastic strain_rate_mean 0 0 0 0 0 0 0 0 0
Dissipation 0.0346894
End step 26
Begin step 27
Stress 1.20607e-12 105.554 3.33114e-12 105.554 -1.28827e-12 9.82816e-13 3.33114e-12 9.82816e-13 -2.46814e-14
Strain 0 0.009 0 0.009 0 0 0 0 0
Strain mean -1.64178e-19 0.009 1.66557e-17 0.009 -2.35926e-33 4.91408e-18 1.66557e-17 4.91408e-18 -2.84075e-33
Plastic strain_mean -6.31796e-18 0.00847223 0 0.00847223 6.31796e-18 0 0 0 0
Plastic strain_rate_mean 0 0 0 0 0 0 0 0 0
Dissipation 0.0347478
End step 27
Begin step 28
Stress 8.63183e-13 105.759 2.95394e-12 105.759 -1.19762e-12 7.99738e-13 2.95394e-12 7.99738e-13 -1.0042e-13
Strain 0 0.00933333 0 0.00933333 0 0 0 0 0
Strain mean -6.67982e-19 0.00933333 1.47697e-17 0.00933333 -1.11945e-33 3.99869e-18 1.47697e-17 3.99869e-18 -2.65417e-33
Plastic strain_mean -5.486e-18 0.00880454 0 0.00880454 5.486e-18 0 0 0 0
Plastic strain_rate_mean 0 0 0 0 0 0 0 0 0
Dissipation 0.0348062
End step 28
Begin step 29
Stress 1.65188e-12 105.963 2.42763e-12 105.963 -9.87308e-13 6.96824e-13 2.42763e-12 6.96824e-13 1.99547e-13
Strain 0 0.00966667 0 0.00966667 0 0 0 0 0
Strain mean 1.32737e-18 0.00966667 1.21382e-17 0.00966667 2.7926e-33 3.48412e-18 1.21382e-17 3.48412e-18 -2.08843e-33
Plastic strain_mean -5.93428e-18 0.00913685 0 0.00913685 5.93428e-18 0 0 0 0
Plastic strain_rate_mean 0 0 0 0 0 0 0 0 0
Dissipation 0.0348647
End step 29
Begin step 30
Stress 5.56581e-13 106.168 2.33737e-12 106.168 -8.76299e-13 6.05211e-13 2.33737e-12 6.05211e-13 -9.60008e-14
Strain 0 0.01 0 0.01 0 0 0 0 0
Strain mean -6.38586e-19 0.01 1.16868e-17 0.01 2.88889e-34 3.02605e-18 1.16868e-17 3.02605e-18 -1.84167e-33
Plastic strain_mean -3.90149e-18 0.00946916 0 0.00946916 3.90149e-18 0 0 0 0
Plastic strain_rate_mean 0 0 0 0 0 0 0 0 0
Dissipation 0.0349233
End step 30
