Begin step 0
Stress 0 0 0 0 0 0 0 0 0
Strain 0 0 0 0 0 0 0 0 0
Strain mean 0 0 0 0 0 0 0 0 0
Plastic strain_mean 0 0 0 0 0 0 0 0 0
Plastic strain_rate_mean 0 0 0 0 0 0 0 0 0
Dissipation 0
End step 0
Begin step 1
Stress -1.24354e-16 6.66453 -6.69622e-14 6.66453 4.91571e-16 1.72495e-12 -6.69622e-14 1.72495e-12 1.10263e-16
Strain 0 3.33333e-05 0 3.33333e-05 0 0 0 0 0
Strain mean 7.33456e-22 3.33333e-05 -3.34811e-19 3.33333e-05 6.01853e-34 8.62473e-18 -3.34811e-19 8.62473e-18 1.6393e-33
Plastic strain_mean 1.90654e-21 1.07067e-08 0 1.07067e-08 -1.90654e-21 0 0 0 0
Plastic strain_rate_mean 0 0 0 0 0 0 0 0 0
Dissipation 7.13552e-08
End step 1
Begin step 2
Stress 2.00825e-14 13.3269 2.55e-12 13.3269 -1.58068e-14 1.77899e-12 2.55e-12 1.77899e-12 1.28385e-15
Strain 0 6.66667e-05 0 6.66667e-05 0 0 0 0 0
Strain mean 8.54004e-21 6.66667e-05 1.275e-17 6.66667e-05 -1.28484e-31 8.89494e-18 1.275e-17 8.89494e-18 4.46575e-33
Plastic strain_mean -8.54531e-20 3.21167e-08 0 3.21167e-08 8.54531e-20 0 0 0 0
Plastic strain_rate_mean 0 0 0 0 0 0 0 0 0
Dissipation 2.85329e-07
End step 2
Begin step 3
Stress -2.09192e-14 19.9872 -5.5945e-14 19.9872 2.48895e-14 7.63239e-12 -5.5945e-14 7.63239e-12 1.19215e-15
Strain 0 0.0001 0 0.0001 0 0 0 0 0
Strain mean 7.93004e-21 0.0001 -2.79725e-19 0.0001 4.19853e-32 3.8162e-17 -2.79725e-19 3.8162e-17 -1.625e-34
Plastic strain_mean 1.18487e-19 6.42266e-08 0 6.42266e-08 -1.18487e-19 0 0 0 0
Plastic strain_rate_mean 0 0 0 0 0 0 0 0 0
Dissipation 6.41784e-07
End step 3
Begin step 4
Stress -4.10262e-14 26.6453 -5.68481e-14 26.6453 7.44975e-14 7.64153e-12 -5.68481e-14 7.64153e-12 1.00503e-14
Strain 0 0.000133333 0 0.000133333 0 0 0 0 0
Strain mean 6.68534e-20 0.000133333 -2.8424e-19 0.000133333 -2.00778e-32 3.82077e-17 -2.8424e-19 3.82077e-17 -5.77779e-34
Plastic strain_mean 3.22236e-19 1.07033e-07 0 1.07033e-07 -3.22236e-19 0 0 0 0
Plastic strain_rate_mean 0 0 0 0 0 0 0 0 0
Dissipation 1.14058e-06
End step 4
Begin step 5
Stress -9.80673e-14 33.3012 -6.44911e-14 33.3012 1.08498e-13 7.67653e-12 -6.44911e-14 7.67653e-12 3.13212e-15
Strain 0 0.000166667 0 0.000166667 0 0 0 0 0
Strain mean 2.08345e-20 0.000166667 -3.22456e-19 0.000166667 -6.94298e-32 3.83827e-17 -3.22456e-19 3.83827e-17 -1.92593e-34
Plastic strain_mean 5.26832e-19 1.60532e-07 0 1.60532e-07 -5.26832e-19 0 0 0 0
Plastic strain_rate_mean 0 0 0 0 0 0 0 0 0
Dissipation 1.78158e-06
End step 5
Begin step 6
Stress -1.42951e-13 39.9551 -6.52471e-14 39.9551 1.47634e-13 7.67202e-12 -6.52471e-14 7.67202e-12 1.40612e-15
Strain 0 0.0002 0 0.0002 0 0 0 0 0
Strain mean 9.35338e-21 0.0002 -3.26236e-19 0.0002 1.44397e-31 3.83601e-17 -3.26236e-19 3.83601e-17 -5.77779e-34
Plastic strain_mean 7.31137e-19 2.24721e-07 0 2.24721e-07 -7.31137e-19 0 0 0 0
Plastic strain_rate_mean 0 0 0 0 0 0 0 0 0
Dissipation 2.56466e-06
End step 6
Begin step 7
Stress -1.78118e-13 46.6067 3.33119e-13 46.6067 1.85622e-13 -1.58788e-12 3.33119e-13 -1.58788e-12 2.25329e-15
Strain 0 0.000233333 0 0.000233333 0 0 0 0 0
Strain mean 1.49886e-20 0.000233333 1.6656e-18 0.000233333 4.81482e-35 -7.93941e-18 1.6656e-18 -7.93941e-18 2.31864e-33
Plastic strain_mean 9.16844e-19 2.99675e-07 0 2.99675e-07 -9.16844e-19 0 0 0 0
Plastic strain_rate_mean 0 0 0 0 0 0 0 0 0
Dissipation 3.49338e-06
End step 7
Begin step 8
Stress -1.97728e-13 53.2561 -1.62576e-12 53.2561 1.91539e-13 1.33476e-12 -1.62576e-12 1.33476e-12 -1.85809e-15
Strain 0 0.000266667 0 0.000266667 0 0 0 0 0
Strain mean -1.23598e-20 0.000266667 -8.12882e-18 0.000266667 -2.76852e-34 6.67378e-18 -8.12882e-18 6.67378e-18 4.82987e-34
Plastic strain_mean 9.66988e-19 3.86118e-07 0 3.86118e-07 -9.66988e-19 0 0 0 0
Plastic strain_rate_mean 0 0 0 0 0 0 0 0 0
Dissipation 4.60363e-06
End step 8
Begin step 9
Stress -2.16821e-13 59.9026 -2.65828e-12 59.9026 2.29634e-13 2.69099e-12 -2.65828e-12 2.69099e-12 3.84719e-15
Strain 0 0.0003 0 0.0003 0 0 0 0 0
Strain mean 2.55911e-20 0.0003 -1.32914e-17 0.0003 3.49075e-34 1.34549e-17 -1.32914e-17 1.34549e-17 -2.53079e-33
Plastic strain_mean 1.12893e-18 4.87015e-07 0 4.87015e-07 -1.12893e-18 0 0 0 0
Plastic strain_rate_mean 0 0 0 0 0 0 0 0 0
Dissipation 6.04397e-06
End step 9
Begin step 10
Stress -2.79085e-13 66.5452 -3.11509e-12 66.5452 3.04557e-13 4.19903e-12 -3.11509e-12 4.19903e-12 7.64853e-15
Strain 0 0.000333333 0 0.000333333 0 0 0 0 0
Strain mean 5.08772e-20 0.000333333 -1.55754e-17 0.000333333 -9.99076e-34 2.09952e-17 -1.55754e-17 2.09952e-17 -4.69445e-33
Plastic strain_mean 1.48454e-18 6.07115e-07 0 6.07115e-07 -1.48454e-18 0 0 0 0
Plastic strain_rate_mean 0 0 0 0 0 0 0 0 0
Dissipation 7.99205e-06
End step 10
Begin step 11
Stress -3.02712e-13 73.1825 9.13271e-12 73.1825 2.63758e-13 1.57144e-12 9.13271e-12 1.57144e-12 -1.16966e-14
Strain 0 0.000366667 0 0.000366667 0 0 0 0 0
Strain mean -7.78044e-20 0.000366667 4.56636e-17 0.000366667 2.40741e-34 7.8572e-18 4.56636e-17 7.8572e-18 -1.74537e-33
Plastic strain_mean 1.37727e-18 7.54127e-07 0 7.54127e-07 -1.37727e-18 0 0 0 0
Plastic strain_rate_mean 0 0 0 0 0 0 0 0 0
Dissipation 1.07587e-05
End step 11
Begin step 12
Stress -1.5791e-13 79.8117 -3.58684e-12 79.8117 2.13465e-13 -1.46779e-12 -3.58684e-12 -1.46779e-12 1.66814e-14
Strain 0 0.0004 0 0.0004 0 0 0 0 0
Strain mean 1.10962e-19 0.0004 -1.79342e-17 0.0004 3.00927e-34 -7.33893e-18 -1.79342e-17 -7.33893e-18 5.7477e-34
Plastic strain_mean 9.83918e-19 9.41594e-07 0 9.41594e-07 -9.83918e-19 0 0 0 0
Plastic strain_rate_mean 0 0 0 0 0 0 0 0 0
Dissipation 1.4962e-05
End step 12
Begin step 13
Stress -1.40521e-13 86.4275 -2.33761e-12 86.4275 1.78392e-13 2.63013e-12 -2.33761e-12 2.63013e-12 1.13713e-14
Strain 0 0.000433333 0 0.000433333 0 0 0 0 0
Strain mean 7.56404e-20 0.000433333 -1.16881e-17 0.000433333 -8.84724e-33 1.31506e-17 -1.16881e-17 1.31506e-17 -2.25996e-33
Plastic strain_mean 8.35102e-19 1.19574e-06 0 1.19574e-06 -8.35102e-19 0 0 0 0
Plastic strain_rate_mean 0 0 0 0 0 0 0 0 0
Dissipation 2.19646e-05
End step 13
Begin step 14
Stress -1.76108e-13 93.018 3.36665e-13 93.018 2.21992e-13 1.38927e-13 3.36665e-13 1.38927e-13 1.37774e-14
Strain 0 0.000466667 0 0.000466667 0 0 0 0 0
Strain mean 9.16457e-20 0.000466667 1.68332e-18 0.000466667 -1.94037e-32 6.94633e-19 1.68332e-18 6.94633e-19 -1.69694e-34
Plastic strain_mean 1.04107e-18 1.57672e-06 0 1.57672e-06 -1.04107e-18 0 0 0 0
Plastic strain_rate_mean 0 0 0 0 0 0 0 0 0
Dissipation 3.54385e-05
End step 14
Begin step 15
Stress -1.78526e-13 99.5458 1.49845e-12 99.5458 1.49949e-13 2.75781e-12 1.49845e-12 2.75781e-12 -8.58086e-15
Strain 0 0.0005 0 0.0005 0 0 0 0 0
Strain mean -5.70789e-20 0.0005 7.49223e-18 0.0005 -2.52971e-31 1.3789e-17 7.49223e-18 1.3789e-17 -1.99514e-33
Plastic strain_mean 7.92648e-19 2.27097e-06 0 2.27097e-06 -7.92648e-19 0 0 0 0
Plastic strain_rate_mean 0 0 0 0 0 0 0 0 0
Dissipation 6.91083e-05
End step 15
Begin step 16
Stress -1.35981e-12 105.769 4.23054e-13 105.769 1.34049e-12 2.78414e-12 4.23054e-13 2.78414e-12 -5.79917e-15
Strain 0 0.000533333 0 0.000533333 0 0 0 0 0
Strain mean -3.85754e-20 0.000533333 2.11527e-18 0.000533333 -1.61778e-32 1.39207e-17 2.11527e-18 1.39207e-17 -2.08542e-33
Plastic strain_mean 6.73146e-18 4.49032e-06 0 4.49032e-06 -6.73146e-18 0 0 0 0
Plastic strain_rate_mean 0 0 0 0 0 0 0 0 0
Dissipation 0.000234732
End step 16
Begin step 17
Stress -8.57558e-14 108.889 3.73581e-12 108.889 1.04953e-13 -5.08229e-12 3.73581e-12 -5.08229e-12 5.76424e-15
Strain 0 0.000566667 0 0.000566667 0 0 0 0 0
Strain mean 3.83431e-20 0.000566667 1.86791e-17 0.000566667 -2.88889e-33 -2.54115e-17 1.86791e-17 -2.54115e-17 -4.74862e-33
Plastic strain_mean 4.95943e-19 2.22227e-05 0 2.22227e-05 -4.95943e-19 0 0 0 0
Plastic strain_rate_mean 0 0 0 0 0 0 0 0 0
Dissipation 0.0019307
End step 17
Begin step 18
Stress 1.23059e-12 109.168 -2.63199e-12 109.168 -1.16636e-12 3.96246e-12 -2.63199e-12 3.96246e-12 1.9284e-14
Strain 0 0.0006 0 0.0006 0 0 0 0 0
Strain mean 1.28275e-19 0.0006 -1.316e-17 0.0006 6.25927e-33 1.98123e-17 -1.316e-17 1.98123e-17 2.89491e-33
Plastic strain_mean -5.92823e-18 5.41609e-05 0 5.41609e-05 5.92823e-18 0 0 0 0
Plastic strain_rate_mean 0 0 0 0 0 0 0 0 0
Dissipation 0.00348616
End step 18
Begin step 19
Stress 1.273e-13 109.203 -3.45373e-13 109.203 -1.34223e-13 5.45167e-13 -3.45373e-13 5.45167e-13 -2.07862e-15
Strain 0 0.000633333 0 0.000633333 0 0 0 0 0
Strain mean -1.38267e-20 0.000633333 -1.72686e-18 0.000633333 3.59908e-33 2.72584e-18 -1.72686e-18 2.72584e-18 3.90452e-34
Plastic strain_mean -6.60722e-19 8.73161e-05 0 8.73161e-05 6.60722e-19 0 0 0 0
Plastic strain_rate_mean 0 0 0 0 0 0 0 0 0
Dissipation 0.00362003
End step 19
Begin step 20
Stress -1.79246e-12 109.227 1.70807e-13 109.227 1.85474e-12 5.49565e-13 1.70807e-13 5.49565e-13 1.86988e-14
Strain 0 0.000666667 0 0.000666667 0 0 0 0 0
Strain mean 1.24383e-19 0.000666667 8.54037e-19 0.000666667 1.44926e-32 2.74783e-18 8.54037e-19 2.74783e-18 -5.1308e-34
Plastic strain_mean 9.18018e-18 0.000120532 0 0.000120532 -9.18018e-18 0 0 0 0
Plastic strain_rate_mean 0 0 0 0 0 0 0 0 0
Dissipation 0.00362733
End step 20
Begin step 21
Stress 1.5768e-13 109.249 -7.7603e-12 109.249 -1.62509e-13 3.29834e-12 -7.7603e-12 3.29834e-12 -1.44979e-15
Strain 0 0.0007 0 0.0007 0 0 0 0 0
Strain mean -9.64386e-21 0.0007 -3.88015e-17 0.0007 -5.0014e-33 1.64917e-17 -3.88015e-17 1.64917e-17 -2.80464e-33
Plastic strain_mean -8.05294e-19 0.000153753 0 0.000153753 8.05294e-19 0 0 0 0
Plastic strain_rate_mean 0 0 0 0 0 0 0 0 0
Dissipation 0.00362843
End step 21
Begin step 22
Stress -1.04391e-12 109.272 -4.96204e-12 109.272 1.03857e-12 2.4571e-12 -4.96204e-12 2.4571e-12 -1.60263e-15
Strain 0 0.000733333 0 0.000733333 0 0 0 0 0
Strain mean -1.06605e-20 0.000733333 -2.48102e-17 0.000733333 6.33149e-33 1.22855e-17 -2.48102e-17 1.22855e-17 -1.8176e-33
Plastic strain_mean 5.20088e-18 0.000186975 0 0.000186975 -5.20088e-18 0 0 0 0
Plastic strain_rate_mean 0 0 0 0 0 0 0 0 0
Dissipation 0.00362918
End step 22
Begin step 23
Stress 9.84857e-14 109.294 -3.38419e-12 109.294 -2.18573e-14 1.87432e-12 -3.38419e-12 1.87432e-12 2.30089e-14
Strain 0 0.000766667 0 0.000766667 0 0 0 0 0
Strain mean 1.53053e-19 0.000766667 -1.6921e-17 0.000766667 -3.21991e-34 9.37158e-18 -1.6921e-17 9.37158e-18 -7.58335e-34
Plastic strain_mean -2.24331e-19 0.000220197 0 0.000220197 2.24331e-19 0 0 0 0
Plastic strain_rate_mean 0 0 0 0 0 0 0 0 0
Dissipation 0.00362987
End step 23
Begin step 24
Stress 3.71273e-14 109.316 -2.36975e-12 109.316 -1.00798e-13 1.45101e-12 -2.36975e-12 1.45101e-12 -1.91181e-14
Strain 0 0.0008 0 0.0008 0 0 0 0 0
Strain mean -1.27171e-19 0.0008 -1.18487e-17 0.0008 -2.75348e-33 7.25505e-18 -1.18487e-17 7.25505e-18 -6.16899e-34
Plastic strain_mean -4.08398e-19 0.00025342 0 0.00025342 4.08398e-19 0 0 0 0
Plastic strain_rate_mean 0 0 0 0 0 0 0 0 0
Dissipation 0.00363054
End step 24
Begin step 25
Stress -6.95199e-13 109.338 -3.33197e-12 109.338 6.07867e-13 2.80967e-12 -3.33197e-12 2.80967e-12 -2.62229e-14
Strain 0 0.000833333 0 0.000833333 0 0 0 0 0
Strain mean -1.74432e-19 0.000833333 -1.66599e-17 0.000833333 -6.62038e-34 1.40483e-17 -1.66599e-17 1.40483e-17 -1.52419e-33
Plastic strain_mean 3.17045e-18 0.000286643 0 0.000286643 -3.17045e-18 0 0 0 0
Plastic strain_rate_mean 0 0 0 0 0 0 0 0 0
Dissipation 0.0036312
End step 25
Begin step 26
Stress -4.80977e-13 109.36 -2.4758e-12 109.36 4.72251e-13 2.29534e-12 -2.4758e-12 2.29534e-12 -2.62011e-15
Strain 0 0.000866667 0 0.000866667 0 0 0 0 0
Strain mean -1.74287e-20 0.000866667 -1.2379e-17 0.000866667 1.41435e-33 1.14767e-17 -1.2379e-17 1.14767e-17 -1.05155e-33
Plastic strain_mean 2.37436e-18 0.000319866 0 0.000319866 -2.37436e-18 0 0 0 0
Plastic strain_rate_mean 0 0 0 0 0 0 0 0 0
Dissipation 0.00363185
End step 26
Begin step 27
Stress -3.91291e-13 109.382 -1.81551e-12 109.382 5.00264e-13 1.86661e-12 -1.81551e-12 1.86661e-12 3.27208e-14
Strain 0 0.0009 0 0.0009 0 0 0 0 0
Strain mean 2.17655e-19 0.0009 -9.07753e-18 0.0009 1.67014e-33 9.33304e-18 -9.07753e-18 9.33304e-18 -5.07814e-34
Plastic strain_mean 2.33771e-18 0.00035309 0 0.00035309 -2.33771e-18 0 0 0 0
Plastic strain_rate_mean 0 0 0 0 0 0 0 0 0
Dissipation 0.00363249
End step 27
Begin step 28
Stress -3.66969e-13 109.404 -1.41376e-12 109.404 3.14643e-13 1.49844e-12 -1.41376e-12 1.49844e-12 -1.57119e-14
Strain 0 0.000933333 0 0.000933333 0 0 0 0 0
Strain mean -1.04514e-19 0.000933333 -7.06879e-18 0.000933333 -1.90186e-33 7.49219e-18 -7.06879e-18 7.49219e-18 -9.03156e-34
Plastic strain_mean 1.65177e-18 0.000386313 0 0.000386313 -1.65177e-18 0 0 0 0
Plastic strain_rate_mean 0 0 0 0 0 0 0 0 0
Dissipation 0.00363312
End step 28
Begin step 29
Stress -3.52784e-13 109.426 -1.07654e-12 109.426 3.69945e-13 1.21535e-12 -1.07654e-12 1.21535e-12 5.15288e-15
Strain 0 0.000966667 0 0.000966667 0 0 0 0 0
Strain mean 3.42764e-20 0.000966667 -5.38271e-18 0.000966667 -1.53473e-34 6.07673e-18 -5.38271e-18 6.07673e-18 -7.60404e-34
Plastic strain_mean 1.82396e-18 0.000419537 0 0.000419537 -1.82396e-18 0 0 0 0
Plastic strain_rate_mean 0 0 0 0 0 0 0 0 0
Dissipation 0.00363376
End step 29
Begin step 30
Stress -4.54926e-13 109.448 -8.68246e-13 109.448 3.13013e-13 9.7529e-13 -8.68246e-13 9.7529e-13 -4.26117e-14
Strain 0 0.001 0 0.001 0 0 0 0 0
Strain mean -2.83448e-19 0.001 -4.34123e-18 0.001 -5.17594e-34 4.87645e-18 -4.34123e-18 4.87645e-18 2.09708e-35
Plastic strain_mean 1.77812e-18 0.00045276 0 0.00045276 -1.77812e-18 0 0 0 0
Plastic strain_rate_mean 0 0 0 0 0 0 0 0 0
Dissipation 0.00363439
End step 30
