Begin step 0
Stress 0 0 0 0 0 0 0 0 0
Strain 0 0 0 0 0 0 0 0 0
Strain mean 0 0 0 0 0 0 0 0 0
Plastic strain_mean 0 0 0 0 0 0 0 0 0
Plastic strain_rate_mean 0 0 0 0 0 0 0 0 0
Dissipation 0
End step 0
Begin step 1
Stress -2.66097e-14 6.65384 -3.43232e-12 6.65384 2.75513e-14 2.12891e-12 -3.43232e-12 2.12891e-12 2.82753e-16
Strain 0 3.33333e-05 0 3.33333e-05 0 0 0 0 0
Strain mean 1.88084e-21 3.33333e-05 -1.71616e-17 3.33333e-05 -9.34076e-33 1.06445e-17 -1.71616e-17 1.06445e-17 1.89019e-34
Plastic strain_mean 1.36343e-19 6.41372e-08 0 6.41372e-08 -1.36343e-19 0 0 0 0
Plastic strain_rate_mean 0 0 0 0 0 0 0 0 0
Dissipation 4.26757e-07
End step 1
Begin step 2
Stress -7.03126e-14 13.2949 -2.47012e-12 13.2949 6.81238e-14 6.41951e-12 -2.47012e-12 6.41951e-12 -6.57211e-16
Strain 0 6.66667e-05 0 6.66667e-05 0 0 0 0 0
Strain mean -4.37169e-21 6.66667e-05 -1.23506e-17 6.66667e-05 3.67732e-33 3.20975e-17 -1.23506e-17 3.20975e-17 -1.8507e-33
Plastic strain_mean 3.43905e-19 1.92288e-07 0 1.92288e-07 -3.43905e-19 0 0 0 0
Plastic strain_rate_mean 0 0 0 0 0 0 0 0 0
Dissipation 1.70374e-06
End step 2
Begin step 3
Stress -1.09953e-13 19.9231 -2.46959e-12 19.9231 1.09938e-13 6.3849e-12 -2.46959e-12 6.3849e-12 -4.36685e-18
Strain 0 0.0001 0 0.0001 0 0 0 0 0
Strain mean -2.90478e-23 0.0001 -1.23479e-17 0.0001 8.119e-33 3.19245e-17 -1.23479e-17 3.19245e-17 -2.41644e-33
Plastic strain_mean 5.49713e-19 3.84328e-07 0 3.84328e-07 -5.49713e-19 0 0 0 0
Plastic strain_rate_mean 0 0 0 0 0 0 0 0 0
Dissipation 3.82602e-06
End step 3
Begin step 4
Stress -1.54625e-13 26.5386 -2.46703e-12 26.5386 1.49135e-13 6.35328e-12 -2.46703e-12 6.35328e-12 -1.64848e-15
Strain 0 0.000133333 0 0.000133333 0 0 0 0 0
Strain mean -1.09655e-20 0.000133333 -1.23351e-17 0.000133333 -2.74144e-33 3.17664e-17 -1.23351e-17 3.17664e-17 -2.48264e-33
Plastic strain_mean 7.53919e-19 6.40135e-07 0 6.40135e-07 -7.53919e-19 0 0 0 0
Plastic strain_rate_mean 0 0 0 0 0 0 0 0 0
Dissipation 6.78871e-06
End step 4
Begin step 5
Stress -1.99622e-13 33.1414 -2.46079e-12 33.1414 1.87696e-13 6.32163e-12 -2.46079e-12 6.32163e-12 -3.58081e-15
Strain 0 0.000166667 0 0.000166667 0 0 0 0 0
Strain mean -2.38192e-20 0.000166667 -1.23039e-17 0.000166667 -8.27548e-33 3.16081e-17 -1.23039e-17 3.16081e-17 -2.46459e-33
Plastic strain_mean 9.56386e-19 9.59586e-07 0 9.59586e-07 -9.56386e-19 0 0 0 0
Plastic strain_rate_mean 0 0 0 0 0 0 0 0 0
Dissipation 1.05869e-05
End step 5
Begin step 6
Stress -2.26596e-13 39.7315 -2.46252e-12 39.7315 2.33525e-13 6.29054e-12 -2.46252e-12 6.29054e-12 2.0808e-15
Strain 0 0.0002 0 0.0002 0 0 0 0 0
Strain mean 1.38413e-20 0.0002 -1.23126e-17 0.0002 1.87417e-32 3.14527e-17 -1.23126e-17 3.14527e-17 -2.70232e-33
Plastic strain_mean 1.15722e-18 1.34256e-06 0 1.34256e-06 -1.15722e-18 0 0 0 0
Plastic strain_rate_mean 0 0 0 0 0 0 0 0 0
Dissipation 1.52158e-05
End step 6
Begin step 7
Stress -7.23154e-14 46.3088 -7.781e-13 46.3088 8.18994e-14 3.39033e-12 -7.781e-13 3.39033e-12 2.87775e-15
Strain 0 0.000233333 0 0.000233333 0 0 0 0 0
Strain mean 1.91425e-20 0.000233333 -3.8905e-18 0.000233333 5.32038e-33 1.69516e-17 -3.8905e-18 1.69516e-17 -9.26252e-33
Plastic strain_mean 3.95108e-19 1.78935e-06 0 1.78935e-06 -3.95108e-19 0 0 0 0
Plastic strain_rate_mean 0 0 0 0 0 0 0 0 0
Dissipation 2.06904e-05
End step 7
Begin step 8
Stress -7.80252e-14 52.8726 3.76906e-12 52.8726 9.91857e-14 -2.66371e-12 3.76906e-12 -2.66371e-12 6.35376e-15
Strain 0 0.000266667 0 0.000266667 0 0 0 0 0
Strain mean 4.22645e-20 0.000266667 1.88453e-17 0.000266667 4.21297e-33 -1.33185e-17 1.88453e-17 -1.33185e-17 3.44862e-33
Plastic strain_mean 4.6416e-19 2.30384e-06 0 2.30384e-06 -4.6416e-19 0 0 0 0
Plastic strain_rate_mean 0 0 0 0 0 0 0 0 0
Dissipation 2.72016e-05
End step 8
Begin step 9
Stress -1.35796e-13 59.4194 3.86319e-12 59.4194 1.02797e-13 -2.55978e-12 3.86319e-12 -2.55978e-12 -9.90838e-15
Strain 0 0.0003 0 0.0003 0 0 0 0 0
Strain mean -6.59094e-20 0.0003 1.9316e-17 0.0003 -3.5088e-33 -1.27989e-17 1.9316e-17 -1.27989e-17 7.59238e-33
Plastic strain_mean 5.63528e-19 2.90317e-06 0 2.90317e-06 -5.63528e-19 0 0 0 0
Plastic strain_rate_mean 0 0 0 0 0 0 0 0 0
Dissipation 3.56111e-05
End step 9
Begin step 10
Stress -5.56513e-14 65.9436 4.93479e-13 65.9436 5.71056e-14 -1.62695e-12 4.93479e-13 -1.62695e-12 4.36685e-16
Strain 0 0.000333333 0 0.000333333 0 0 0 0 0
Strain mean 2.90478e-21 0.000333333 2.4674e-18 0.000333333 1.56121e-32 -8.13476e-18 2.4674e-18 -8.13476e-18 -2.40741e-34
Plastic strain_mean 2.83344e-19 3.61554e-06 0 3.61554e-06 -2.83344e-19 0 0 0 0
Plastic strain_rate_mean 0 0 0 0 0 0 0 0 0
Dissipation 4.69755e-05
End step 10
Begin step 11
Stress -8.48248e-14 72.4359 2.06782e-12 72.4359 1.11196e-14 -3.01941e-12 2.06782e-12 -3.01941e-12 -2.21312e-14
Strain 0 0.000366667 0 0.000366667 0 0 0 0 0
Strain mean -1.47214e-19 0.000366667 1.03391e-17 0.000366667 1.89824e-32 -1.50971e-17 1.03391e-17 -1.50971e-17 4.07379e-33
Plastic strain_mean 1.66254e-19 4.48694e-06 0 4.48694e-06 -1.66254e-19 0 0 0 0
Plastic strain_rate_mean 0 0 0 0 0 0 0 0 0
Dissipation 6.31188e-05
End step 11
Begin step 12
Stress -5.34916e-14 78.8802 -3.60412e-12 78.8802 4.92305e-14 2.63991e-12 -3.60412e-12 2.63991e-12 -1.27949e-15
Strain 0 0.0004 0 0.0004 0 0 0 0 0
Strain mean -8.511e-21 0.0004 -1.80206e-17 0.0004 5.63335e-33 1.31995e-17 -1.80206e-17 1.31995e-17 -2.26598e-33
Plastic strain_mean 2.5255e-19 5.5991e-06 0 5.5991e-06 -2.5255e-19 0 0 0 0
Plastic strain_rate_mean 0 0 0 0 0 0 0 0 0
Dissipation 8.77246e-05
End step 12
Begin step 13
Stress 1.58623e-14 85.2443 1.50267e-12 85.2443 1.5842e-14 -9.13673e-13 1.50267e-12 -9.13673e-13 9.51973e-15
Strain 0 0.000433333 0 0.000433333 0 0 0 0 0
Strain mean 6.33241e-20 0.000433333 7.51336e-18 0.000433333 1.64005e-32 -4.56836e-18 7.51336e-18 -4.56836e-18 4.7584e-34
Plastic strain_mean 3.16115e-20 7.11187e-06 0 7.11187e-06 -3.16115e-20 0 0 0 0
Plastic strain_rate_mean 0 0 0 0 0 0 0 0 0
Dissipation 0.00012895
End step 13
Begin step 14
Stress -1.50194e-14 91.4547 -3.03689e-12 91.4547 3.22386e-14 6.89902e-13 -3.03689e-12 6.89902e-13 5.17035e-15
Strain 0 0.000466667 0 0.000466667 0 0 0 0 0
Strain mean 3.43926e-20 0.000466667 -1.51844e-17 0.000466667 2.8523e-31 3.44951e-18 -1.51844e-17 3.44951e-18 -6.37362e-33
Plastic strain_mean 1.35341e-19 9.39311e-06 0 9.39311e-06 -1.35341e-19 0 0 0 0
Plastic strain_rate_mean 0 0 0 0 0 0 0 0 0
Dissipation 0.000208619
End step 14
Begin step 15
Stress -1.95533e-12 97.2949 1.18437e-12 97.2949 1.9084e-12 6.80905e-12 1.18437e-12 6.80905e-12 -1.40918e-14
Strain 0 0.0005 0 0.0005 0 0 0 0 0
Strain mean -9.37372e-20 0.0005 5.92186e-18 0.0005 -4.81482e-34 3.40453e-17 5.92186e-18 3.40453e-17 -4.56656e-33
Plastic strain_mean 9.61246e-18 1.35255e-05 0 1.35255e-05 -9.61246e-18 0 0 0 0
Plastic strain_rate_mean 0 0 0 0 0 0 0 0 0
Dissipation 0.000402026
End step 15
Begin step 16
Stress -1.24299e-12 101.917 1.86081e-12 101.917 1.28551e-12 -1.59473e-13 1.86081e-12 -1.59473e-13 1.27687e-14
Strain 0 0.000533333 0 0.000533333 0 0 0 0 0
Strain mean 8.49357e-20 0.000533333 9.30405e-18 0.000533333 -3.01215e-31 -7.97363e-19 9.30405e-18 -7.97363e-19 1.3963e-33
Plastic strain_mean 6.36373e-18 2.3746e-05 0 2.3746e-05 -6.36373e-18 0 0 0 0
Plastic strain_rate_mean 0 0 0 0 0 0 0 0 0
Dissipation 0.00104153
End step 16
Begin step 17
Stress 7.02738e-13 103.874 2.88379e-12 103.874 -7.06578e-13 -5.06011e-12 2.88379e-12 -5.06011e-12 -1.15285e-15
Strain 0 0.000566667 0 0.000566667 0 0 0 0 0
Strain mean -7.66861e-21 0.000566667 1.4419e-17 0.000566667 1.34996e-32 -2.53006e-17 1.4419e-17 -2.53006e-17 6.02455e-33
Plastic strain_mean -3.52712e-18 4.72986e-05 0 4.72986e-05 3.52712e-18 0 0 0 0
Plastic strain_rate_mean 0 0 0 0 0 0 0 0 0
Dissipation 0.00244599
End step 17
Begin step 18
Stress -6.40987e-13 104.287 -1.22e-12 104.287 6.04571e-13 2.89682e-12 -1.22e-12 2.89682e-12 -1.09346e-14
Strain 0 0.0006 0 0.0006 0 0 0 0 0
Strain mean -7.27356e-20 0.0006 -6.10002e-18 0.0006 -8.81715e-34 1.44841e-17 -6.10002e-18 1.44841e-17 4.22651e-33
Plastic strain_mean 3.07753e-18 7.8565e-05 0 7.8565e-05 -3.07753e-18 0 0 0 0
Plastic strain_rate_mean 0 0 0 0 0 0 0 0 0
Dissipation 0.00325977
End step 18
Begin step 19
Stress -3.07863e-14 104.372 6.93377e-13 104.372 7.63794e-14 -1.31727e-12 6.93377e-13 -1.31727e-12 1.36901e-14
Strain 0 0.000633333 0 0.000633333 0 0 0 0 0
Strain mean 9.10648e-20 0.000633333 3.46689e-18 0.000633333 -9.20835e-34 -6.58637e-18 3.46689e-18 -6.58637e-18 -1.13036e-34
Plastic strain_mean 3.13447e-19 0.000111474 0 0.000111474 -3.13447e-19 0 0 0 0
Plastic strain_rate_mean 0 0 0 0 0 0 0 0 0
Dissipation 0.00343359
End step 19
Begin step 20
Stress -5.92125e-13 104.405 1.11296e-12 104.405 6.05331e-13 -1.87373e-12 1.11296e-12 -1.87373e-12 3.9651e-15
Strain 0 0.000666667 0 0.000666667 0 0 0 0 0
Strain mean 2.63754e-20 0.000666667 5.5648e-18 0.000666667 -4.21297e-34 -9.36866e-18 5.5648e-18 -9.36866e-18 -6.40974e-34
Plastic strain_mean 3.00683e-18 0.000144642 0 0.000144642 -3.00683e-18 0 0 0 0
Plastic strain_rate_mean 0 0 0 0 0 0 0 0 0
Dissipation 0.00346152
End step 20
Begin step 21
Stress -6.3126e-13 104.43 1.48999e-12 104.43 5.87776e-13 -1.33073e-12 1.48999e-12 -1.33073e-12 -1.30569e-14
Strain 0 0.0007 0 0.0007 0 0 0 0 0
Strain mean -8.68528e-20 0.0007 7.44995e-18 0.0007 4.69445e-34 -6.65363e-18 7.44995e-18 -6.65363e-18 -5.89816e-34
Plastic strain_mean 3.00416e-18 0.000177852 0 0.000177852 -3.00416e-18 0 0 0 0
Plastic strain_rate_mean 0 0 0 0 0 0 0 0 0
Dissipation 0.0034664
End step 21
Begin step 22
Stress -4.46723e-13 104.453 1.17705e-12 104.453 4.62211e-13 -9.8145e-13 1.17705e-12 -9.8145e-13 4.65069e-15
Strain 0 0.000733333 0 0.000733333 0 0 0 0 0
Strain mean 3.09359e-20 0.000733333 5.88524e-18 0.000733333 2.52778e-34 -4.90725e-18 5.88524e-18 -4.90725e-18 -3.28762e-34
Plastic strain_mean 2.2878e-18 0.000211069 0 0.000211069 -2.2878e-18 0 0 0 0
Plastic strain_rate_mean 0 0 0 0 0 0 0 0 0
Dissipation 0.00346781
End step 22
Begin step 23
Stress -3.7487e-12 104.476 -3.59995e-14 104.476 3.65299e-12 -4.13312e-12 -3.59995e-14 -4.13312e-12 -2.87382e-14
Strain 0 0.000766667 0 0.000766667 0 0 0 0 0
Strain mean -1.91163e-19 0.000766667 -1.79998e-19 0.000766667 1.64908e-33 -2.06656e-17 -1.79998e-19 -2.06656e-17 -3.736e-33
Plastic strain_mean 1.84086e-17 0.000244288 0 0.000244288 -1.84086e-17 0 0 0 0
Plastic strain_rate_mean 0 0 0 0 0 0 0 0 0
Dissipation 0.00346866
End step 23
Begin step 24
Stress -3.05788e-12 104.498 5.07093e-16 104.498 3.14769e-12 -3.21443e-12 5.07093e-16 -3.21443e-12 2.69653e-14
Strain 0 0.0008 0 0.0008 0 0 0 0 0
Strain mean 1.7937e-19 0.0008 2.53547e-21 0.0008 -3.0514e-33 -1.60721e-17 2.53547e-21 -1.60721e-17 -3.1176e-33
Plastic strain_mean 1.56036e-17 0.000277509 0 0.000277509 -1.56036e-17 0 0 0 0
Plastic strain_rate_mean 0 0 0 0 0 0 0 0 0
Dissipation 0.0034694
End step 24
Begin step 25
Stress -2.58612e-12 104.521 -1.64298e-14 104.521 2.53509e-12 -2.53548e-12 -1.64298e-14 -2.53548e-12 -1.53233e-14
Strain 0 0.000833333 0 0.000833333 0 0 0 0 0
Strain mean -1.01929e-19 0.000833333 -8.21491e-20 0.000833333 -1.14352e-33 -1.26774e-17 -8.21491e-20 -1.26774e-17 -2.58947e-33
Plastic strain_mean 1.27521e-17 0.000310731 0 0.000310731 -1.27521e-17 0 0 0 0
Plastic strain_rate_mean 0 0 0 0 0 0 0 0 0
Dissipation 0.0034701
End step 25
Begin step 26
Stress -2.00108e-12 104.543 1.21869e-14 104.543 2.08194e-12 -2.03988e-12 1.21869e-14 -2.03988e-12 2.42797e-14
Strain 0 0.000866667 0 0.000866667 0 0 0 0 0
Strain mean 1.61506e-19 0.000866667 6.09345e-20 0.000866667 -4.5139e-34 -1.01994e-17 6.09345e-20 -1.01994e-17 -2.10724e-33
Plastic strain_mean 1.02883e-17 0.000343954 0 0.000343954 -1.02883e-17 0 0 0 0
Plastic strain_rate_mean 0 0 0 0 0 0 0 0 0
Dissipation 0.00347077
End step 26
Begin step 27
Stress -1.57673e-12 104.565 -7.58733e-14 104.565 1.59477e-12 -1.48871e-12 -7.58733e-14 -1.48871e-12 5.41489e-15
Strain 0 0.0009 0 0.0009 0 0 0 0 0
Strain mean 3.60192e-20 0.0009 -3.79366e-19 0.0009 2.46158e-33 -7.44356e-18 -3.79366e-19 -7.44356e-18 -1.86048e-33
Plastic strain_mean 7.94675e-18 0.000377177 0 0.000377177 -7.94675e-18 0 0 0 0
Plastic strain_rate_mean 0 0 0 0 0 0 0 0 0
Dissipation 0.00347143
End step 27
Begin step 28
Stress -1.51492e-12 104.586 -6.58396e-14 104.586 1.33338e-12 -1.39055e-12 -6.58396e-14 -1.39055e-12 -5.45114e-14
Strain 0 0.000933333 0 0.000933333 0 0 0 0 0
Strain mean -3.62603e-19 0.000933333 -3.29198e-19 0.000933333 -6.07872e-34 -6.95273e-18 -3.29198e-19 -6.95273e-18 -1.98687e-33
Plastic strain_mean 6.93944e-18 0.000410401 0 0.000410401 -6.93944e-18 0 0 0 0
Plastic strain_rate_mean 0 0 0 0 0 0 0 0 0
Dissipation 0.00347208
End step 28
Begin step 29
Stress -1.16504e-12 104.608 -5.25806e-14 104.608 1.16138e-12 -1.17261e-12 -5.25806e-14 -1.17261e-12 -1.10045e-15
Strain 0 0.000966667 0 0.000966667 0 0 0 0 0
Strain mean -7.32004e-21 0.000966667 -2.62903e-19 0.000966667 -8.24539e-34 -5.86305e-18 -2.62903e-19 -5.86305e-18 -9.77635e-34
Plastic strain_mean 5.8124e-18 0.000443626 0 0.000443626 -5.8124e-18 0 0 0 0
Plastic strain_rate_mean 0 0 0 0 0 0 0 0 0
Dissipation 0.00347272
End step 29
Begin step 30
Stress 3.86567e-13 104.63 2.41019e-13 104.63 -2.89724e-13 6.03949e-13 2.41019e-13 6.03949e-13 2.90788e-14
Strain 0 0.001 0 0.001 0 0 0 0 0
Strain mean 1.93429e-19 0.001 1.2051e-18 0.001 3.90723e-32 3.01975e-18 1.2051e-18 3.01975e-18 -2.13658e-34
Plastic strain_mean -1.59401e-18 0.000476851 0 0.000476851 1.59401e-18 0 0 0 0
Plastic strain_rate_mean 0 0 0 0 0 0 0 0 0
Dissipation 0.00347336
End step 30
