Begin step 0
Stress 0 0 0 0 0 0 0 0 0
Strain 0 0 0 0 0 0 0 0 0
Strain mean 0 0 0 0 0 0 0 0 0
Plastic strain_mean 0 0 0 0 0 0 0 0 0
Plastic strain_rate_mean 0 0 0 0 0 0 0 0 0
Dissipation 0
End step 0
Begin step 1
Stress -1.03146e-13 66.5021 -2.72902e-13 66.5021 1.23332e-13 -7.1677e-13 -2.72902e-13 -7.1677e-13 6.06118e-15
Strain 0 0.000333333 0 0.000333333 0 0 0 0 0
Strain mean 4.03183e-20 0.000333333 -1.36451e-18 0.000333333 -3.8013e-32 -3.58385e-18 -1.36451e-18 -3.58385e-18 -2.38936e-33
Plastic strain_mean 5.86352e-19 8.23022e-07 0 8.23022e-07 -5.86352e-19 0 0 0 0
Plastic strain_rate_mean 0 0 0 0 0 0 0 0 0
Dissipation 5.47324e-05
End step 1
Begin step 2
Stress 2.23465e-13 109.437 -6.92753e-13 109.437 -1.79064e-13 -8.52436e-13 -6.92753e-13 -8.52436e-13 1.3332e-14
Strain 0 0.000666667 0 0.000666667 0 0 0 0 0
Strain mean 8.86828e-20 0.000666667 -3.46377e-18 0.000666667 -1.92894e-33 -4.26218e-18 -3.46377e-18 -4.26218e-18 4.3183e-34
Plastic strain_mean -9.61981e-19 0.000119483 0 0.000119483 9.61981e-19 0 0 0 0
Plastic strain_rate_mean 0 0 0 0 0 0 0 0 0
Dissipation 0.0129805
End step 2
Begin step 3
Stress 2.09895e-12 119.611 2.78756e-13 119.611 -2.08802e-12 -2.44446e-12 2.78756e-13 -2.44446e-12 3.28387e-15
Strain 0 0.001 0 0.001 0 0 0 0 0
Strain mean 2.18439e-20 0.001 1.39378e-18 0.001 3.25001e-34 -1.22223e-17 1.39378e-18 -1.22223e-17 -2.49769e-34
Plastic strain_mean -1.04565e-17 0.000401947 0 0.000401947 1.04565e-17 0 0 0 0
Plastic strain_rate_mean 0 0 0 0 0 0 0 0 0
Dissipation 0.0337484
End step 3
Begin step 4
Stress 1.13569e-12 121.539 1.04842e-12 121.539 -1.08345e-12 -6.35931e-13 1.04842e-12 -6.35931e-13 1.56857e-14
Strain 0 0.00133333 0 0.00133333 0 0 0 0 0
Strain mean 1.0434e-19 0.00133333 5.24208e-18 0.00133333 -9.99076e-34 -3.17965e-18 5.24208e-18 -3.17965e-18 -7.56078e-34
Plastic strain_mean -5.49568e-18 0.000725638 0 0.000725638 5.49568e-18 0 0 0 0
Plastic strain_rate_mean 0 0 0 0 0 0 0 0 0
Dissipation 0.0392727
End step 4
Begin step 5
Stress 2.18447e-12 122.082 5.89445e-13 122.082 -2.24459e-12 -5.96987e-12 5.89445e-13 -5.96987e-12 -1.80525e-14
Strain 0 0.00166667 0 0.00166667 0 0 0 0 0
Strain mean -1.20083e-19 0.00166667 2.94723e-18 0.00166667 -1.78938e-33 -2.98494e-17 2.94723e-18 -2.98494e-17 8.96761e-34
Plastic strain_mean -1.11327e-17 0.00105626 0 0.00105626 1.11327e-17 0 0 0 0
Plastic strain_rate_mean 0 0 0 0 0 0 0 0 0
Dissipation 0.0402704
End step 5
Begin step 6
Stress -1.29269e-12 122.402 3.52323e-12 122.402 1.07975e-12 -3.035e-12 3.52323e-12 -3.035e-12 -6.39394e-14
Strain 0 0.002 0 0.002 0 0 0 0 0
Strain mean -4.25317e-19 0.002 1.76161e-17 0.002 8.1852e-34 -1.5175e-17 1.76161e-17 -1.5175e-17 -6.34955e-34
Plastic strain_mean 5.71843e-18 0.00138799 0 0.00138799 -5.71843e-18 0 0 0 0
Plastic strain_rate_mean 0 0 0 0 0 0 0 0 0
Dissipation 0.0404927
End step 6
Begin step 7
Stress -1.20448e-12 122.682 2.99255e-12 122.682 1.17499e-12 -2.38575e-12 2.99255e-12 -2.38575e-12 -8.85597e-15
Strain 0 0.00233333 0 0.00233333 0 0 0 0 0
Strain mean -5.89089e-20 0.00233333 1.49628e-17 0.00233333 2.87686e-33 -1.19287e-17 1.49628e-17 -1.19287e-17 -8.21529e-34
Plastic strain_mean 5.91922e-18 0.00171992 0 0.00171992 -5.91922e-18 0 0 0 0
Plastic strain_rate_mean 0 0 0 0 0 0 0 0 0
Dissipation 0.0405921
End step 7
Begin step 8
Stress -7.31493e-13 122.954 2.17546e-12 122.954 8.77245e-13 -1.84742e-12 2.17546e-12 -1.84742e-12 4.37645e-14
Strain 0 0.00266667 0 0.00266667 0 0 0 0 0
Strain mean 2.91117e-19 0.00266667 1.08773e-17 0.00266667 4.81482e-35 -9.23708e-18 1.08773e-17 -9.23708e-18 -6.01853e-35
Plastic strain_mean 4.1674e-18 0.0020519 0 0.0020519 -4.1674e-18 0 0 0 0
Plastic strain_rate_mean 0 0 0 0 0 0 0 0 0
Dissipation 0.0406718
End step 8
Begin step 9
Stress -8.44649e-13 123.22 1.58668e-12 123.22 6.86739e-13 -1.40787e-12 1.58668e-12 -1.40787e-12 -4.74152e-14
Strain 0 0.003 0 0.003 0 0 0 0 0
Strain mean -3.15401e-19 0.003 7.93339e-18 0.003 1.08334e-34 -7.03934e-18 7.93339e-18 -7.03934e-18 -2.6632e-34
Plastic strain_mean 3.67077e-18 0.0023839 0 0.0023839 -3.67077e-18 0 0 0 0
Plastic strain_rate_mean 0 0 0 0 0 0 0 0 0
Dissipation 0.0407477
End step 9
Begin step 10
Stress -4.70815e-13 123.484 1.40916e-12 123.484 5.29337e-13 -1.08139e-12 1.40916e-12 -1.08139e-12 1.75722e-14
Strain 0 0.00333333 0 0.00333333 0 0 0 0 0
Strain mean 1.16888e-19 0.00333333 7.04579e-18 0.00333333 -4.39353e-34 -5.40695e-18 7.04579e-18 -5.40695e-18 -6.59781e-34
Plastic strain_mean 2.55882e-18 0.00271591 0 0.00271591 -2.55882e-18 0 0 0 0
Plastic strain_rate_mean 0 0 0 0 0 0 0 0 0
Dissipation 0.0408227
End step 10
Begin step 11
Stress -3.42069e-12 123.746 -1.0566e-13 123.746 3.48553e-12 -4.33986e-12 -1.0566e-13 -4.33986e-12 1.94674e-14
Strain 0 0.00366667 0 0.00366667 0 0 0 0 0
Strain mean 1.29495e-19 0.00366667 -5.28299e-19 0.00366667 -7.22224e-34 -2.16993e-17 -5.28299e-19 -2.16993e-17 -3.82327e-33
Plastic strain_mean 1.73303e-17 0.00304794 0 0.00304794 -1.73303e-17 0 0 0 0
Plastic strain_rate_mean 0 0 0 0 0 0 0 0 0
Dissipation 0.0408971
End step 11
Begin step 12
Stress -2.86357e-12 124.006 4.9813e-14 124.006 3.02221e-12 -3.30569e-12 4.9813e-14 -3.30569e-12 4.76336e-14
Strain 0 0.004 0 0.004 0 0 0 0 0
Strain mean 3.16853e-19 0.004 2.49065e-19 0.004 -2.98519e-33 -1.65285e-17 2.49065e-19 -1.65285e-17 -3.92107e-33
Plastic strain_mean 1.48729e-17 0.00337997 0 0.00337997 -1.48729e-17 0 0 0 0
Plastic strain_rate_mean 0 0 0 0 0 0 0 0 0
Dissipation 0.0409711
End step 12
Begin step 13
Stress -2.15769e-12 124.265 -1.37365e-13 124.265 2.12267e-12 -2.13524e-12 -1.37365e-13 -2.13524e-12 -1.05154e-14
Strain 0 0.00433333 0 0.00433333 0 0 0 0 0
Strain mean -6.9947e-20 0.00433333 -6.86826e-19 0.00433333 1.17361e-33 -1.06762e-17 -6.86826e-19 -1.06762e-17 -2.71436e-33
Plastic strain_mean 1.06659e-17 0.00371201 0 0.00371201 -1.06659e-17 0 0 0 0
Plastic strain_rate_mean 0 0 0 0 0 0 0 0 0
Dissipation 0.0410449
End step 13
Begin step 14
Stress -1.84651e-12 124.522 8.69618e-14 124.522 2.18973e-12 -1.99159e-12 8.69618e-14 -1.99159e-12 1.03058e-13
Strain 0 0.00466667 0 0.00466667 0 0 0 0 0
Strain mean 6.85527e-19 0.00466667 4.34809e-19 0.00466667 -7.34261e-34 -9.95794e-18 4.34809e-19 -9.95794e-18 -1.9974e-33
Plastic strain_mean 1.04333e-17 0.00404406 0 0.00404406 -1.04333e-17 0 0 0 0
Plastic strain_rate_mean 0 0 0 0 0 0 0 0 0
Dissipation 0.0411184
End step 14
Begin step 15
Stress -1.21718e-12 124.777 3.34428e-13 124.777 1.85767e-12 -1.60252e-12 3.34428e-13 -1.60252e-12 1.92316e-13
Strain 0 0.005 0 0.005 0 0 0 0 0
Strain mean 1.27926e-18 0.005 1.67214e-18 0.005 -7.28242e-34 -8.0126e-18 1.67214e-18 -8.0126e-18 -1.82286e-33
Plastic strain_mean 8.32677e-18 0.00437611 0 0.00437611 -8.32677e-18 0 0 0 0
Plastic strain_rate_mean 0 0 0 0 0 0 0 0 0
Dissipation 0.0411917
End step 15
Begin step 16
Stress -1.37538e-12 125.032 1.81341e-13 125.032 1.35223e-12 -1.27365e-12 1.81341e-13 -1.27365e-12 -6.95202e-15
Strain 0 0.00533333 0 0.00533333 0 0 0 0 0
Strain mean -4.6244e-20 0.00533333 9.06706e-19 0.00533333 1.43542e-33 -6.36825e-18 9.06706e-19 -6.36825e-18 -1.01262e-33
Plastic strain_mean 6.79589e-18 0.00470817 0 0.00470817 -6.79589e-18 0 0 0 0
Plastic strain_rate_mean 0 0 0 0 0 0 0 0 0
Dissipation 0.0412649
End step 16
Begin step 17
Stress -9.73051e-13 125.286 2.15922e-13 125.286 1.25071e-12 -1.07663e-12 2.15922e-13 -1.07663e-12 8.33719e-14
Strain 0 0.00566667 0 0.00566667 0 0 0 0 0
Strain mean 5.5458e-19 0.00566667 1.07961e-18 0.00566667 -1.73033e-34 -5.38314e-18 1.07961e-18 -5.38314e-18 -8.2341e-34
Plastic strain_mean 5.83669e-18 0.00504024 0 0.00504024 -5.83669e-18 0 0 0 0
Plastic strain_rate_mean 0 0 0 0 0 0 0 0 0
Dissipation 0.0413379
End step 17
Begin step 18
Stress -1.10803e-12 125.54 -6.13796e-14 125.54 7.76149e-13 -8.95586e-13 -6.13796e-14 -8.95586e-13 -9.96515e-14
Strain 0 0.006 0 0.006 0 0 0 0 0
Strain mean -6.6287e-19 0.006 -3.06898e-19 0.006 -1.21123e-33 -4.47793e-18 -3.06898e-19 -4.47793e-18 -1.53962e-33
Plastic strain_mean 4.379e-18 0.0053723 0 0.0053723 -4.379e-18 0 0 0 0
Plastic strain_rate_mean 0 0 0 0 0 0 0 0 0
Dissipation 0.0414107
End step 18
Begin step 19
Stress -2.14486e-12 125.792 -5.14943e-12 125.792 2.39798e-12 -4.61315e-13 -5.14943e-12 -4.61315e-13 7.60006e-14
Strain 0 0.00633333 0 0.00633333 0 0 0 0 0
Strain mean 5.05547e-19 0.00633333 -2.57471e-17 0.00633333 1.3963e-33 -2.30657e-18 -2.57471e-17 -2.30657e-18 7.46975e-33
Plastic strain_mean 1.16099e-17 0.00570437 0 0.00570437 -1.16099e-17 0 0 0 0
Plastic strain_rate_mean 0 0 0 0 0 0 0 0 0
Dissipation 0.0414835
End step 19
Begin step 20
Stress -2.31408e-12 126.044 -4.46485e-12 126.044 2.35823e-12 -3.58696e-13 -4.46485e-12 -3.58696e-13 1.32577e-14
Strain 0 0.00666667 0 0.00666667 0 0 0 0 0
Strain mean 8.8189e-20 0.00666667 -2.23242e-17 0.00666667 -2.67223e-33 -1.79348e-18 -2.23242e-17 -1.79348e-18 7.43289e-33
Plastic strain_mean 1.17249e-17 0.00603645 0 0.00603645 -1.17249e-17 0 0 0 0
Plastic strain_rate_mean 0 0 0 0 0 0 0 0 0
Dissipation 0.0415561
End step 20
Begin step 21
Stress -1.51816e-12 126.296 -3.78517e-12 126.296 2.02845e-12 -3.07264e-13 -3.78517e-12 -3.07264e-13 1.53224e-13
Strain 0 0.007 0 0.007 0 0 0 0 0
Strain mean 1.01923e-18 0.007 -1.89258e-17 0.007 -2.58797e-33 -1.53632e-18 -1.89258e-17 -1.53632e-18 6.22467e-33
Plastic strain_mean 9.37613e-18 0.00636852 0 0.00636852 -9.37613e-18 0 0 0 0
Plastic strain_rate_mean 0 0 0 0 0 0 0 0 0
Dissipation 0.0416287
End step 21
Begin step 22
Stress -1.6265e-12 126.547 -2.4987e-12 126.547 1.76169e-12 -2.81661e-13 -2.4987e-12 -2.81661e-13 4.05942e-14
Strain 0 0.00733333 0 0.00733333 0 0 0 0 0
Strain mean 2.70028e-19 0.00733333 -1.24935e-17 0.00733333 2.01019e-33 -1.4083e-18 -1.24935e-17 -1.4083e-18 6.21263e-33
Plastic strain_mean 8.60549e-18 0.0067006 0 0.0067006 -8.60549e-18 0 0 0 0
Plastic strain_rate_mean 0 0 0 0 0 0 0 0 0
Dissipation 0.0417012
End step 22
Begin step 23
Stress -1.49288e-12 126.797 -2.77418e-12 126.797 1.46437e-12 -2.96342e-13 -2.77418e-12 -2.96342e-13 -8.55902e-15
Strain 0 0.00766667 0 0.00766667 0 0 0 0 0
Strain mean -5.69336e-20 0.00766667 -1.38709e-17 0.00766667 -1.80556e-33 -1.48171e-18 -1.38709e-17 -1.48171e-18 4.94422e-33
Plastic strain_mean 7.36465e-18 0.00703268 0 0.00703268 -7.36465e-18 0 0 0 0
Plastic strain_rate_mean 0 0 0 0 0 0 0 0 0
Dissipation 0.0417736
End step 23
Begin step 24
Stress -1.74105e-12 127.047 -2.33965e-12 127.047 1.17247e-12 -3.1129e-13 -2.33965e-12 -3.1129e-13 -1.70726e-13
Strain 0 0.008 0 0.008 0 0 0 0 0
Strain mean -1.13565e-18 0.008 -1.16982e-17 0.008 -1.11343e-33 -1.55645e-18 -1.16982e-17 -1.55645e-18 4.88329e-33
Plastic strain_mean 6.71597e-18 0.00736476 0 0.00736476 -6.71597e-18 0 0 0 0
Plastic strain_rate_mean 0 0 0 0 0 0 0 0 0
Dissipation 0.041846
End step 24
Begin step 25
Stress -1.20536e-12 127.297 -1.84688e-12 127.297 1.1765e-12 -3.17047e-13 -1.84688e-12 -3.17047e-13 -8.66383e-15
Strain 0 0.00833333 0 0.00833333 0 0 0 0 0
Strain mean -5.76308e-20 0.00833333 -9.23439e-18 0.00833333 -2.82871e-34 -1.58523e-18 -9.23439e-18 -1.58523e-18 3.40348e-33
Plastic strain_mean 5.92583e-18 0.00769685 0 0.00769685 -5.92583e-18 0 0 0 0
Plastic strain_rate_mean 0 0 0 0 0 0 0 0 0
Dissipation 0.0419183
End step 25
Begin step 26
Stress -9.13291e-13 127.546 -1.66126e-12 127.546 1.14342e-12 -3.40408e-13 -1.66126e-12 -3.40408e-13 6.9101e-14
Strain 0 0.00866667 0 0.00866667 0 0 0 0 0
Strain mean 4.59652e-19 0.00866667 -8.30629e-18 0.00866667 6.43983e-34 -1.70204e-18 -8.30629e-18 -1.70204e-18 3.31772e-33
Plastic strain_mean 5.37161e-18 0.00802893 0 0.00802893 -5.37161e-18 0 0 0 0
Plastic strain_rate_mean 0 0 0 0 0 0 0 0 0
Dissipation 0.0419906
End step 26
Begin step 27
Stress -1.91087e-12 127.796 -1.1158e-12 127.796 1.10046e-12 -3.41203e-13 -1.1158e-12 -3.41203e-13 -2.43338e-13
Strain 0 0.009 0 0.009 0 0 0 0 0
Strain mean -1.61866e-18 0.009 -5.579e-18 0.009 -7.94446e-34 -1.70601e-18 -5.579e-18 -1.70601e-18 2.81592e-33
Plastic strain_mean 6.71901e-18 0.00836102 0 0.00836102 -6.71901e-18 0 0 0 0
Plastic strain_rate_mean 0 0 0 0 0 0 0 0 0
Dissipation 0.0420628
End step 27
Begin step 28
Stress -8.56931e-13 128.045 -1.35564e-12 128.045 9.27087e-13 -3.46944e-13 -1.35564e-12 -3.46944e-13 2.10657e-14
Strain 0 0.00933333 0 0.00933333 0 0 0 0 0
Strain mean 1.40126e-19 0.00933333 -6.7782e-18 0.00933333 1.21273e-33 -1.73472e-18 -6.7782e-18 -1.73472e-18 2.63311e-33
Plastic strain_mean 4.53011e-18 0.00869311 0 0.00869311 -4.53011e-18 0 0 0 0
Plastic strain_rate_mean 0 0 0 0 0 0 0 0 0
Dissipation 0.0421349
End step 28
Begin step 29
Stress -5.68197e-13 128.293 -3.77551e-13 128.293 9.56676e-13 -3.91937e-13 -3.77551e-13 -3.91937e-13 1.16647e-13
Strain 0 0.00966667 0 0.00966667 0 0 0 0 0
Strain mean 7.75924e-19 0.00966667 -1.88775e-18 0.00966667 -1.20371e-34 -1.95969e-18 -1.88775e-18 -1.95969e-18 2.10404e-33
Plastic strain_mean 4.20014e-18 0.0090252 0 0.0090252 -4.20014e-18 0 0 0 0
Plastic strain_rate_mean 0 0 0 0 0 0 0 0 0
Dissipation 0.0422071
End step 29
Begin step 30
Stress 6.95003e-14 128.542 1.67759e-13 128.542 1.91115e-13 -1.43872e-12 1.67759e-13 -1.43872e-12 7.82539e-14
Strain 0 0.01 0 0.01 0 0 0 0 0
Strain mean 5.20536e-19 0.01 8.38795e-19 0.01 3.53288e-33 -7.19358e-18 8.38795e-19 -7.19358e-18 -5.50696e-34
Plastic strain_mean 5.64304e-19 0.00935729 0 0.00935729 -5.64304e-19 0 0 0 0
Plastic strain_rate_mean 0 0 0 0 0 0 0 0 0
Dissipation 0.0422792
End step 30
