Begin step 0
Stress 0 0 0 0 0 0 0 0 0
Strain 0 0 0 0 0 0 0 0 0
Strain mean 0 0 0 0 0 0 0 0 0
Plastic strain_mean 0 0 0 0 0 0 0 0 0
Plastic strain_rate_mean 0 0 0 0 0 0 0 0 0
Dissipation 0
End step 0
Begin step 1
Stress -3.84466e-14 6.66024 -4.9264e-12 6.66024 3.94519e-14 2.8591e-12 -4.9264e-12 2.8591e-12 3.01858e-16
Strain 0 3.33333e-05 0 3.33333e-05 0 0 0 0 0
Strain mean 2.00793e-21 3.33333e-05 -2.4632e-17 3.33333e-05 1.37072e-33 1.42955e-17 -2.4632e-17 1.42955e-17 -4.19793e-33
Plastic strain_mean 1.9575e-19 3.21486e-08 0 3.21486e-08 -1.9575e-19 0 0 0 0
Plastic strain_rate_mean 0 0 0 0 0 0 0 0 0
Dissipation 2.14117e-07
End step 1
Begin step 2
Stress -2.32289e-14 13.314 2.72845e-12 13.314 2.0902e-14 -2.58503e-12 2.72845e-12 -2.58503e-12 -6.98696e-16
Strain 0 6.66667e-05 0 6.66667e-05 0 0 0 0 0
Strain mean -4.64764e-21 6.66667e-05 1.36423e-17 6.66667e-05 -6.83705e-33 -1.29251e-17 1.36423e-17 -1.29251e-17 2.37732e-33
Plastic strain_mean 1.08003e-19 9.67123e-08 0 9.67123e-08 -1.08003e-19 0 0 0 0
Plastic strain_rate_mean 0 0 0 0 0 0 0 0 0
Dissipation 8.59597e-07
End step 2
Begin step 3
Stress 9.31226e-15 19.9611 4.92129e-12 19.9611 -1.13629e-14 -4.59417e-12 4.92129e-12 -4.59417e-12 -6.15726e-16
Strain 0 0.0001 0 0.0001 0 0 0 0 0
Strain mean -4.09574e-21 0.0001 2.46065e-17 0.0001 -1.27111e-32 -2.29708e-17 2.46065e-17 -2.29708e-17 3.74353e-33
Plastic strain_mean -5.37357e-20 1.94269e-07 0 1.94269e-07 5.37357e-20 0 0 0 0
Plastic strain_rate_mean 0 0 0 0 0 0 0 0 0
Dissipation 1.94734e-06
End step 3
Begin step 4
Stress -1.67692e-14 26.6015 -4.56064e-12 26.6015 7.89778e-15 -2.84034e-13 -4.56064e-12 -2.84034e-13 -2.66378e-15
Strain 0 0.000133333 0 0.000133333 0 0 0 0 0
Strain mean -1.77191e-20 0.000133333 -2.28032e-17 0.000133333 1.51667e-33 -1.42017e-18 -2.28032e-17 -1.42017e-18 3.82177e-33
Plastic strain_mean 5.28078e-20 3.25744e-07 0 3.25744e-07 -5.28078e-20 0 0 0 0
Plastic strain_rate_mean 0 0 0 0 0 0 0 0 0
Dissipation 3.49741e-06
End step 4
Begin step 5
Stress 3.33898e-14 33.2348 -7.14446e-12 33.2348 -1.72468e-14 -2.78898e-13 -7.14446e-12 -2.78898e-13 4.8472e-15
Strain 0 0.000166667 0 0.000166667 0 0 0 0 0
Strain mean 3.2243e-20 0.000166667 -3.57223e-17 0.000166667 2.56389e-33 -1.39449e-18 -3.57223e-17 -1.39449e-18 -1.51065e-33
Plastic strain_mean -1.1047e-19 4.92463e-07 0 4.92463e-07 1.1047e-19 0 0 0 0
Plastic strain_rate_mean 0 0 0 0 0 0 0 0 0
Dissipation 5.54085e-06
End step 5
Begin step 6
Stress 7.08646e-15 39.8608 -6.75515e-14 39.8608 5.92377e-16 -3.57403e-12 -6.75515e-14 -3.57403e-12 2.3057e-15
Strain 0 0.0002 0 0.0002 0 0 0 0 0
Strain mean 1.53372e-20 0.0002 -3.37758e-19 0.0002 1.56482e-34 -1.78701e-17 -3.37758e-19 -1.78701e-17 5.86807e-33
Plastic strain_mean -8.56659e-21 6.96246e-07 0 6.96246e-07 8.56659e-21 0 0 0 0
Plastic strain_rate_mean 0 0 0 0 0 0 0 0 0
Dissipation 8.12289e-06
End step 6
Begin step 7
Stress -1.2306e-14 46.4788 3.75801e-12 46.4788 4.45268e-15 -2.32841e-12 3.75801e-12 -2.32841e-12 -2.3581e-15
Strain 0 0.000233333 0 0.000233333 0 0 0 0 0
Strain mean -1.56858e-20 0.000233333 1.87901e-17 0.000233333 -7.34261e-34 -1.1642e-17 1.87901e-17 -1.1642e-17 2.50973e-33
Plastic strain_mean 3.40539e-20 9.39547e-07 0 9.39547e-07 -3.40539e-20 0 0 0 0
Plastic strain_rate_mean 0 0 0 0 0 0 0 0 0
Dissipation 1.13082e-05
End step 7
Begin step 8
Stress -4.36079e-14 53.0882 7.9783e-12 53.0882 1.85135e-14 -4.68956e-12 7.9783e-12 -4.68956e-12 -7.535e-15
Strain 0 0.000266667 0 0.000266667 0 0 0 0 0
Strain mean -5.01219e-20 0.000266667 3.98915e-17 0.000266667 9.53335e-33 -2.34478e-17 3.98915e-17 -2.34478e-17 4.51992e-33
Plastic strain_mean 1.30242e-19 1.22568e-06 0 1.22568e-06 -1.30242e-19 0 0 0 0
Plastic strain_rate_mean 0 0 0 0 0 0 0 0 0
Dissipation 1.519e-05
End step 8
Begin step 9
Stress 3.53143e-14 59.6882 2.2469e-12 59.6882 -1.10128e-15 5.4229e-13 2.2469e-12 5.4229e-13 1.0273e-14
Strain 0 0.0003 0 0.0003 0 0 0 0 0
Strain mean 6.83349e-20 0.0003 1.12345e-17 0.0003 -1.47454e-32 2.71145e-18 1.12345e-17 2.71145e-18 -3.95117e-33
Plastic strain_mean -5.68715e-20 1.55917e-06 0 1.55917e-06 5.68715e-20 0 0 0 0
Plastic strain_rate_mean 0 0 0 0 0 0 0 0 0
Dissipation 1.99054e-05
End step 9
Begin step 10
Stress 9.3035e-15 66.2774 -5.9666e-12 66.2774 1.62344e-14 2.80094e-12 -5.9666e-12 2.80094e-12 7.66818e-15
Strain 0 0.000333333 0 0.000333333 0 0 0 0 0
Strain mean 5.10079e-20 0.000333333 -2.9833e-17 0.000333333 5.44677e-34 1.40047e-17 -2.9833e-17 1.40047e-17 -4.57408e-34
Plastic strain_mean 4.28313e-20 1.94643e-06 0 1.94643e-06 -4.28313e-20 0 0 0 0
Plastic strain_rate_mean 0 0 0 0 0 0 0 0 0
Dissipation 2.56661e-05
End step 10
Begin step 11
Stress -4.31237e-15 72.8539 3.9555e-12 72.8539 -2.0033e-14 -1.84455e-12 3.9555e-12 -1.84455e-12 -7.3101e-15
Strain 0 0.000366667 0 0.000366667 0 0 0 0 0
Strain mean -4.8626e-20 0.000366667 1.97775e-17 0.000366667 9.76206e-33 -9.22274e-18 1.97775e-17 -9.22274e-18 4.19642e-33
Plastic strain_mean -6.36146e-20 2.39693e-06 0 2.39693e-06 6.36146e-20 0 0 0 0
Plastic strain_rate_mean 0 0 0 0 0 0 0 0 0
Dissipation 3.28203e-05
End step 11
Begin step 12
Stress -1.3794e-14 79.4148 1.78311e-12 79.4148 -3.23081e-14 -2.13696e-12 1.78311e-12 -2.13696e-12 -1.38429e-14
Strain 0 0.0004 0 0.0004 0 0 0 0 0
Strain mean -9.20814e-20 0.0004 8.91553e-18 0.0004 -5.11199e-33 -1.06848e-17 8.91553e-18 -1.06848e-17 -8.48613e-34
Plastic strain_mean -9.23259e-20 2.92585e-06 0 2.92585e-06 9.23259e-20 0 0 0 0
Plastic strain_rate_mean 0 0 0 0 0 0 0 0 0
Dissipation 4.20038e-05
End step 12
Begin step 13
Stress 4.78512e-14 85.9545 3.55166e-12 85.9545 -7.54834e-14 -4.22105e-12 3.55166e-12 -4.22105e-12 -8.29701e-15
Strain 0 0.000433333 0 0.000433333 0 0 0 0 0
Strain mean -5.51908e-20 0.000433333 1.77583e-17 0.000433333 1.21454e-32 -2.11053e-17 1.77583e-17 -2.11053e-17 6.85059e-33
Plastic strain_mean -3.35932e-19 3.56096e-06 0 3.56096e-06 3.35932e-19 0 0 0 0
Plastic strain_rate_mean 0 0 0 0 0 0 0 0 0
Dissipation 5.45893e-05
End step 13
Begin step 14
Stress 3.97204e-14 92.4596 4.63909e-12 92.4596 -3.52411e-14 -2.73182e-12 4.63909e-12 -2.73182e-12 1.34499e-15
Strain 0 0.000466667 0 0.000466667 0 0 0 0 0
Strain mean 8.94671e-21 0.000466667 2.31954e-17 0.000466667 -3.0201e-32 -1.36591e-17 2.31954e-17 -1.36591e-17 2.111e-33
Plastic strain_mean -1.8293e-19 4.36864e-06 0 4.36864e-06 1.8293e-19 0 0 0 0
Plastic strain_rate_mean 0 0 0 0 0 0 0 0 0
Dissipation 7.4676e-05
End step 14
Begin step 15
Stress -3.70954e-13 98.8359 -1.65242e-12 98.8359 3.73863e-13 4.56756e-13 -1.65242e-12 4.56756e-13 8.7337e-16
Strain 0 0.0005 0 0.0005 0 0 0 0 0
Strain mean 5.80955e-21 0.0005 -8.26212e-18 0.0005 -8.97965e-33 2.28378e-18 -8.26212e-18 2.28378e-18 6.37663e-33
Plastic strain_mean 1.86495e-18 5.82049e-06 0 5.82049e-06 -1.86495e-18 0 0 0 0
Plastic strain_rate_mean 0 0 0 0 0 0 0 0 0
Dissipation 0.000143487
End step 15
Begin step 16
Stress -7.78447e-14 100.02 1.91785e-12 100.02 1.108e-13 -2.97188e-12 1.91785e-12 -2.97188e-12 9.89528e-15
Strain 0 0.000533333 0 0.000533333 0 0 0 0 0
Strain mean 6.58222e-20 0.000533333 9.58923e-18 0.000533333 4.38149e-33 -1.48594e-17 9.58923e-18 -1.48594e-17 2.77906e-33
Plastic strain_mean 5.04522e-19 3.32351e-05 0 3.32351e-05 -5.04522e-19 0 0 0 0
Plastic strain_rate_mean 0 0 0 0 0 0 0 0 0
Dissipation 0.00274192
End step 16
Begin step 17
Stress -2.11441e-12 100.041 1.77461e-12 100.041 2.17438e-12 -2.91629e-12 1.77461e-12 -2.91629e-12 1.80089e-14
Strain 0 0.000566667 0 0.000566667 0 0 0 0 0
Strain mean 1.19793e-19 0.000566667 8.87305e-18 0.000566667 -3.49075e-33 -1.45814e-17 8.87305e-18 -1.45814e-17 2.75197e-33
Plastic strain_mean 1.07819e-17 6.64623e-05 0 6.64623e-05 -1.07819e-17 0 0 0 0
Plastic strain_rate_mean 0 0 0 0 0 0 0 0 0
Dissipation 0.00332389
End step 17
Begin step 18
Stress 2.21917e-12 100.062 2.0912e-12 100.062 -2.21228e-12 -2.49282e-12 2.0912e-12 -2.49282e-12 2.06989e-15
Strain 0 0.0006 0 0.0006 0 0 0 0 0
Strain mean 1.37686e-20 0.0006 1.0456e-17 0.0006 -2.59399e-33 -1.24641e-17 1.0456e-17 -1.24641e-17 1.26389e-34
Plastic strain_mean -1.10717e-17 9.96915e-05 0 9.96915e-05 1.10717e-17 0 0 0 0
Plastic strain_rate_mean 0 0 0 0 0 0 0 0 0
Dissipation 0.00332468
End step 18
Begin step 19
Stress 2.72977e-12 100.082 5.52183e-12 100.082 -2.70403e-12 1.61066e-12 5.52183e-12 1.61066e-12 7.72932e-15
Strain 0 0.000633333 0 0.000633333 0 0 0 0 0
Strain mean 5.14146e-20 0.000633333 2.76092e-17 0.000633333 -1.05084e-32 8.05329e-18 2.76092e-17 8.05329e-18 -2.18172e-33
Plastic strain_mean -1.35588e-17 0.000132921 0 0.000132921 1.35588e-17 0 0 0 0
Plastic strain_rate_mean 0 0 0 0 0 0 0 0 0
Dissipation 0.00332535
End step 19
Begin step 20
Stress 1.44714e-12 100.103 6.4841e-13 100.103 -1.33501e-12 -9.05647e-13 6.4841e-13 -9.05647e-13 3.36684e-14
Strain 0 0.000666667 0 0.000666667 0 0 0 0 0
Strain mean 2.23958e-19 0.000666667 3.24205e-18 0.000666667 2.76852e-34 -4.52823e-18 3.24205e-18 -4.52823e-18 -1.21198e-33
Plastic strain_mean -6.84338e-18 0.000166152 0 0.000166152 6.84338e-18 0 0 0 0
Plastic strain_rate_mean 0 0 0 0 0 0 0 0 0
Dissipation 0.00332595
End step 20
Begin step 21
Stress 3.16488e-13 100.124 3.8158e-12 100.124 -3.49501e-13 -3.74431e-12 3.8158e-12 -3.74431e-12 -9.91274e-15
Strain 0 0.0007 0 0.0007 0 0 0 0 0
Strain mean -6.59384e-20 0.0007 1.9079e-17 0.0007 6.92131e-35 -1.87216e-17 1.9079e-17 -1.87216e-17 3.00325e-33
Plastic strain_mean -1.69794e-18 0.000199382 0 0.000199382 1.69794e-18 0 0 0 0
Plastic strain_rate_mean 0 0 0 0 0 0 0 0 0
Dissipation 0.00332654
End step 21
Begin step 22
Stress -6.87817e-13 100.144 6.9711e-12 100.144 6.90493e-13 -6.58298e-12 6.9711e-12 -6.58298e-12 8.035e-16
Strain 0 0.000733333 0 0.000733333 0 0 0 0 0
Strain mean 5.34479e-21 0.000733333 3.48555e-17 0.000733333 2.38334e-33 -3.29149e-17 3.48555e-17 -3.29149e-17 6.07872e-33
Plastic strain_mean 3.44845e-18 0.000232612 0 0.000232612 -3.44845e-18 0 0 0 0
Plastic strain_rate_mean 0 0 0 0 0 0 0 0 0
Dissipation 0.00332713
End step 22
Begin step 23
Stress -1.69429e-12 100.165 1.00867e-11 100.165 1.73233e-12 -9.42164e-12 1.00867e-11 -9.42164e-12 1.14237e-14
Strain 0 0.000766667 0 0.000766667 0 0 0 0 0
Strain mean 7.5989e-20 0.000766667 5.04336e-17 0.000766667 -2.50371e-33 -4.71082e-17 5.04336e-17 -4.71082e-17 1.11674e-32
Plastic strain_mean 8.60454e-18 0.000265842 0 0.000265842 -8.60454e-18 0 0 0 0
Plastic strain_rate_mean 0 0 0 0 0 0 0 0 0
Dissipation 0.00332772
End step 23
Begin step 24
Stress -2.71563e-12 100.185 1.32508e-11 100.185 2.7643e-12 -1.22603e-11 1.32508e-11 -1.22603e-11 1.46158e-14
Strain 0 0.0008 0 0.0008 0 0 0 0 0
Strain mean 9.72229e-20 0.0008 6.62539e-17 0.0008 3.41853e-33 -6.13016e-17 6.62539e-17 -6.13016e-17 1.37584e-32
Plastic strain_mean 1.37484e-17 0.000299073 0 0.000299073 -1.37484e-17 0 0 0 0
Plastic strain_rate_mean 0 0 0 0 0 0 0 0 0
Dissipation 0.00332831
End step 24
Begin step 25
Stress -7.38409e-13 100.206 -1.19458e-12 100.206 6.78942e-13 7.62449e-13 -1.19458e-12 7.62449e-13 -1.7856e-14
Strain 0 0.000833333 0 0.000833333 0 0 0 0 0
Strain mean -1.18776e-19 0.000833333 -5.9729e-18 0.000833333 -6.89483e-32 3.81225e-18 -5.9729e-18 3.81225e-18 2.27952e-34
Plastic strain_mean 3.48399e-18 0.000332303 0 0.000332303 -3.48399e-18 0 0 0 0
Plastic strain_rate_mean 0 0 0 0 0 0 0 0 0
Dissipation 0.0033289
End step 25
Begin step 26
Stress 1.40798e-12 100.227 -1.56715e-11 100.227 -1.33239e-12 1.37852e-11 -1.56715e-11 1.37852e-11 2.26989e-14
Strain 0 0.000866667 0 0.000866667 0 0 0 0 0
Strain mean 1.5099e-19 0.000866667 -7.83573e-17 0.000866667 -2.11275e-31 6.8926e-17 -7.83573e-17 6.8926e-17 -1.15616e-32
Plastic strain_mean -6.77543e-18 0.000365533 0 0.000365533 6.77543e-18 0 0 0 0
Plastic strain_rate_mean 0 0 0 0 0 0 0 0 0
Dissipation 0.00332948
End step 26
Begin step 27
Stress 3.54195e-13 100.247 -2.89567e-12 100.247 -3.24119e-13 -9.33714e-13 -2.89567e-12 -9.33714e-13 9.03064e-15
Strain 0 0.0009 0 0.0009 0 0 0 0 0
Strain mean 6.00708e-20 0.0009 -1.44783e-17 0.0009 7.12113e-32 -4.66857e-18 -1.44783e-17 -4.66857e-18 -4.84492e-34
Plastic strain_mean -1.66575e-18 0.000398763 0 0.000398763 1.66575e-18 0 0 0 0
Plastic strain_rate_mean 0 0 0 0 0 0 0 0 0
Dissipation 0.00333007
End step 27
Begin step 28
Stress -7.49453e-13 100.268 9.84351e-12 100.268 6.62775e-13 -1.56526e-11 9.84351e-12 -1.56526e-11 -2.60264e-14
Strain 0 0.000933333 0 0.000933333 0 0 0 0 0
Strain mean -1.73125e-19 0.000933333 4.92175e-17 0.000933333 2.13778e-31 -7.82632e-17 4.92175e-17 -7.82632e-17 1.16037e-32
Plastic strain_mean 3.44401e-18 0.000431994 0 0.000431994 -3.44401e-18 0 0 0 0
Plastic strain_rate_mean 0 0 0 0 0 0 0 0 0
Dissipation 0.00333066
End step 28
Begin step 29
Stress -1.71951e-12 100.289 2.26388e-11 100.289 1.71017e-12 -3.03716e-11 2.26388e-11 -3.03716e-11 -2.80352e-15
Strain 0 0.000966667 0 0.000966667 0 0 0 0 0
Strain mean -1.86487e-20 0.000966667 1.13194e-16 0.000966667 4.62223e-33 -1.51858e-16 1.13194e-16 -1.51858e-16 2.64815e-32
Plastic strain_mean 8.56487e-18 0.000465224 0 0.000465224 -8.56487e-18 0 0 0 0
Plastic strain_rate_mean 0 0 0 0 0 0 0 0 0
Dissipation 0.00333125
End step 29
Begin step 30
Stress 1.69507e-12 100.309 -4.13396e-13 100.309 -1.77126e-12 -1.9744e-12 -4.13396e-13 -1.9744e-12 -2.28779e-14
Strain 0 0.001 0 0.001 0 0 0 0 0
Strain mean -1.52181e-19 0.001 -2.06698e-18 0.001 1.45889e-32 -9.87202e-18 -2.06698e-18 -9.87202e-18 9.35882e-34
Plastic strain_mean -8.74193e-18 0.000498454 0 0.000498454 8.74193e-18 0 0 0 0
Plastic strain_rate_mean 0 0 0 0 0 0 0 0 0
Dissipation 0.00333184
End step 30
