Begin step 0
Stress 0 0 0 0 0 0 0 0 0
Strain 0 0 0 0 0 0 0 0 0
Strain mean 0 0 0 0 0 0 0 0 0
Plastic strain_mean 0 0 0 0 0 0 0 0 0
Plastic strain_rate_mean 0 0 0 0 0 0 0 0 0
Dissipation 0
End step 0
Begin step 1
Stress -2.68848e-15 6.66667 -9.5848e-16 6.66667 -1.15367e-15 -2.51594e-17 -9.5848e-16 -2.51594e-17 -1.15367e-15
Strain 0 3.33333e-05 0 3.33333e-05 0 0 0 0 0
Strain mean -7.67406e-21 3.33333e-05 -4.7924e-21 3.33333e-05 -3.7175e-37 -1.25797e-22 -4.7924e-21 -1.25797e-22 -3.06547e-37
Plastic strain_mean -6.91175e-27 5.62465e-17 0 5.62465e-17 6.91175e-27 0 0 0 0
Plastic strain_rate_mean 0 0 0 0 0 0 0 0 0
Dissipation 3.74977e-16
End step 1
Begin step 2
Stress -3.40486e-16 13.3333 3.37368e-15 13.3333 -1.48531e-16 1.89434e-17 3.37368e-15 1.89434e-17 -1.46835e-16
Strain 0 6.66667e-05 0 6.66667e-05 0 0 0 0 0
Strain mean -9.76731e-22 6.66667e-05 1.68684e-20 6.66667e-05 9.11008e-37 9.4717e-23 1.68684e-20 9.4717e-23 -1.82349e-36
Plastic strain_mean -8.47937e-24 5.76527e-14 0 5.76527e-14 8.47937e-24 0 0 0 0
Plastic strain_rate_mean 0 0 0 0 0 0 0 0 0
Dissipation 7.67953e-13
End step 2
Begin step 3
Stress -1.80463e-15 20 -6.92045e-15 20 -6.42275e-16 5.01158e-15 -6.92045e-15 5.01158e-15 -7.34722e-16
Strain 0 0.0001 0 0.0001 0 0 0 0 0
Strain mean -4.88729e-21 0.0001 -3.46023e-20 0.0001 -1.73973e-36 2.50579e-20 -3.46023e-20 2.50579e-20 -7.45851e-36
Plastic strain_mean 4.62234e-22 3.37896e-12 0 3.37896e-12 -4.62234e-22 0 0 0 0
Plastic strain_rate_mean 0 0 0 0 0 0 0 0 0
Dissipation 6.64261e-11
End step 3
Begin step 4
Stress 4.80887e-15 26.6667 -1.01573e-12 26.6667 3.18992e-15 3.18147e-13 -1.01573e-12 3.18147e-13 2.40177e-15
Strain 0 0.000133333 0 0.000133333 0 0 0 0 0
Strain mean 1.59763e-20 0.000133333 -5.07865e-18 0.000133333 -8.87733e-35 1.59073e-18 -5.07865e-18 1.59073e-18 -2.02373e-34
Plastic strain_mean 3.94077e-21 6.23573e-11 0 6.23573e-11 -3.94077e-21 0 0 0 0
Plastic strain_rate_mean 0 0 0 0 0 0 0 0 0
Dissipation 1.57276e-09
End step 4
Begin step 5
Stress 7.70641e-15 33.3332 2.75805e-13 33.3332 -2.88896e-15 1.55154e-12 2.75805e-13 1.55154e-12 1.44652e-15
Strain 0 0.000166667 0 0.000166667 0 0 0 0 0
Strain mean 9.62207e-21 0.000166667 1.37903e-18 0.000166667 -4.60418e-34 7.75772e-18 1.37903e-18 7.75772e-18 -5.02127e-34
Plastic strain_mean -2.16774e-20 6.11621e-10 0 6.11621e-10 2.16774e-20 0 0 0 0
Plastic strain_rate_mean 0 0 0 0 0 0 0 0 0
Dissipation 1.83087e-08
End step 5
Begin step 6
Stress -2.82073e-14 39.9992 -2.80685e-12 39.9992 2.33353e-14 1.75609e-13 -2.80685e-12 1.75609e-13 -1.46289e-15
Strain 0 0.0002 0 0.0002 0 0 0 0 0
Strain mean -9.731e-21 0.0002 -1.40343e-17 0.0002 7.52316e-34 8.78047e-19 -1.40343e-17 8.78047e-19 2.32616e-33
Plastic strain_mean 1.23991e-19 4.01196e-09 0 4.01196e-09 -1.23991e-19 0 0 0 0
Plastic strain_rate_mean 0 0 0 0 0 0 0 0 0
Dissipation 1.36011e-07
End step 6
Begin step 7
Stress -1.70047e-15 46.6627 5.56814e-12 46.6627 -4.90846e-14 9.45227e-13 5.56814e-12 9.45227e-13 -1.5249e-14
Strain 0 0.000233333 0 0.000233333 0 0 0 0 0
Strain mean -1.01435e-19 0.000233333 2.78407e-17 0.000233333 1.12847e-34 4.72613e-18 2.78407e-17 4.72613e-18 -1.76192e-33
Plastic strain_mean -1.69178e-19 1.98867e-08 0 1.98867e-08 1.69178e-19 0 0 0 0
Plastic strain_rate_mean 0 0 0 0 0 0 0 0 0
Dissipation 7.40756e-07
End step 7
Begin step 8
Stress 2.4722e-14 53.3173 3.96888e-12 53.3173 -3.78618e-14 -2.21911e-12 3.96888e-12 -2.21911e-12 -3.94545e-15
Strain 0 0.000266667 0 0.000266667 0 0 0 0 0
Strain mean -2.62447e-20 0.000266667 1.98444e-17 0.000266667 -1.58287e-33 -1.10955e-17 1.98444e-17 -1.10955e-17 6.55418e-33
Plastic strain_mean -1.69582e-19 8.00991e-08 0 8.00991e-08 1.69582e-19 0 0 0 0
Plastic strain_rate_mean 0 0 0 0 0 0 0 0 0
Dissipation 3.21036e-06
End step 8
Begin step 9
Stress -7.57199e-14 59.9451 7.11216e-12 59.9451 6.86955e-14 -3.92356e-12 7.11216e-12 -3.92356e-12 -2.10919e-15
Strain 0 0.0003 0 0.0003 0 0 0 0 0
Strain mean -1.40301e-20 0.0003 3.55608e-17 0.0003 7.64263e-32 -1.96178e-17 3.55608e-17 -1.96178e-17 1.02706e-32
Plastic strain_mean 3.54023e-19 2.74426e-07 0 2.74426e-07 -3.54023e-19 0 0 0 0
Plastic strain_rate_mean 0 0 0 0 0 0 0 0 0
Dissipation 1.16489e-05
End step 9
Begin step 10
Stress -9.33303e-14 66.502 2.12052e-13 66.502 1.30816e-13 -1.33123e-12 2.12052e-13 -1.33123e-12 1.12555e-14
Strain 0 0.000333333 0 0.000333333 0 0 0 0 0
Strain mean 7.48706e-20 0.000333333 1.06026e-18 0.000333333 -3.2801e-32 -6.65613e-18 1.06026e-18 -6.65613e-18 -2.02824e-33
Plastic strain_mean 5.978e-19 8.23106e-07 0 8.23106e-07 -5.978e-19 0 0 0 0
Plastic strain_rate_mean 0 0 0 0 0 0 0 0 0
Dissipation 3.64881e-05
End step 10
Begin step 11
Stress -1.18476e-13 72.894 1.31147e-12 72.894 1.25253e-13 9.06677e-13 1.31147e-12 9.06677e-13 2.03495e-15
Strain 0 0.000366667 0 0.000366667 0 0 0 0 0
Strain mean 1.35363e-20 0.000366667 6.55736e-18 0.000366667 -6.80816e-32 4.53338e-18 6.55736e-18 4.53338e-18 -1.70926e-33
Plastic strain_mean 6.1609e-19 2.1966e-06 0 2.1966e-06 -6.1609e-19 0 0 0 0
Plastic strain_rate_mean 0 0 0 0 0 0 0 0 0
Dissipation 0.000100118
End step 11
Begin step 12
Stress -6.58848e-13 78.9506 -1.0089e-12 78.9506 6.33281e-13 2.61409e-12 -1.0089e-12 2.61409e-12 -7.67692e-15
Strain 0 0.0004 0 0.0004 0 0 0 0 0
Strain mean -5.1066e-20 0.0004 -5.04452e-18 0.0004 -1.53111e-32 1.30704e-17 -5.04452e-18 1.30704e-17 -3.08299e-33
Plastic strain_mean 3.20479e-18 5.24683e-06 0 5.24683e-06 -3.20479e-18 0 0 0 0
Plastic strain_rate_mean 0 0 0 0 0 0 0 0 0
Dissipation 0.000240811
End step 12
Begin step 13
Stress -2.22348e-12 84.4253 -2.48646e-12 84.4253 2.201e-12 -8.17454e-12 -2.48646e-12 -8.17454e-12 -6.75115e-15
Strain 0 0.000433333 0 0.000433333 0 0 0 0 0
Strain mean -4.49079e-20 0.000433333 -1.24323e-17 0.000433333 -5.60927e-32 -4.08727e-17 -1.24323e-17 -4.08727e-17 -1.97408e-33
Plastic strain_mean 1.10387e-17 1.12069e-05 0 1.12069e-05 -1.10387e-17 0 0 0 0
Plastic strain_rate_mean 0 0 0 0 0 0 0 0 0
Dissipation 0.000503156
End step 13
Begin step 14
Stress -2.50414e-12 89.0598 1.79479e-12 89.0598 2.53023e-12 4.14938e-12 1.79479e-12 4.14938e-12 7.83412e-15
Strain 0 0.000466667 0 0.000466667 0 0 0 0 0
Strain mean 5.21117e-20 0.000466667 8.97395e-18 0.000466667 -5.08987e-32 2.07469e-17 8.97395e-18 2.07469e-17 1.52269e-33
Plastic strain_mean 1.2612e-17 2.13679e-05 0 2.13679e-05 -1.2612e-17 0 0 0 0
Plastic strain_rate_mean 0 0 0 0 0 0 0 0 0
Dissipation 0.000904844
End step 14
Begin step 15
Stress -1.01588e-12 92.6978 -4.30516e-14 92.6978 9.90338e-13 5.0696e-13 -4.30516e-14 5.0696e-13 -7.66818e-15
Strain 0 0.0005 0 0.0005 0 0 0 0 0
Strain mean -5.10079e-20 0.0005 -2.15258e-19 0.0005 7.31252e-34 2.5348e-18 -2.15258e-19 2.5348e-18 -8.47108e-34
Plastic strain_mean 4.99003e-18 3.65111e-05 0 3.65111e-05 -4.99003e-18 0 0 0 0
Plastic strain_rate_mean 0 0 0 0 0 0 0 0 0
Dissipation 0.00140352
End step 15
Begin step 16
Stress 1.56542e-12 95.3542 2.86207e-13 95.3542 -1.63479e-12 5.58167e-13 2.86207e-13 5.58167e-13 -2.08299e-14
Strain 0 0.000533333 0 0.000533333 0 0 0 0 0
Strain mean -1.38558e-19 0.000533333 1.43103e-18 0.000533333 -5.11575e-34 2.79083e-18 1.43103e-18 2.79083e-18 -7.94446e-34
Plastic strain_mean -8.06981e-18 5.65625e-05 0 5.65625e-05 8.06981e-18 0 0 0 0
Plastic strain_rate_mean 0 0 0 0 0 0 0 0 0
Dissipation 0.00191154
End step 16
Begin step 17
Stress 1.87071e-12 97.1822 2.61579e-14 97.1822 -1.93573e-12 2.5041e-12 2.61579e-14 2.5041e-12 -1.95242e-14
Strain 0 0.000566667 0 0.000566667 0 0 0 0 0
Strain mean -1.29873e-19 0.000566667 1.30789e-19 0.000566667 -4.50186e-33 1.25205e-17 1.30789e-19 1.25205e-17 -1.61297e-33
Plastic strain_mean -9.58104e-18 8.07556e-05 0 8.07556e-05 9.58104e-18 0 0 0 0
Plastic strain_rate_mean 0 0 0 0 0 0 0 0 0
Dissipation 0.00235038
End step 17
Begin step 18
Stress -1.21049e-12 98.3881 1.62571e-12 98.3881 1.19753e-12 -1.95667e-12 1.62571e-12 -1.95667e-12 -3.89086e-15
Strain 0 0.0006 0 0.0006 0 0 0 0 0
Strain mean -2.58816e-20 0.0006 8.12856e-18 0.0006 2.6963e-33 -9.78336e-18 8.12856e-18 -9.78336e-18 -2.83473e-33
Plastic strain_mean 6.00712e-18 0.000108059 0 0.000108059 -6.00712e-18 0 0 0 0
Plastic strain_rate_mean 0 0 0 0 0 0 0 0 0
Dissipation 0.00268523
End step 18
Begin step 19
Stress 2.70783e-12 99.1633 -7.72487e-13 99.1633 -2.68505e-12 3.00404e-12 -7.72487e-13 3.00404e-12 6.83848e-15
Strain 0 0.000633333 0 0.000633333 0 0 0 0 0
Strain mean 4.54888e-20 0.000633333 -3.86243e-18 0.000633333 -3.27408e-33 1.50202e-17 -3.86243e-18 1.50202e-17 -2.14862e-33
Plastic strain_mean -1.34594e-17 0.000137517 0 0.000137517 1.34594e-17 0 0 0 0
Plastic strain_rate_mean 0 0 0 0 0 0 0 0 0
Dissipation 0.00291961
End step 19
Begin step 20
Stress 1.2422e-12 99.6556 1.22792e-12 99.6556 -1.22544e-12 -5.78001e-12 1.22792e-12 -5.78001e-12 5.03061e-15
Strain 0 0.000666667 0 0.000666667 0 0 0 0 0
Strain mean 3.3463e-20 0.000666667 6.13962e-18 0.000666667 8.16113e-33 -2.89e-17 6.13962e-18 -2.89e-17 3.06644e-33
Plastic strain_mean -6.15237e-18 0.000168389 0 0.000168389 6.15237e-18 0 0 0 0
Plastic strain_rate_mean 0 0 0 0 0 0 0 0 0
Dissipation 0.00307464
End step 20
Begin step 21
Stress 1.56135e-13 99.9684 7.57788e-13 99.9684 -1.16214e-13 -8.30511e-13 7.57788e-13 -8.30511e-13 1.1987e-14
Strain 0 0.0007 0 0.0007 0 0 0 0 0
Strain mean 7.97361e-20 0.0007 3.78894e-18 0.0007 -1.33852e-32 -4.15255e-18 3.78894e-18 -4.15255e-18 4.06552e-33
Plastic strain_mean -6.41005e-19 0.000200158 0 0.000200158 6.41005e-19 0 0 0 0
Plastic strain_rate_mean 0 0 0 0 0 0 0 0 0
Dissipation 0.00317363
End step 21
Begin step 22
Stress -5.52358e-13 100.17 -3.38601e-13 100.17 5.40898e-13 9.12202e-13 -3.38601e-13 9.12202e-13 -3.44108e-15
Strain 0 0.000733333 0 0.000733333 0 0 0 0 0
Strain mean -2.28896e-20 0.000733333 -1.69301e-18 0.000733333 -5.93427e-33 4.56101e-18 -1.69301e-18 4.56101e-18 1.88606e-33
Plastic strain_mean 2.7217e-18 0.000232485 0 0.000232485 -2.7217e-18 0 0 0 0
Plastic strain_rate_mean 0 0 0 0 0 0 0 0 0
Dissipation 0.00323552
End step 22
Begin step 23
Stress -9.30073e-13 100.302 -9.31545e-13 100.302 8.82895e-13 1.10312e-12 -9.31545e-13 1.10312e-12 -1.41661e-14
Strain 0 0.000766667 0 0.000766667 0 0 0 0 0
Strain mean -9.4231e-20 0.000766667 -4.65772e-18 0.000766667 -1.05023e-33 5.51562e-18 -4.65772e-18 5.51562e-18 3.59908e-33
Plastic strain_mean 4.48531e-18 0.000265154 0 0.000265154 -4.48531e-18 0 0 0 0
Plastic strain_rate_mean 0 0 0 0 0 0 0 0 0
Dissipation 0.0032738
End step 23
Begin step 24
Stress -6.38527e-13 100.394 -1.05497e-12 100.394 6.08539e-13 3.99463e-13 -1.05497e-12 3.99463e-13 -9.00444e-15
Strain 0 0.0008 0 0.0008 0 0 0 0 0
Strain mean -5.98965e-20 0.0008 -5.27487e-18 0.0008 3.43056e-34 1.99732e-18 -5.27487e-18 1.99732e-18 2.17269e-33
Plastic strain_mean 3.08772e-18 0.000298032 0 0.000298032 -3.08772e-18 0 0 0 0
Plastic strain_rate_mean 0 0 0 0 0 0 0 0 0
Dissipation 0.00329739
End step 24
Begin step 25
Stress -4.14341e-13 100.459 1.58887e-13 100.459 3.52387e-13 -1.11582e-13 1.58887e-13 -1.11582e-13 -1.86028e-14
Strain 0 0.000833333 0 0.000833333 0 0 0 0 0
Strain mean -1.23743e-19 0.000833333 7.94437e-19 0.000833333 -8.81113e-33 -5.5791e-19 7.94437e-19 -5.5791e-19 -2.38033e-33
Plastic strain_mean 1.85495e-18 0.000331037 0 0.000331037 -1.85495e-18 0 0 0 0
Plastic strain_rate_mean 0 0 0 0 0 0 0 0 0
Dissipation 0.00331197
End step 25
Begin step 26
Stress -5.15641e-13 100.51 -2.04256e-13 100.51 5.73814e-13 -9.31478e-13 -2.04256e-13 -9.31478e-13 1.74674e-14
Strain 0 0.000866667 0 0.000866667 0 0 0 0 0
Strain mean 1.16191e-19 0.000866667 -1.02128e-18 0.000866667 8.06483e-34 -4.65739e-18 -1.02128e-18 -4.65739e-18 4.66436e-35
Plastic strain_mean 2.78173e-18 0.000364119 0 0.000364119 -2.78173e-18 0 0 0 0
Plastic strain_rate_mean 0 0 0 0 0 0 0 0 0
Dissipation 0.00332105
End step 26
Begin step 27
Stress -1.0603e-12 100.551 2.06975e-12 100.551 1.10375e-12 -8.68335e-13 2.06975e-12 -8.68335e-13 1.30481e-14
Strain 0 0.0009 0 0.0009 0 0 0 0 0
Strain mean 8.67947e-20 0.0009 1.03487e-17 0.0009 5.77779e-33 -4.34167e-18 1.03487e-17 -4.34167e-18 -2.91899e-33
Plastic strain_mean 5.45352e-18 0.000397247 0 0.000397247 -5.45352e-18 0 0 0 0
Plastic strain_rate_mean 0 0 0 0 0 0 0 0 0
Dissipation 0.00332682
End step 27
Begin step 28
Stress -1.86984e-13 100.586 2.38449e-12 100.586 7.72847e-14 -1.47659e-12 2.38449e-12 -1.47659e-12 -3.29391e-14
Strain 0 0.000933333 0 0.000933333 0 0 0 0 0
Strain mean -2.19107e-19 0.000933333 1.19224e-17 0.000933333 5.68149e-33 -7.38296e-18 1.19224e-17 -7.38296e-18 -6.9815e-33
Plastic strain_mean 5.51119e-19 0.000430404 0 0.000430404 -5.51119e-19 0 0 0 0
Plastic strain_rate_mean 0 0 0 0 0 0 0 0 0
Dissipation 0.00333057
End step 28
Begin step 29
Stress 6.48042e-14 100.618 5.99171e-13 100.618 -4.84721e-14 -1.02803e-12 5.99171e-13 -1.02803e-12 4.90397e-15
Strain 0 0.000966667 0 0.000966667 0 0 0 0 0
Strain mean 3.26206e-20 0.000966667 2.99586e-18 0.000966667 -4.81482e-33 -5.14017e-18 2.99586e-18 -5.14017e-18 1.84938e-33
Plastic strain_mean -2.66881e-19 0.000463578 0 0.000463578 2.66881e-19 0 0 0 0
Plastic strain_rate_mean 0 0 0 0 0 0 0 0 0
Dissipation 0.00333311
End step 29
Begin step 30
Stress 8.0275e-14 100.647 7.96177e-13 100.647 -4.87743e-14 -1.02654e-12 7.96177e-13 -1.02654e-12 9.45859e-15
Strain 0 0.001 0 0.001 0 0 0 0 0
Strain mean 6.29175e-20 0.001 3.98088e-18 0.001 -1.1676e-33 -5.1327e-18 3.98088e-18 -5.1327e-18 1.81825e-33
Plastic strain_mean -2.91164e-19 0.000496763 0 0.000496763 2.91164e-19 0 0 0 0
Plastic strain_rate_mean 0 0 0 0 0 0 0 0 0
Dissipation 0.00333493
End step 30
