Begin step 0
Stress 0 0 0 0 0 0 0 0 0
Strain 0 0 0 0 0 0 0 0 0
Strain mean 0 0 0 0 0 0 0 0 0
Plastic strain_mean 0 0 0 0 0 0 0 0 0
Plastic strain_rate_mean 0 0 0 0 0 0 0 0 0
Dissipation 0
End step 0
Begin step 1
Stress -5.45121e-15 6.66367 -6.56557e-13 6.66367 1.79283e-16 2.032e-12 -6.56557e-13 2.032e-12 -1.58298e-15
Strain 0 3.33333e-05 0 3.33333e-05 0 0 0 0 0
Strain mean -1.05298e-20 3.33333e-05 -3.28279e-18 3.33333e-05 -1.54074e-33 1.016e-17 -3.28279e-18 1.016e-17 1.53548e-33
Plastic strain_mean 8.81133e-21 1.49875e-08 0 1.49875e-08 -8.81133e-21 0 0 0 0
Plastic strain_rate_mean 0 0 0 0 0 0 0 0 0
Dissipation 9.98716e-08
End step 1
Begin step 2
Stress 2.14161e-14 13.3243 3.68623e-12 13.3243 -2.66589e-14 2.31904e-12 3.68623e-12 2.31904e-12 -1.57425e-15
Strain 0 6.66667e-05 0 6.66667e-05 0 0 0 0 0
Strain mean -1.04717e-20 6.66667e-05 1.84312e-17 6.66667e-05 8.57039e-32 1.15952e-17 1.84312e-17 1.15952e-17 6.10881e-33
Plastic strain_mean -1.25423e-19 4.49557e-08 0 4.49557e-08 1.25423e-19 0 0 0 0
Plastic strain_rate_mean 0 0 0 0 0 0 0 0 0
Dissipation 3.99306e-07
End step 2
Begin step 3
Stress 5.13776e-14 19.982 3.59499e-12 19.982 -5.0934e-14 2.24754e-12 3.59499e-12 2.24754e-12 1.33189e-16
Strain 0 0.0001 0 0.0001 0 0 0 0 0
Strain mean 8.85957e-22 0.0001 1.7975e-17 0.0001 1.98563e-31 1.12377e-17 1.7975e-17 1.12377e-17 5.78381e-33
Plastic strain_mean -2.55336e-19 8.98979e-08 0 8.98979e-08 2.55336e-19 0 0 0 0
Plastic strain_rate_mean 0 0 0 0 0 0 0 0 0
Dissipation 8.98034e-07
End step 3
Begin step 4
Stress 8.83513e-14 26.6367 3.6367e-12 26.6367 -7.27536e-14 2.28558e-12 3.6367e-12 2.28558e-12 4.68344e-15
Strain 0 0.000133333 0 0.000133333 0 0 0 0 0
Strain mean 3.11537e-20 0.000133333 1.81835e-17 0.000133333 5.83557e-32 1.14279e-17 1.81835e-17 1.14279e-17 6.32548e-33
Plastic strain_mean -3.87185e-19 1.49807e-07 0 1.49807e-07 3.87185e-19 0 0 0 0
Plastic strain_rate_mean 0 0 0 0 0 0 0 0 0
Dissipation 1.59579e-06
End step 4
Begin step 5
Stress 1.05823e-13 33.2884 3.63142e-12 33.2884 -1.02813e-13 2.27524e-12 3.63142e-12 2.27524e-12 9.03937e-16
Strain 0 0.000166667 0 0.000166667 0 0 0 0 0
Strain mean 6.01289e-21 0.000166667 1.81571e-17 0.000166667 4.25631e-32 1.13762e-17 1.81571e-17 1.13762e-17 5.97339e-33
Plastic strain_mean -5.18583e-19 2.24677e-07 0 2.24677e-07 5.18583e-19 0 0 0 0
Plastic strain_rate_mean 0 0 0 0 0 0 0 0 0
Dissipation 2.49229e-06
End step 5
Begin step 6
Stress 1.31982e-13 39.9371 3.63903e-12 39.9371 -1.29103e-13 2.27562e-12 3.63903e-12 2.27562e-12 8.64636e-16
Strain 0 0.0002 0 0.0002 0 0 0 0 0
Strain mean 5.75146e-21 0.0002 1.81952e-17 0.0002 1.17241e-31 1.13781e-17 1.81952e-17 1.13781e-17 6.20511e-33
Plastic strain_mean -6.49837e-19 3.14501e-07 0 3.14501e-07 6.49837e-19 0 0 0 0
Plastic strain_rate_mean 0 0 0 0 0 0 0 0 0
Dissipation 3.58728e-06
End step 6
Begin step 7
Stress 3.99385e-14 46.5828 -2.03412e-12 46.5828 -4.61193e-14 -3.21984e-12 -2.03412e-12 -3.21984e-12 -1.85591e-15
Strain 0 0.000233333 0 0.000233333 0 0 0 0 0
Strain mean -1.23453e-20 0.000233333 -1.01706e-17 0.000233333 -1.0713e-33 -1.60992e-17 -1.01706e-17 -1.60992e-17 2.68426e-33
Plastic strain_mean -2.21317e-19 4.19391e-07 0 4.19391e-07 2.21317e-19 0 0 0 0
Plastic strain_rate_mean 0 0 0 0 0 0 0 0 0
Dissipation 4.88608e-06
End step 7
Begin step 8
Stress 2.28347e-14 53.2252 -3.24054e-12 53.2252 -2.7983e-14 2.22433e-12 -3.24054e-12 2.22433e-12 -1.54586e-15
Strain 0 0.000266667 0 0.000266667 0 0 0 0 0
Strain mean -1.02829e-20 0.000266667 -1.62027e-17 0.000266667 -7.46298e-34 1.11216e-17 -1.62027e-17 1.11216e-17 1.3301e-33
Plastic strain_mean -1.32186e-19 5.40449e-07 0 5.40449e-07 1.32186e-19 0 0 0 0
Plastic strain_rate_mean 0 0 0 0 0 0 0 0 0
Dissipation 6.44332e-06
End step 8
Begin step 9
Stress -5.76853e-14 59.8635 -3.74002e-12 59.8635 3.86046e-14 4.1298e-12 -3.74002e-12 4.1298e-12 -5.7293e-15
Strain 0 0.0003 0 0.0003 0 0 0 0 0
Strain mean -3.81107e-20 0.0003 -1.87001e-17 0.0003 2.10649e-33 2.0649e-17 -1.87001e-17 2.0649e-17 -4.62524e-33
Plastic strain_mean 2.21669e-19 6.82293e-07 0 6.82293e-07 -2.21669e-19 0 0 0 0
Plastic strain_rate_mean 0 0 0 0 0 0 0 0 0
Dissipation 8.49123e-06
End step 9
Begin step 10
Stress -3.98879e-14 66.4961 1.34352e-12 66.4961 3.24127e-14 -5.47021e-13 1.34352e-12 -5.47021e-13 -2.24456e-15
Strain 0 0.000333333 0 0.000333333 0 0 0 0 0
Strain mean -1.49306e-20 0.000333333 6.7176e-18 0.000333333 2.80464e-33 -2.7351e-18 6.7176e-18 -2.7351e-18 3.90904e-33
Plastic strain_mean 1.73286e-19 8.52707e-07 0 8.52707e-07 -1.73286e-19 0 0 0 0
Plastic strain_rate_mean 0 0 0 0 0 0 0 0 0
Dissipation 1.13318e-05
End step 10
Begin step 11
Stress 5.3971e-14 73.1202 -3.61892e-12 73.1202 -6.39113e-14 -1.85627e-12 -3.61892e-12 -1.85627e-12 -2.98474e-15
Strain 0 0.000366667 0 0.000366667 0 0 0 0 0
Strain mean -1.98542e-20 0.000366667 -1.80946e-17 0.000366667 -9.62965e-34 -9.28134e-18 -1.80946e-17 -9.28134e-18 1.38125e-33
Plastic strain_mean -3.04633e-19 1.0655e-06 0 1.0655e-06 3.04633e-19 0 0 0 0
Plastic strain_rate_mean 0 0 0 0 0 0 0 0 0
Dissipation 1.55596e-05
End step 11
Begin step 12
Stress 9.65831e-14 79.7304 -2.96415e-12 79.7304 -1.12683e-13 3.03263e-12 -2.96415e-12 3.03263e-12 -4.8341e-15
Strain 0 0.0004 0 0.0004 0 0 0 0 0
Strain mean -3.21559e-20 0.0004 -1.48208e-17 0.0004 1.42037e-33 1.51631e-17 -1.48208e-17 1.51631e-17 -2.28403e-33
Plastic strain_mean -5.39242e-19 1.34817e-06 0 1.34817e-06 5.39242e-19 0 0 0 0
Plastic strain_rate_mean 0 0 0 0 0 0 0 0 0
Dissipation 2.25367e-05
End step 12
Begin step 13
Stress -1.226e-14 86.3134 1.84412e-12 86.3134 -6.21433e-14 -4.20593e-13 1.84412e-12 -4.20593e-13 -2.23408e-14
Strain 0 0.000433333 0 0.000433333 0 0 0 0 0
Strain mean -1.48608e-19 0.000433333 9.2206e-18 0.000433333 -1.98912e-33 -2.10297e-18 9.2206e-18 -2.10297e-18 -1.70682e-34
Plastic strain_mean -1.99013e-19 1.76655e-06 0 1.76655e-06 1.99013e-19 0 0 0 0
Plastic strain_rate_mean 0 0 0 0 0 0 0 0 0
Dissipation 3.61115e-05
End step 13
Begin step 14
Stress 7.49162e-14 92.8238 1.91983e-12 92.8238 -5.96312e-14 1.41054e-12 1.91983e-12 1.41054e-12 4.58956e-15
Strain 0 0.000466667 0 0.000466667 0 0 0 0 0
Strain mean 3.05292e-20 0.000466667 9.59917e-18 0.000466667 -2.05593e-32 7.0527e-18 9.59917e-18 7.0527e-18 -4.37848e-33
Plastic strain_mean -3.21104e-19 2.5478e-06 0 2.5478e-06 3.21104e-19 0 0 0 0
Plastic strain_rate_mean 0 0 0 0 0 0 0 0 0
Dissipation 7.25176e-05
End step 14
Begin step 15
Stress -2.20661e-12 98.7846 6.33465e-13 98.7846 2.17575e-12 -1.0215e-12 6.33465e-13 -1.0215e-12 -9.26645e-15
Strain 0 0.0005 0 0.0005 0 0 0 0 0
Strain mean -6.16394e-20 0.0005 3.16733e-18 0.0005 1.58119e-31 -5.10752e-18 3.16733e-18 -5.10752e-18 2.79946e-33
Plastic strain_mean 1.09251e-17 6.07694e-06 0 6.07694e-06 -1.09251e-17 0 0 0 0
Plastic strain_rate_mean 0 0 0 0 0 0 0 0 0
Dissipation 0.000348613
End step 15
Begin step 16
Stress -1.47319e-12 100.29 5.0565e-13 100.29 1.48802e-12 -1.57597e-12 5.0565e-13 -1.57597e-12 4.45418e-15
Strain 0 0.000533333 0 0.000533333 0 0 0 0 0
Strain mean 2.96287e-20 0.000533333 2.52825e-18 0.000533333 -1.24523e-32 -7.87984e-18 2.52825e-18 -7.87984e-18 1.51216e-33
Plastic strain_mean 7.41784e-18 3.18855e-05 0 3.18855e-05 -7.41784e-18 0 0 0 0
Plastic strain_rate_mean 0 0 0 0 0 0 0 0 0
Dissipation 0.00258809
End step 16
Begin step 17
Stress 2.89999e-12 100.362 -4.88654e-12 100.362 -2.9369e-12 1.4014e-12 -4.88654e-12 1.4014e-12 -1.10831e-14
Strain 0 0.000566667 0 0.000566667 0 0 0 0 0
Strain mean -7.37232e-20 0.000566667 -2.44327e-17 0.000566667 -3.4426e-32 7.00702e-18 -2.44327e-17 7.00702e-18 7.68265e-33
Plastic strain_mean -1.46291e-17 6.48564e-05 0 6.48564e-05 1.46291e-17 0 0 0 0
Plastic strain_rate_mean 0 0 0 0 0 0 0 0 0
Dissipation 0.00330859
End step 17
Begin step 18
Stress 5.77976e-13 100.384 -1.32323e-12 100.384 -5.48031e-13 -1.2933e-12 -1.32323e-12 -1.2933e-12 8.99134e-15
Strain 0 0.0006 0 0.0006 0 0 0 0 0
Strain mean 5.98094e-20 0.0006 -6.61617e-18 0.0006 1.01834e-32 -6.46651e-18 -6.61617e-18 -6.46651e-18 3.44749e-34
Plastic strain_mean -2.78511e-18 9.80785e-05 0 9.80785e-05 2.78511e-18 0 0 0 0
Plastic strain_rate_mean 0 0 0 0 0 0 0 0 0
Dissipation 0.00333441
End step 18
Begin step 19
Stress -1.52652e-13 100.405 3.58475e-12 100.405 9.41302e-14 -3.78534e-13 3.58475e-12 -3.78534e-13 -1.75722e-14
Strain 0 0.000633333 0 0.000633333 0 0 0 0 0
Strain mean -1.16888e-19 0.000633333 1.79238e-17 0.000633333 1.5588e-33 -1.89267e-18 1.79238e-17 -1.89267e-18 8.12502e-34
Plastic strain_mean 5.58512e-19 0.000131309 0 0.000131309 -5.58512e-19 0 0 0 0
Plastic strain_rate_mean 0 0 0 0 0 0 0 0 0
Dissipation 0.00333579
End step 19
Begin step 20
Stress -2.27342e-12 100.425 -5.21131e-12 100.425 2.26952e-12 -9.83455e-13 -5.21131e-12 -9.83455e-13 -1.17032e-15
Strain 0 0.000666667 0 0.000666667 0 0 0 0 0
Strain mean -7.7848e-21 0.000666667 -2.60565e-17 0.000666667 3.73149e-34 -4.91727e-18 -2.60565e-17 -4.91727e-18 -3.00325e-33
Plastic strain_mean 1.13535e-17 0.00016454 0 0.00016454 -1.13535e-17 0 0 0 0
Plastic strain_rate_mean 0 0 0 0 0 0 0 0 0
Dissipation 0.00333645
End step 20
Begin step 21
Stress -1.32691e-12 100.446 -2.75926e-12 100.446 1.44417e-12 -7.34149e-13 -2.75926e-12 -7.34149e-13 3.52099e-14
Strain 0 0.0007 0 0.0007 0 0 0 0 0
Strain mean 2.34212e-19 0.0007 -1.37963e-17 0.0007 1.04422e-33 -3.67074e-18 -1.37963e-17 -3.67074e-18 -1.63704e-33
Plastic strain_mean 7.04479e-18 0.000197771 0 0.000197771 -7.04479e-18 0 0 0 0
Plastic strain_rate_mean 0 0 0 0 0 0 0 0 0
Dissipation 0.00333706
End step 21
Begin step 22
Stress -8.14431e-13 100.466 -1.29305e-12 100.466 9.42921e-13 -4.81225e-13 -1.29305e-12 -4.81225e-13 3.85811e-14
Strain 0 0.000733333 0 0.000733333 0 0 0 0 0
Strain mean 2.56637e-19 0.000733333 -6.46527e-18 0.000733333 2.97917e-34 -2.40613e-18 -6.46527e-18 -2.40613e-18 -1.17211e-33
Plastic strain_mean 4.5217e-18 0.000231003 0 0.000231003 -4.5217e-18 0 0 0 0
Plastic strain_rate_mean 0 0 0 0 0 0 0 0 0
Dissipation 0.00333765
End step 22
Begin step 23
Stress 2.60172e-12 100.486 -5.25818e-12 100.486 -2.62054e-12 1.85888e-12 -5.25818e-12 1.85888e-12 -5.6507e-15
Strain 0 0.000766667 0 0.000766667 0 0 0 0 0
Strain mean -3.75878e-20 0.000766667 -2.62909e-17 0.000766667 3.62075e-32 9.29439e-18 -2.62909e-17 9.29439e-18 6.69562e-33
Plastic strain_mean -1.30744e-17 0.000264235 0 0.000264235 1.30744e-17 0 0 0 0
Plastic strain_rate_mean 0 0 0 0 0 0 0 0 0
Dissipation 0.00333823
End step 23
Begin step 24
Stress 1.79039e-12 100.507 -2.94204e-12 100.507 -1.87666e-12 1.39158e-12 -2.94204e-12 1.39158e-12 -2.59041e-14
Strain 0 0.0008 0 0.0008 0 0 0 0 0
Strain mean -1.72311e-19 0.0008 -1.47102e-17 0.0008 -4.48982e-32 6.95788e-18 -1.47102e-17 6.95788e-18 4.38149e-33
Plastic strain_mean -9.25377e-18 0.000297466 0 0.000297466 9.25377e-18 0 0 0 0
Plastic strain_rate_mean 0 0 0 0 0 0 0 0 0
Dissipation 0.00333881
End step 24
Begin step 25
Stress -1.11939e-12 100.527 -5.49551e-12 100.527 1.13364e-12 -1.66373e-12 -5.49551e-12 -1.66373e-12 4.27951e-15
Strain 0 0.000833333 0 0.000833333 0 0 0 0 0
Strain mean 2.84668e-20 0.000833333 -2.74775e-17 0.000833333 1.44445e-33 -8.31863e-18 -2.74775e-17 -8.31863e-18 2.4676e-34
Plastic strain_mean 5.64679e-18 0.000330698 0 0.000330698 -5.64679e-18 0 0 0 0
Plastic strain_rate_mean 0 0 0 0 0 0 0 0 0
Dissipation 0.00333938
End step 25
Begin step 26
Stress -9.22179e-13 100.547 -3.80285e-12 100.547 8.76091e-13 -1.17842e-12 -3.80285e-12 -1.17842e-12 -1.38385e-14
Strain 0 0.000866667 0 0.000866667 0 0 0 0 0
Strain mean -9.20524e-20 0.000866667 -1.90143e-17 0.000866667 -3.43056e-34 -5.89208e-18 -1.90143e-17 -5.89208e-18 5.77779e-34
Plastic strain_mean 4.44965e-18 0.00036393 0 0.00036393 -4.44965e-18 0 0 0 0
Plastic strain_rate_mean 0 0 0 0 0 0 0 0 0
Dissipation 0.00333996
End step 26
Begin step 27
Stress -6.34045e-13 100.568 -2.7073e-12 100.568 6.3038e-13 -8.51436e-13 -2.7073e-12 -8.51436e-13 -1.10045e-15
Strain 0 0.0009 0 0.0009 0 0 0 0 0
Strain mean -7.32004e-21 0.0009 -1.35365e-17 0.0009 -7.73381e-34 -4.25718e-18 -1.35365e-17 -4.25718e-18 4.42362e-34
Plastic strain_mean 3.1574e-18 0.000397161 0 0.000397161 -3.1574e-18 0 0 0 0
Plastic strain_rate_mean 0 0 0 0 0 0 0 0 0
Dissipation 0.00334053
End step 27
Begin step 28
Stress 1.21452e-12 100.588 -6.53687e-12 100.588 -1.24769e-12 -3.6245e-12 -6.53687e-12 -3.6245e-12 -9.96078e-15
Strain 0 0.000933333 0 0.000933333 0 0 0 0 0
Strain mean -6.6258e-20 0.000933333 -3.26843e-17 0.000933333 -6.25927e-34 -1.81225e-17 -3.26843e-17 -1.81225e-17 -3.75857e-33
Plastic strain_mean -6.18866e-18 0.000430392 0 0.000430392 6.18866e-18 0 0 0 0
Plastic strain_rate_mean 0 0 0 0 0 0 0 0 0
Dissipation 0.0033411
End step 28
Begin step 29
Stress 7.9655e-13 100.609 -1.02732e-12 100.609 -7.15224e-13 -2.57572e-13 -1.02732e-12 -2.57572e-13 2.44194e-14
Strain 0 0.000966667 0 0.000966667 0 0 0 0 0
Strain mean 1.62435e-19 0.000966667 -5.13659e-18 0.000966667 6.72631e-32 -1.28786e-18 -5.13659e-18 -1.28786e-18 -2.91164e-33
Plastic strain_mean -3.69822e-18 0.000463623 0 0.000463623 3.69822e-18 0 0 0 0
Plastic strain_rate_mean 0 0 0 0 0 0 0 0 0
Dissipation 0.00334168
End step 29
Begin step 30
Stress 5.41769e-13 100.629 2.71915e-12 100.629 -5.26877e-13 3.84794e-13 2.71915e-12 3.84794e-13 4.47165e-15
Strain 0 0.001 0 0.001 0 0 0 0 0
Strain mean 2.97449e-20 0.001 1.35958e-17 0.001 7.94446e-34 1.92397e-18 1.35958e-17 1.92397e-18 -6.86113e-34
Plastic strain_mean -2.65674e-18 0.000496855 0 0.000496855 2.65674e-18 0 0 0 0
Plastic strain_rate_mean 0 0 0 0 0 0 0 0 0
Dissipation 0.00334225
End step 30
