Begin step 0
Stress 0 0 0 0 0 0 0 0 0
Strain 0 0 0 0 0 0 0 0 0
Strain mean 0 0 0 0 0 0 0 0 0
Plastic strain_mean 0 0 0 0 0 0 0 0 0
Plastic strain_rate_mean 0 0 0 0 0 0 0 0 0
Dissipation 0
End step 0
Begin step 1
Stress -2.6926e-15 6.6241 2.31765e-12 6.6241 1.07277e-14 -2.13042e-12 2.31765e-12 -2.13042e-12 2.41268e-15
Strain 0 3.33333e-05 0 3.33333e-05 0 0 0 0 0
Strain mean 1.60489e-20 3.33333e-05 1.15882e-17 3.33333e-05 2.1426e-33 -1.06521e-17 1.15882e-17 -1.06521e-17 -2.24472e-34
Plastic strain_mean 4.15753e-20 2.12833e-07 0 2.12833e-07 -4.15753e-20 0 0 0 0
Plastic strain_rate_mean 0 0 0 0 0 0 0 0 0
Dissipation 1.40981e-06
End step 1
Begin step 2
Stress 5.89712e-14 13.2059 -1.48269e-13 13.2059 -6.08218e-14 3.21097e-12 -1.48269e-13 3.21097e-12 -5.55681e-16
Strain 0 6.66667e-05 0 6.66667e-05 0 0 0 0 0
Strain mean -3.69633e-21 6.66667e-05 -7.41346e-19 6.66667e-05 -1.28074e-32 1.60549e-17 -7.41346e-19 1.60549e-17 3.17233e-33
Plastic strain_mean -3.01331e-19 6.37137e-07 0 6.37137e-07 3.01331e-19 0 0 0 0
Plastic strain_rate_mean 0 0 0 0 0 0 0 0 0
Dissipation 5.60323e-06
End step 2
Begin step 3
Stress 1.31786e-13 19.7457 -1.46674e-13 19.7457 -1.25158e-13 3.18928e-12 -1.46674e-13 3.18928e-12 1.99019e-15
Strain 0 0.0001 0 0.0001 0 0 0 0 0
Strain mean 1.32385e-20 0.0001 -7.33368e-19 0.0001 -2.65778e-32 1.59464e-17 -7.33368e-19 1.59464e-17 4.29497e-33
Plastic strain_mean -6.35743e-19 1.27156e-06 0 1.27156e-06 6.35743e-19 0 0 0 0
Plastic strain_rate_mean 0 0 0 0 0 0 0 0 0
Dissipation 1.25268e-05
End step 3
Begin step 4
Stress 1.97094e-13 26.2437 -1.23654e-13 26.2437 -1.90208e-13 3.16814e-12 -1.23654e-13 3.16814e-12 2.0677e-15
Strain 0 0.000133333 0 0.000133333 0 0 0 0 0
Strain mean 1.37541e-20 0.000133333 -6.18272e-19 0.000133333 1.34334e-32 1.58407e-17 -6.18272e-19 1.58407e-17 3.25847e-33
Plastic strain_mean -9.61378e-19 2.11475e-06 0 2.11475e-06 9.61378e-19 0 0 0 0
Plastic strain_rate_mean 0 0 0 0 0 0 0 0 0
Dissipation 2.21278e-05
End step 4
Begin step 5
Stress 2.66759e-13 32.7003 -1.16329e-13 32.7003 -2.50892e-13 3.14658e-12 -1.16329e-13 3.14658e-12 4.76423e-15
Strain 0 0.000166667 0 0.000166667 0 0 0 0 0
Strain mean 3.16911e-20 0.000166667 -5.81645e-19 0.000166667 -1.86815e-32 1.57329e-17 -5.81645e-19 1.57329e-17 3.41345e-33
Plastic strain_mean -1.27828e-18 3.16537e-06 0 3.16537e-06 1.27828e-18 0 0 0 0
Plastic strain_rate_mean 0 0 0 0 0 0 0 0 0
Dissipation 3.43545e-05
End step 5
Begin step 6
Stress 3.07067e-13 39.1156 -9.99771e-14 39.1156 -3.21886e-13 3.12565e-12 -9.99771e-14 3.12565e-12 -4.44982e-15
Strain 0 0.0002 0 0.0002 0 0 0 0 0
Strain mean -2.95997e-20 0.0002 -4.99885e-19 0.0002 -1.38185e-32 1.56283e-17 -4.99885e-19 1.56283e-17 3.87104e-33
Plastic strain_mean -1.58718e-18 4.4221e-06 0 4.4221e-06 1.58718e-18 0 0 0 0
Plastic strain_rate_mean 0 0 0 0 0 0 0 0 0
Dissipation 4.91556e-05
End step 6
Begin step 7
Stress 3.08561e-13 45.4898 -2.07597e-12 45.4898 -3.2927e-13 1.42857e-12 -2.07597e-12 1.42857e-12 -6.21839e-15
Strain 0 0.000233333 0 0.000233333 0 0 0 0 0
Strain mean -4.1364e-20 0.000233333 -1.03798e-17 0.000233333 -3.25001e-33 7.14285e-18 -1.03798e-17 7.14285e-18 3.56899e-33
Plastic strain_mean -1.61526e-18 5.88458e-06 0 5.88458e-06 1.61526e-18 0 0 0 0
Plastic strain_rate_mean 0 0 0 0 0 0 0 0 0
Dissipation 6.65248e-05
End step 7
Begin step 8
Stress 4.55647e-13 51.8211 1.60711e-12 51.8211 -4.52608e-13 -2.84063e-12 1.60711e-12 -2.84063e-12 9.12671e-16
Strain 0 0.000266667 0 0.000266667 0 0 0 0 0
Strain mean 6.07098e-21 0.000266667 8.03555e-18 0.000266667 1.47045e-31 -1.42032e-17 8.03555e-18 -1.42032e-17 -1.19167e-33
Plastic strain_mean -2.2676e-18 7.56092e-06 0 7.56092e-06 2.2676e-18 0 0 0 0
Plastic strain_rate_mean 0 0 0 0 0 0 0 0 0
Dissipation 8.68651e-05
End step 8
Begin step 9
Stress 5.44398e-13 58.1005 7.86174e-13 58.1005 -5.42812e-13 -3.16439e-12 7.86174e-13 -3.16439e-12 4.75986e-16
Strain 0 0.0003 0 0.0003 0 0 0 0 0
Strain mean 3.16621e-21 0.0003 3.93087e-18 0.0003 -6.65048e-32 -1.58219e-17 3.93087e-18 -1.58219e-17 -2.70834e-33
Plastic strain_mean -2.71644e-18 9.49731e-06 0 9.49731e-06 2.71644e-18 0 0 0 0
Plastic strain_rate_mean 0 0 0 0 0 0 0 0 0
Dissipation 0.000112498
End step 9
Begin step 10
Stress 5.39364e-13 64.3118 1.02338e-12 64.3118 -5.71024e-13 1.70827e-12 1.02338e-12 1.70827e-12 -9.50663e-15
Strain 0 0.000333333 0 0.000333333 0 0 0 0 0
Strain mean -6.3237e-20 0.000333333 5.11691e-18 0.000333333 -1.54423e-31 8.54136e-18 5.11691e-18 8.54136e-18 -4.69445e-34
Plastic strain_mean -2.80759e-18 1.17742e-05 0 1.17742e-05 2.80759e-18 0 0 0 0
Plastic strain_rate_mean 0 0 0 0 0 0 0 0 0
Dissipation 0.000146419
End step 10
Begin step 11
Stress 5.71988e-13 70.4303 1.68428e-12 70.4303 -5.37172e-13 -2.5312e-12 1.68428e-12 -2.5312e-12 1.04542e-14
Strain 0 0.000366667 0 0.000366667 0 0 0 0 0
Strain mean 6.95404e-20 0.000366667 8.4214e-18 0.000366667 1.06889e-32 -1.2656e-17 8.4214e-18 -1.2656e-17 -2.60678e-33
Plastic strain_mean -2.73813e-18 1.45151e-05 0 1.45151e-05 2.73813e-18 0 0 0 0
Plastic strain_rate_mean 0 0 0 0 0 0 0 0 0
Dissipation 0.000193027
End step 11
Begin step 12
Stress 2.07979e-13 76.4142 -6.1453e-12 76.4142 -2.26871e-13 3.93836e-12 -6.1453e-12 3.93836e-12 -5.67253e-15
Strain 0 0.0004 0 0.0004 0 0 0 0 0
Strain mean -3.77331e-20 0.0004 -3.07265e-17 0.0004 -1.01111e-33 1.96918e-17 -3.07265e-17 1.96918e-17 -3.15371e-33
Plastic strain_mean -1.10599e-18 1.79288e-05 0 1.79288e-05 1.10599e-18 0 0 0 0
Plastic strain_rate_mean 0 0 0 0 0 0 0 0 0
Dissipation 0.00026083
End step 12
Begin step 13
Stress 4.45864e-13 82.1901 2.29958e-12 82.1901 -4.04546e-13 -1.68016e-12 2.29958e-12 -1.68016e-12 1.24062e-14
Strain 0 0.000433333 0 0.000433333 0 0 0 0 0
Strain mean 8.25247e-20 0.000433333 1.14979e-17 0.000433333 -5.70557e-32 -8.40079e-18 1.14979e-17 -8.40079e-18 2.89943e-33
Plastic strain_mean -2.08476e-18 2.2383e-05 0 2.2383e-05 2.08476e-18 0 0 0 0
Plastic strain_rate_mean 0 0 0 0 0 0 0 0 0
Dissipation 0.000366043
End step 13
Begin step 14
Stress -1.11961e-13 87.6181 -5.53912e-13 87.6181 1.13939e-13 1.76239e-13 -5.53912e-13 1.76239e-13 5.93891e-16
Strain 0 0.000466667 0 0.000466667 0 0 0 0 0
Strain mean 3.9505e-21 0.000466667 -2.76956e-18 0.000466667 2.56149e-32 8.81194e-19 -2.76956e-18 8.81194e-19 1.50463e-34
Plastic strain_mean 5.66727e-19 2.85762e-05 0 2.85762e-05 -5.66727e-19 0 0 0 0
Plastic strain_rate_mean 0 0 0 0 0 0 0 0 0
Dissipation 0.00054255
End step 14
Begin step 15
Stress -1.15432e-12 92.4222 -1.72645e-13 92.4222 1.17192e-12 1.38653e-12 -1.72645e-13 1.38653e-12 5.28389e-15
Strain 0 0.0005 0 0.0005 0 0 0 0 0
Strain mean 3.51478e-20 0.0005 -8.63224e-19 0.0005 1.15748e-31 6.93263e-18 -8.63224e-19 6.93263e-18 5.86807e-34
Plastic strain_mean 5.83316e-18 3.78888e-05 0 3.78888e-05 -5.83316e-18 0 0 0 0
Plastic strain_rate_mean 0 0 0 0 0 0 0 0 0
Dissipation 0.000860506
End step 15
Begin step 16
Stress 7.23526e-13 96.115 5.50291e-13 96.115 -6.75606e-13 -2.15676e-12 5.50291e-13 -2.15676e-12 1.43888e-14
Strain 0 0.000533333 0 0.000533333 0 0 0 0 0
Strain mean 9.57124e-20 0.000533333 2.75145e-18 0.000533333 -1.38125e-32 -1.07838e-17 2.75145e-18 -1.07838e-17 -3.61112e-34
Plastic strain_mean -3.44997e-18 5.27584e-05 0 5.27584e-05 3.44997e-18 0 0 0 0
Plastic strain_rate_mean 0 0 0 0 0 0 0 0 0
Dissipation 0.00142879
End step 16
Begin step 17
Stress 1.59492e-12 98.2774 5.72517e-13 98.2774 -1.60371e-12 1.04739e-12 5.72517e-13 1.04739e-12 -2.63758e-15
Strain 0 0.000566667 0 0.000566667 0 0 0 0 0
Strain mean -1.75449e-20 0.000566667 2.86259e-18 0.000566667 -3.80973e-33 5.23697e-18 2.86259e-18 5.23697e-18 -3.76158e-34
Plastic strain_mean -8.00536e-18 7.52799e-05 0 7.52799e-05 8.00536e-18 0 0 0 0
Plastic strain_rate_mean 0 0 0 0 0 0 0 0 0
Dissipation 0.00221252
End step 17
Begin step 18
Stress 1.03879e-12 99.2098 -2.56351e-13 99.2098 -1.06456e-12 4.54846e-12 -2.56351e-13 4.54846e-12 -7.73805e-15
Strain 0 0.0006 0 0.0006 0 0 0 0 0
Strain mean -5.14726e-20 0.0006 -1.28176e-18 0.0006 1.08334e-32 2.27423e-17 -1.28176e-18 2.27423e-17 -1.625e-33
Plastic strain_mean -5.28412e-18 0.000103951 0 0.000103951 5.28412e-18 0 0 0 0
Plastic strain_rate_mean 0 0 0 0 0 0 0 0 0
Dissipation 0.00284312
End step 18
Begin step 19
Stress 4.24361e-13 99.5495 -1.21958e-13 99.5495 -4.01222e-13 2.61679e-12 -1.21958e-13 2.61679e-12 6.94765e-15
Strain 0 0.000633333 0 0.000633333 0 0 0 0 0
Strain mean 4.6215e-20 0.000633333 -6.0979e-19 0.000633333 -1.29398e-33 1.3084e-17 -6.0979e-19 1.3084e-17 -1.35718e-33
Plastic strain_mean -2.04085e-18 0.000135586 0 0.000135586 2.04085e-18 0 0 0 0
Plastic strain_rate_mean 0 0 0 0 0 0 0 0 0
Dissipation 0.00314739
End step 19
Begin step 20
Stress -5.57055e-13 99.675 -3.45166e-13 99.675 5.70726e-13 1.61756e-12 -3.45166e-13 1.61756e-12 4.10484e-15
Strain 0 0.000666667 0 0.000666667 0 0 0 0 0
Strain mean 2.73049e-20 0.000666667 -1.72583e-18 0.000666667 1.13148e-32 8.08778e-18 -1.72583e-18 8.08778e-18 -1.12547e-33
Plastic strain_mean 2.8331e-18 0.000168291 0 0.000168291 -2.8331e-18 0 0 0 0
Plastic strain_rate_mean 0 0 0 0 0 0 0 0 0
Dissipation 0.00325779
End step 20
Begin step 21
Stress 4.70579e-13 99.7312 -4.04706e-12 99.7312 -3.88235e-13 6.02021e-12 -4.04706e-12 6.02021e-12 2.47251e-14
Strain 0 0.0007 0 0.0007 0 0 0 0 0
Strain mean 1.64468e-19 0.0007 -2.02353e-17 0.0007 5.41668e-35 3.01011e-17 -2.02353e-17 3.01011e-17 -8.86229e-34
Plastic strain_mean -2.0648e-18 0.000201344 0 0.000201344 2.0648e-18 0 0 0 0
Plastic strain_rate_mean 0 0 0 0 0 0 0 0 0
Dissipation 0.00329391
End step 21
Begin step 22
Stress 2.23441e-15 99.7654 -2.90135e-13 99.7654 -6.12655e-14 6.65065e-17 -2.90135e-13 6.65065e-17 -1.7725e-14
Strain 0 0.000733333 0 0.000733333 0 0 0 0 0
Strain mean -1.17905e-19 0.000733333 -1.45068e-18 0.000733333 -2.40139e-33 3.32532e-22 -1.45068e-18 3.32532e-22 9.17826e-35
Plastic strain_mean -2.17702e-19 0.000234506 0 0.000234506 2.17702e-19 0 0 0 0
Plastic strain_rate_mean 0 0 0 0 0 0 0 0 0
Dissipation 0.00330568
End step 22
Begin step 23
Stress -8.84227e-14 99.7926 2.3292e-13 99.7926 1.55587e-15 5.49661e-12 2.3292e-13 5.49661e-12 -2.60832e-14
Strain 0 0.000766667 0 0.000766667 0 0 0 0 0
Strain mean -1.73502e-19 0.000766667 1.1646e-18 0.000766667 1.28797e-33 2.74831e-17 1.1646e-18 2.74831e-17 -4.81482e-34
Plastic strain_mean 1.38195e-19 0.000267703 0 0.000267703 -1.38195e-19 0 0 0 0
Plastic strain_rate_mean 0 0 0 0 0 0 0 0 0
Dissipation 0.00330984
End step 23
Begin step 24
Stress -5.18754e-14 99.8174 6.38755e-13 99.8174 1.55569e-13 4.97875e-12 6.38755e-13 4.97875e-12 3.11356e-14
Strain 0 0.0008 0 0.0008 0 0 0 0 0
Strain mean 2.07111e-19 0.0008 3.19377e-18 0.0008 -2.7215e-33 2.48937e-17 3.19377e-18 2.48937e-17 -1.74537e-33
Plastic strain_mean 6.22166e-19 0.000300913 0 0.000300913 -6.22166e-19 0 0 0 0
Plastic strain_rate_mean 0 0 0 0 0 0 0 0 0
Dissipation 0.00331164
End step 24
Begin step 25
Stress -2.84813e-13 99.8412 4.35189e-13 99.8412 1.86384e-13 3.73765e-12 4.35189e-13 3.73765e-12 -2.95548e-14
Strain 0 0.000833333 0 0.000833333 0 0 0 0 0
Strain mean -1.96595e-19 0.000833333 2.17595e-18 0.000833333 -1.36019e-33 1.86882e-17 2.17595e-18 1.86882e-17 1.13148e-33
Plastic strain_mean 1.07969e-18 0.000334127 0 0.000334127 -1.07969e-18 0 0 0 0
Plastic strain_rate_mean 0 0 0 0 0 0 0 0 0
Dissipation 0.0033127
End step 25
Begin step 26
Stress -2.25943e-13 99.8645 5.79615e-14 99.8645 1.82604e-13 1.95313e-12 5.79615e-14 1.95313e-12 -1.30132e-14
Strain 0 0.000866667 0 0.000866667 0 0 0 0 0
Strain mean -8.65624e-20 0.000866667 2.89807e-19 0.000866667 -7.34261e-34 9.76566e-18 2.89807e-19 9.76566e-18 1.29398e-33
Plastic strain_mean 9.78085e-19 0.000367344 0 0.000367344 -9.78085e-19 0 0 0 0
Plastic strain_rate_mean 0 0 0 0 0 0 0 0 0
Dissipation 0.00331352
End step 26
Begin step 27
Stress -6.41182e-13 99.8875 -3.7744e-13 99.8875 6.26784e-13 1.06281e-12 -3.7744e-13 1.06281e-12 -4.32318e-15
Strain 0 0.0009 0 0.0009 0 0 0 0 0
Strain mean -2.87573e-20 0.0009 -1.8872e-18 0.0009 -7.07779e-33 5.31407e-18 -1.8872e-18 5.31407e-18 1.36019e-33
Plastic strain_mean 3.15554e-18 0.000400563 0 0.000400563 -3.15554e-18 0 0 0 0
Plastic strain_rate_mean 0 0 0 0 0 0 0 0 0
Dissipation 0.00331424
End step 27
Begin step 28
Stress -9.31242e-13 99.9102 -8.71406e-13 99.9102 8.34907e-13 -1.01492e-13 -8.71406e-13 -1.01492e-13 -2.8926e-14
Strain 0 0.000933333 0 0.000933333 0 0 0 0 0
Strain mean -1.92412e-19 0.000933333 -4.35703e-18 0.000933333 1.18445e-32 -5.07458e-19 -4.35703e-18 -5.07458e-19 1.29398e-33
Plastic strain_mean 4.31917e-18 0.000433783 0 0.000433783 -4.31917e-18 0 0 0 0
Plastic strain_rate_mean 0 0 0 0 0 0 0 0 0
Dissipation 0.00331492
End step 28
Begin step 29
Stress -9.78246e-13 99.9326 -1.22884e-12 99.9326 1.05003e-12 -1.06692e-12 -1.22884e-12 -1.06692e-12 2.15548e-14
Strain 0 0.000966667 0 0.000966667 0 0 0 0 0
Strain mean 1.4338e-19 0.000966667 -6.14421e-18 0.000966667 3.00927e-34 -5.33459e-18 -6.14421e-18 -5.33459e-18 1.86574e-34
Plastic strain_mean 5.14238e-18 0.000467003 0 0.000467003 -5.14238e-18 0 0 0 0
Plastic strain_rate_mean 0 0 0 0 0 0 0 0 0
Dissipation 0.00331558
End step 29
Begin step 30
Stress -1.18367e-12 99.955 -1.62104e-12 99.955 1.14399e-12 -1.82476e-12 -1.62104e-12 -1.82476e-12 -1.19128e-14
Strain 0 0.001 0 0.001 0 0 0 0 0
Strain mean -7.92423e-20 0.001 -8.10522e-18 0.001 4.86297e-33 -9.12381e-18 -8.10522e-18 -9.12381e-18 1.27593e-33
Plastic strain_mean 5.77953e-18 0.000500225 0 0.000500225 -5.77953e-18 0 0 0 0
Plastic strain_rate_mean 0 0 0 0 0 0 0 0 0
Dissipation 0.00331623
End step 30
