Begin step 0
Stress 0 0 0 0 0 0 0 0 0
Strain 0 0 0 0 0 0 0 0 0
Strain mean 0 0 0 0 0 0 0 0 0
Plastic strain_mean 0 0 0 0 0 0 0 0 0
Plastic strain_rate_mean 0 0 0 0 0 0 0 0 0
Dissipation 0
End step 0
Begin step 1
Stress -2.02376e-14 6.66238 -3.81286e-12 6.66238 2.36635e-14 2.17717e-12 -3.81286e-12 2.17717e-12 1.02867e-15
Strain 0 3.33333e-05 0 3.33333e-05 0 0 0 0 0
Strain mean 6.84257e-21 3.33333e-05 -1.90643e-17 3.33333e-05 -2.78357e-35 1.08859e-17 -1.90643e-17 1.08859e-17 -2.54584e-33
Plastic strain_mean 1.13174e-19 2.14394e-08 0 2.14394e-08 -1.13174e-19 0 0 0 0
Plastic strain_rate_mean 0 0 0 0 0 0 0 0 0
Dissipation 1.42837e-07
End step 1
Begin step 2
Stress -4.06114e-15 13.3204 3.12859e-12 13.3204 3.8339e-15 -1.5705e-12 3.12859e-12 -1.5705e-12 -6.8232e-17
Strain 0 6.66667e-05 0 6.66667e-05 0 0 0 0 0
Strain mean -4.53871e-22 6.66667e-05 1.56429e-17 6.66667e-05 -1.01472e-32 -7.85251e-18 1.56429e-17 -7.85251e-18 3.49902e-33
Plastic strain_mean 1.95107e-20 6.45029e-08 0 6.45029e-08 -1.95107e-20 0 0 0 0
Plastic strain_rate_mean 0 0 0 0 0 0 0 0 0
Dissipation 5.73624e-07
End step 2
Begin step 3
Stress 9.12454e-15 19.9741 3.54549e-12 19.9741 -1.36075e-14 -3.20366e-12 3.54549e-12 -3.20366e-12 -1.34608e-15
Strain 0 0.0001 0 0.0001 0 0 0 0 0
Strain mean -8.95397e-21 0.0001 1.77274e-17 0.0001 3.03334e-32 -1.60183e-17 1.77274e-17 -1.60183e-17 3.4426e-33
Plastic strain_mean -6.13071e-20 1.29584e-07 0 1.29584e-07 6.13071e-20 0 0 0 0
Plastic strain_rate_mean 0 0 0 0 0 0 0 0 0
Dissipation 1.29994e-06
End step 3
Begin step 4
Stress 1.60477e-14 26.6232 3.22465e-12 26.6232 -1.05504e-14 7.26566e-13 3.22465e-12 7.26566e-13 1.65067e-15
Strain 0 0.000133333 0 0.000133333 0 0 0 0 0
Strain mean 1.09801e-20 0.000133333 1.61232e-17 0.000133333 -7.10187e-34 3.63283e-18 1.61232e-17 3.63283e-18 -4.50788e-33
Plastic strain_mean -6.10054e-20 2.1731e-07 0 2.1731e-07 6.10054e-20 0 0 0 0
Plastic strain_rate_mean 0 0 0 0 0 0 0 0 0
Dissipation 2.33552e-06
End step 4
Begin step 5
Stress 2.11305e-14 33.2676 -5.44823e-12 33.2676 -3.63209e-14 1.15139e-13 -5.44823e-12 1.15139e-13 -4.56117e-15
Strain 0 0.000166667 0 0.000166667 0 0 0 0 0
Strain mean -3.03404e-20 0.000166667 -2.72412e-17 0.000166667 3.61112e-35 5.75696e-19 -2.72412e-17 5.75696e-19 -9.31368e-34
Plastic strain_mean -1.58799e-19 3.28575e-07 0 3.28575e-07 1.58799e-19 0 0 0 0
Plastic strain_rate_mean 0 0 0 0 0 0 0 0 0
Dissipation 3.70151e-06
End step 5
Begin step 6
Stress 1.60346e-14 39.9071 -7.52394e-13 39.9071 -1.65e-14 -2.41885e-12 -7.52394e-13 -2.41885e-12 -1.39739e-16
Strain 0 0.0002 0 0.0002 0 0 0 0 0
Strain mean -9.29529e-22 0.0002 -3.76197e-18 0.0002 -1.32408e-34 -1.20943e-17 -3.76197e-18 -1.20943e-17 2.88288e-33
Plastic strain_mean -8.18012e-20 4.64609e-07 0 4.64609e-07 8.18012e-20 0 0 0 0
Plastic strain_rate_mean 0 0 0 0 0 0 0 0 0
Dissipation 5.42869e-06
End step 6
Begin step 7
Stress -1.79207e-14 46.5413 -1.06069e-12 46.5413 2.13747e-14 -5.20055e-12 -1.06069e-12 -5.20055e-12 1.03713e-15
Strain 0 0.000233333 0 0.000233333 0 0 0 0 0
Strain mean 6.89885e-21 0.000233333 -5.30345e-18 0.000233333 6.74075e-34 -2.60028e-17 -5.30345e-18 -2.60028e-17 7.13948e-33
Plastic strain_mean 1.01688e-19 6.27068e-07 0 6.27068e-07 -1.01688e-19 0 0 0 0
Plastic strain_rate_mean 0 0 0 0 0 0 0 0 0
Dissipation 7.56105e-06
End step 7
Begin step 8
Stress -3.01392e-14 53.1697 5.4334e-12 53.1697 2.83504e-14 -3.51053e-12 5.4334e-12 -3.51053e-12 -5.37122e-16
Strain 0 0.000266667 0 0.000266667 0 0 0 0 0
Strain mean -3.57288e-21 0.000266667 2.7167e-17 0.000266667 -9.62965e-35 -1.75526e-17 2.7167e-17 -1.75526e-17 3.68334e-33
Plastic strain_mean 1.44438e-19 8.18192e-07 0 8.18192e-07 -1.44438e-19 0 0 0 0
Plastic strain_rate_mean 0 0 0 0 0 0 0 0 0
Dissipation 1.01619e-05
End step 8
Begin step 9
Stress 1.07974e-15 59.7918 2.26809e-12 59.7918 6.7009e-15 2.23312e-13 2.26809e-12 2.23312e-13 2.33626e-15
Strain 0 0.0003 0 0.0003 0 0 0 0 0
Strain mean 1.55406e-20 0.0003 1.13405e-17 0.0003 1.52871e-33 1.11656e-18 1.13405e-17 1.11656e-18 -2.8257e-33
Plastic strain_mean 2.18232e-20 1.04105e-06 0 1.04105e-06 -2.18232e-20 0 0 0 0
Plastic strain_rate_mean 0 0 0 0 0 0 0 0 0
Dissipation 1.33249e-05
End step 9
Begin step 10
Stress -1.26315e-14 66.4067 -4.11753e-12 66.4067 2.50078e-14 2.01645e-12 -4.11753e-12 2.01645e-12 3.71619e-15
Strain 0 0.000333333 0 0.000333333 0 0 0 0 0
Strain mean 2.47197e-20 0.000333333 -2.05876e-17 0.000333333 -1.74987e-32 1.00822e-17 -2.05876e-17 1.00822e-17 -3.40047e-34
Plastic strain_mean 1.06458e-19 1.29998e-06 0 1.29998e-06 -1.06458e-19 0 0 0 0
Plastic strain_rate_mean 0 0 0 0 0 0 0 0 0
Dissipation 1.71947e-05
End step 10
Begin step 11
Stress -6.9123e-14 73.013 -2.49267e-12 73.013 3.531e-14 1.1736e-12 -2.49267e-12 1.1736e-12 -1.01529e-14
Strain 0 0.000366667 0 0.000366667 0 0 0 0 0
Strain mean -6.75361e-20 0.000366667 -1.24633e-17 0.000366667 9.68984e-33 5.86798e-18 -1.24633e-17 5.86798e-18 -2.31224e-33
Plastic strain_mean 2.27314e-19 1.60145e-06 0 1.60145e-06 -2.27314e-19 0 0 0 0
Plastic strain_rate_mean 0 0 0 0 0 0 0 0 0
Dissipation 2.20106e-05
End step 11
Begin step 12
Stress 6.15983e-14 79.6088 8.85661e-12 79.6088 2.10801e-14 -4.10729e-12 8.85661e-12 -4.10729e-12 2.48255e-14
Strain 0 0.0004 0 0.0004 0 0 0 0 0
Strain mean 1.65137e-19 0.0004 4.4283e-17 0.0004 -6.10279e-33 -2.05364e-17 4.4283e-17 -2.05364e-17 7.89631e-33
Plastic strain_mean -1.87272e-20 1.95584e-06 0 1.95584e-06 1.87272e-20 0 0 0 0
Plastic strain_rate_mean 0 0 0 0 0 0 0 0 0
Dissipation 2.82125e-05
End step 12
Begin step 13
Stress 2.96081e-14 86.1902 2.64958e-12 86.1902 -4.28715e-14 -3.52478e-12 2.64958e-12 -3.52478e-12 -3.98256e-15
Strain 0 0.000433333 0 0.000433333 0 0 0 0 0
Strain mean -2.64916e-20 0.000433333 1.32479e-17 0.000433333 5.32038e-33 -1.76239e-17 1.32479e-17 -1.76239e-17 5.97189e-33
Plastic strain_mean -1.94445e-19 2.38238e-06 0 2.38238e-06 1.94445e-19 0 0 0 0
Plastic strain_rate_mean 0 0 0 0 0 0 0 0 0
Dissipation 3.67629e-05
End step 13
Begin step 14
Stress 5.67962e-14 92.7477 4.13392e-12 92.7477 3.52919e-15 -2.41695e-12 4.13392e-12 -2.41695e-12 1.81137e-14
Strain 0 0.000466667 0 0.000466667 0 0 0 0 0
Strain mean 1.2049e-19 0.000466667 2.06696e-17 0.000466667 -9.50928e-33 -1.20848e-17 2.06696e-17 -1.20848e-17 1.99364e-33
Plastic strain_mean -7.29225e-20 2.92818e-06 0 2.92818e-06 7.29225e-20 0 0 0 0
Plastic strain_rate_mean 0 0 0 0 0 0 0 0 0
Dissipation 5.06212e-05
End step 14
Begin step 15
Stress -7.55265e-13 99.1967 -4.23219e-13 99.1967 8.2673e-13 -1.8045e-12 -4.23219e-13 -1.8045e-12 2.14587e-14
Strain 0 0.0005 0 0.0005 0 0 0 0 0
Strain mean 1.42741e-19 0.0005 -2.1161e-18 0.0005 -6.25927e-33 -9.0225e-18 -2.1161e-18 -9.0225e-18 -7.49307e-33
Plastic strain_mean 4.02636e-18 4.01663e-06 0 4.01663e-06 -4.02636e-18 0 0 0 0
Plastic strain_rate_mean 0 0 0 0 0 0 0 0 0
Dissipation 0.000107966
End step 15
Begin step 16
Stress -3.05375e-12 100.021 -7.69161e-12 100.021 3.03326e-12 3.37223e-12 -7.69161e-12 3.37223e-12 -6.15289e-15
Strain 0 0.000533333 0 0.000533333 0 0 0 0 0
Strain mean -4.09283e-20 0.000533333 -3.8458e-17 0.000533333 -8.42594e-33 1.68611e-17 -3.8458e-17 1.68611e-17 2.64815e-34
Plastic strain_mean 1.51971e-17 3.32308e-05 0 3.32308e-05 -1.51971e-17 0 0 0 0
Plastic strain_rate_mean 0 0 0 0 0 0 0 0 0
Dissipation 0.00292194
End step 16
Begin step 17
Stress -7.36644e-13 100.041 -1.00866e-13 100.041 7.4585e-13 -2.6489e-12 -1.00866e-13 -2.6489e-12 2.76421e-15
Strain 0 0.000566667 0 0.000566667 0 0 0 0 0
Strain mean 1.83872e-20 0.000566667 -5.04331e-19 0.000566667 -2.03426e-33 -1.32445e-17 -5.04331e-19 -1.32445e-17 -3.59005e-33
Plastic strain_mean 3.71543e-18 6.64605e-05 0 6.64605e-05 -3.71543e-18 0 0 0 0
Plastic strain_rate_mean 0 0 0 0 0 0 0 0 0
Dissipation 0.00332414
End step 17
Begin step 18
Stress 6.16464e-13 100.062 -1.15514e-12 100.062 -6.44213e-13 5.1563e-13 -1.15514e-12 5.1563e-13 -8.33195e-15
Strain 0 0.0006 0 0.0006 0 0 0 0 0
Strain mean -5.54231e-20 0.0006 -5.77568e-18 0.0006 -2.96172e-32 2.57815e-18 -5.77568e-18 2.57815e-18 -4.36344e-34
Plastic strain_mean -3.1794e-18 9.96907e-05 0 9.96907e-05 3.1794e-18 0 0 0 0
Plastic strain_rate_mean 0 0 0 0 0 0 0 0 0
Dissipation 0.00332479
End step 18
Begin step 19
Stress 2.02767e-12 100.082 -2.21406e-12 100.082 -2.01037e-12 3.68016e-12 -2.21406e-12 3.68016e-12 5.19218e-15
Strain 0 0.000633333 0 0.000633333 0 0 0 0 0
Strain mean 3.45378e-20 0.000633333 -1.10703e-17 0.000633333 -1.80255e-33 1.84008e-17 -1.10703e-17 1.84008e-17 3.10556e-33
Plastic strain_mean -1.00778e-17 0.000132921 0 0.000132921 1.00778e-17 0 0 0 0
Plastic strain_rate_mean 0 0 0 0 0 0 0 0 0
Dissipation 0.00332537
End step 19
Begin step 20
Stress 3.4069e-12 100.103 -3.25702e-12 100.103 -3.3912e-12 6.84469e-12 -3.25702e-12 6.84469e-12 4.7162e-15
Strain 0 0.000666667 0 0.000666667 0 0 0 0 0
Strain mean 3.13716e-20 0.000666667 -1.62851e-17 0.000666667 -4.06981e-32 3.42234e-17 -1.62851e-17 3.42234e-17 7.42687e-33
Plastic strain_mean -1.69796e-17 0.000166151 0 0.000166151 1.69796e-17 0 0 0 0
Plastic strain_rate_mean 0 0 0 0 0 0 0 0 0
Dissipation 0.00332596
End step 20
Begin step 21
Stress 4.77705e-12 100.124 -4.32918e-12 100.124 -4.77144e-12 1.00092e-11 -4.32918e-12 1.00092e-11 1.6856e-15
Strain 0 0.0007 0 0.0007 0 0 0 0 0
Strain mean 1.12124e-20 0.0007 -2.16459e-17 0.0007 3.48292e-32 5.00461e-17 -2.16459e-17 5.00461e-17 7.98057e-33
Plastic strain_mean -2.38656e-17 0.000199381 0 0.000199381 2.38656e-17 0 0 0 0
Plastic strain_rate_mean 0 0 0 0 0 0 0 0 0
Dissipation 0.00332655
End step 21
Begin step 22
Stress 6.24394e-12 100.144 -5.37581e-12 100.144 -6.11547e-12 1.31737e-11 -5.37581e-12 1.31737e-11 3.85767e-14
Strain 0 0.000733333 0 0.000733333 0 0 0 0 0
Strain mean 2.56608e-19 0.000733333 -2.68791e-17 0.000733333 3.11339e-32 6.58687e-17 -2.68791e-17 6.58687e-17 1.35778e-32
Plastic strain_mean -3.07702e-17 0.000232612 0 0.000232612 3.07702e-17 0 0 0 0
Plastic strain_rate_mean 0 0 0 0 0 0 0 0 0
Dissipation 0.00332714
End step 22
Begin step 23
Stress 7.44159e-12 100.165 -6.40158e-12 100.165 -7.57539e-12 1.63383e-11 -6.40158e-12 1.63383e-11 -4.0175e-14
Strain 0 0.000766667 0 0.000766667 0 0 0 0 0
Strain mean -2.67239e-19 0.000766667 -3.20079e-17 0.000766667 -6.02094e-32 8.16914e-17 -3.20079e-17 8.16914e-17 1.66834e-32
Plastic strain_mean -3.76761e-17 0.000265842 0 0.000265842 3.76761e-17 0 0 0 0
Plastic strain_rate_mean 0 0 0 0 0 0 0 0 0
Dissipation 0.00332772
End step 23
Begin step 24
Stress 8.92697e-12 100.186 -7.48164e-12 100.186 -8.90677e-12 1.95028e-11 -7.48164e-12 1.95028e-11 6.06555e-15
Strain 0 0.0008 0 0.0008 0 0 0 0 0
Strain mean 4.03474e-20 0.0008 -3.74082e-17 0.0008 4.38631e-32 9.7514e-17 -3.74082e-17 9.7514e-17 1.25426e-32
Plastic strain_mean -4.45642e-17 0.000299072 0 0.000299072 4.45642e-17 0 0 0 0
Plastic strain_rate_mean 0 0 0 0 0 0 0 0 0
Dissipation 0.00332831
End step 24
Begin step 25
Stress 1.03356e-11 100.206 -8.51044e-12 100.206 -1.02731e-11 2.26673e-11 -8.51044e-12 2.26673e-11 1.87731e-14
Strain 0 0.000833333 0 0.000833333 0 0 0 0 0
Strain mean 1.24876e-19 0.000833333 -4.25522e-17 0.000833333 -1.10127e-31 1.13337e-16 -4.25522e-17 1.13337e-16 2.02945e-32
Plastic strain_mean -5.14593e-17 0.000332302 0 0.000332302 5.14593e-17 0 0 0 0
Plastic strain_rate_mean 0 0 0 0 0 0 0 0 0
Dissipation 0.0033289
End step 25
Begin step 26
Stress 1.16699e-11 100.227 -9.5598e-12 100.227 -1.16724e-11 2.58319e-11 -9.5598e-12 2.58319e-11 -7.64198e-16
Strain 0 0.000866667 0 0.000866667 0 0 0 0 0
Strain mean -5.08336e-21 0.000866667 -4.7799e-17 0.000866667 -8.72928e-32 1.29159e-16 -4.7799e-17 1.29159e-16 2.3063e-32
Plastic strain_mean -5.83583e-17 0.000365533 0 0.000365533 5.83583e-17 0 0 0 0
Plastic strain_rate_mean 0 0 0 0 0 0 0 0 0
Dissipation 0.00332949
End step 26
Begin step 27
Stress -6.27776e-13 100.247 -1.43764e-12 100.247 6.84262e-13 6.36734e-13 -1.43764e-12 6.36734e-13 1.69608e-14
Strain 0 0.0009 0 0.0009 0 0 0 0 0
Strain mean 1.12822e-19 0.0009 -7.1882e-18 0.0009 -7.26768e-32 3.18367e-18 -7.1882e-18 3.18367e-18 2.54584e-33
Plastic strain_mean 3.3365e-18 0.000398763 0 0.000398763 -3.3365e-18 0 0 0 0
Plastic strain_rate_mean 0 0 0 0 0 0 0 0 0
Dissipation 0.00333007
End step 27
Begin step 28
Stress -1.29696e-11 100.268 6.66534e-12 100.268 1.30243e-11 -2.45584e-11 6.66534e-12 -2.45584e-11 1.64455e-14
Strain 0 0.000933333 0 0.000933333 0 0 0 0 0
Strain mean 1.09394e-19 0.000933333 3.33267e-17 0.000933333 1.56446e-31 -1.22792e-16 3.33267e-17 -1.22792e-16 -1.47334e-32
Plastic strain_mean 6.50394e-17 0.000431993 0 0.000431993 -6.50394e-17 0 0 0 0
Plastic strain_rate_mean 0 0 0 0 0 0 0 0 0
Dissipation 0.00333066
End step 28
Begin step 29
Stress -1.45733e-12 100.289 1.61946e-12 100.289 1.47343e-12 2.67276e-12 1.61946e-12 2.67276e-12 4.8341e-15
Strain 0 0.000966667 0 0.000966667 0 0 0 0 0
Strain mean 3.21559e-20 0.000966667 8.09732e-18 0.000966667 4.13834e-32 1.33638e-17 8.09732e-18 1.33638e-17 1.74838e-33
Plastic strain_mean 7.34296e-18 0.000465223 0 0.000465223 -7.34296e-18 0 0 0 0
Plastic strain_rate_mean 0 0 0 0 0 0 0 0 0
Dissipation 0.00333125
End step 29
Begin step 30
Stress 1.01247e-11 100.309 -3.39572e-12 100.309 -1.00359e-11 2.99039e-11 -3.39572e-12 2.99039e-11 2.66814e-14
Strain 0 0.001 0 0.001 0 0 0 0 0
Strain mean 1.77482e-19 0.001 -1.69786e-17 0.001 -6.1064e-32 1.4952e-16 -1.69786e-17 1.4952e-16 2.62408e-32
Plastic strain_mean -5.03127e-17 0.000498454 0 0.000498454 5.03127e-17 0 0 0 0
Plastic strain_rate_mean 0 0 0 0 0 0 0 0 0
Dissipation 0.00333184
End step 30
