Begin step 0
Stress 0 0 0 0 0 0 0 0 0
Strain 0 0 0 0 0 0 0 0 0
Strain mean 0 0 0 0 0 0 0 0 0
Plastic strain_mean 0 0 0 0 0 0 0 0 0
Plastic strain_rate_mean 0 0 0 0 0 0 0 0 0
Dissipation 0
End step 0
Begin step 1
Stress -2.33125e-13 65.2688 8.66477e-13 65.2688 2.52759e-13 3.80054e-12 8.66477e-13 3.80054e-12 5.89524e-15
Strain 0 0.000333333 0 0.000333333 0 0 0 0 0
Strain mean 3.92145e-20 0.000333333 4.33239e-18 0.000333333 -3.89038e-32 1.90027e-17 4.33239e-18 1.90027e-17 1.20672e-33
Plastic strain_mean 1.23432e-18 6.98915e-06 0 6.98915e-06 -1.23432e-18 0 0 0 0
Plastic strain_rate_mean 0 0 0 0 0 0 0 0 0
Dissipation 0.000456152
End step 1
Begin step 2
Stress -1.30912e-13 103.009 1.11305e-12 103.009 1.34228e-13 1.80592e-12 1.11305e-12 1.80592e-12 9.95641e-16
Strain 0 0.000666667 0 0.000666667 0 0 0 0 0
Strain mean 6.62289e-21 0.000666667 5.56525e-18 0.000666667 2.22686e-34 9.02961e-18 5.56525e-18 9.02961e-18 3.5735e-34
Plastic strain_mean 6.66159e-19 0.000151619 0 0.000151619 -6.66159e-19 0 0 0 0
Plastic strain_rate_mean 0 0 0 0 0 0 0 0 0
Dissipation 0.0148903
End step 2
Begin step 3
Stress -1.4385e-12 104.606 3.04033e-12 104.606 1.4513e-12 -2.12486e-13 3.04033e-12 -2.12486e-13 3.84283e-15
Strain 0 0.001 0 0.001 0 0 0 0 0
Strain mean 2.5562e-20 0.001 1.52017e-17 0.001 -1.82963e-33 -1.06243e-18 1.52017e-17 -1.06243e-18 1.64908e-33
Plastic strain_mean 7.23728e-18 0.000476969 0 0.000476969 -7.23728e-18 0 0 0 0
Plastic strain_rate_mean 0 0 0 0 0 0 0 0 0
Dissipation 0.0340043
End step 3
Begin step 4
Stress -1.21659e-13 104.844 -1.10566e-12 104.844 2.87656e-13 1.56335e-12 -1.10566e-12 1.56335e-12 4.98432e-14
Strain 0 0.00133333 0 0.00133333 0 0 0 0 0
Strain mean 3.31551e-19 0.00133333 -5.52831e-18 0.00133333 -1.11644e-33 7.81676e-18 -5.52831e-18 7.81676e-18 -1.01939e-34
Plastic strain_mean 1.18906e-18 0.000809114 0 0.000809114 -1.18906e-18 0 0 0 0
Plastic strain_rate_mean 0 0 0 0 0 0 0 0 0
Dissipation 0.0347816
End step 4
Begin step 5
Stress 3.97805e-12 105.056 -2.70653e-12 105.056 -3.94519e-12 3.86064e-12 -2.70653e-12 3.86064e-12 9.86471e-15
Strain 0 0.00166667 0 0.00166667 0 0 0 0 0
Strain mean 6.56189e-20 0.00166667 -1.35326e-17 0.00166667 -2.67223e-33 1.93032e-17 -1.35326e-17 1.93032e-17 5.83798e-34
Plastic strain_mean -1.97753e-17 0.00114138 0 0.00114138 1.97753e-17 0 0 0 0
Plastic strain_rate_mean 0 0 0 0 0 0 0 0 0
Dissipation 0.0348547
End step 5
Begin step 6
Stress 2.02087e-12 105.268 -1.38344e-12 105.268 -2.02639e-12 1.73524e-12 -1.38344e-12 1.73524e-12 -1.6594e-15
Strain 0 0.002 0 0.002 0 0 0 0 0
Strain mean -1.10382e-20 0.002 -6.91719e-18 0.002 1.98612e-34 8.6762e-18 -6.91719e-18 8.6762e-18 -3.76158e-34
Plastic strain_mean -1.01237e-17 0.00147366 0 0.00147366 1.01237e-17 0 0 0 0
Plastic strain_rate_mean 0 0 0 0 0 0 0 0 0
Dissipation 0.0349154
End step 6
Begin step 7
Stress 4.06181e-12 105.479 8.06311e-13 105.479 -4.25149e-12 5.97911e-12 8.06311e-13 5.97911e-12 -5.69524e-14
Strain 0 0.00233333 0 0.00233333 0 0 0 0 0
Strain mean -3.78841e-19 0.00233333 4.03155e-18 0.00233333 4.72455e-33 2.98955e-17 4.03155e-18 2.98955e-17 -6.22053e-33
Plastic strain_mean -2.09727e-17 0.00180594 0 0.00180594 2.09727e-17 0 0 0 0
Plastic strain_rate_mean 0 0 0 0 0 0 0 0 0
Dissipation 0.0349759
End step 7
Begin step 8
Stress 2.66796e-12 105.69 4.84175e-13 105.69 -2.60804e-12 3.41718e-12 4.84175e-13 3.41718e-12 1.79914e-14
Strain 0 0.00266667 0 0.00266667 0 0 0 0 0
Strain mean 1.19677e-19 0.00266667 2.42087e-18 0.00266667 -4.43566e-33 1.70859e-17 2.42087e-18 1.70859e-17 -3.56786e-33
Plastic strain_mean -1.31302e-17 0.00213822 0 0.00213822 1.31302e-17 0 0 0 0
Plastic strain_rate_mean 0 0 0 0 0 0 0 0 0
Dissipation 0.0350365
End step 8
Begin step 9
Stress -1.85079e-12 105.902 4.10523e-12 105.902 1.93503e-12 7.58898e-12 4.10523e-12 7.58898e-12 2.52928e-14
Strain 0 0.003 0 0.003 0 0 0 0 0
Strain mean 1.68245e-19 0.003 2.05262e-17 0.003 1.71859e-32 3.79449e-17 2.05262e-17 3.79449e-17 -3.17878e-33
Plastic strain_mean 9.54868e-18 0.00247049 0 0.00247049 -9.54868e-18 0 0 0 0
Plastic strain_rate_mean 0 0 0 0 0 0 0 0 0
Dissipation 0.0350971
End step 9
Begin step 10
Stress -1.32419e-12 106.113 2.2889e-12 106.113 9.10934e-13 4.14267e-12 2.2889e-12 4.14267e-12 -1.24088e-13
Strain 0 0.00333333 0 0.00333333 0 0 0 0 0
Strain mean -8.25421e-19 0.00333333 1.14445e-17 0.00333333 -7.78798e-33 2.07133e-17 1.14445e-17 2.07133e-17 -1.86438e-33
Plastic strain_mean 5.17511e-18 0.00280277 0 0.00280277 -5.17511e-18 0 0 0 0
Plastic strain_rate_mean 0 0 0 0 0 0 0 0 0
Dissipation 0.0351579
End step 10
Begin step 11
Stress 1.60998e-12 106.325 7.76825e-13 106.325 -1.63791e-12 2.25992e-13 7.76825e-13 2.25992e-13 -8.38435e-15
Strain 0 0.00366667 0 0.00366667 0 0 0 0 0
Strain mean -5.57717e-20 0.00366667 3.88413e-18 0.00366667 2.95149e-32 1.12996e-18 3.88413e-18 1.12996e-18 5.3264e-34
Plastic strain_mean -8.14762e-18 0.00313504 0 0.00313504 8.14762e-18 0 0 0 0
Plastic strain_rate_mean 0 0 0 0 0 0 0 0 0
Dissipation 0.0352188
End step 11
Begin step 12
Stress 7.64748e-13 106.538 3.92491e-13 106.538 -8.81413e-13 1.55633e-13 3.92491e-13 1.55633e-13 -3.50309e-14
Strain 0 0.004 0 0.004 0 0 0 0 0
Strain mean -2.33021e-19 0.004 1.96246e-18 0.004 -2.90093e-33 7.78165e-19 1.96246e-18 7.78165e-19 4.57408e-34
Plastic strain_mean -4.23191e-18 0.00346731 0 0.00346731 4.23191e-18 0 0 0 0
Plastic strain_rate_mean 0 0 0 0 0 0 0 0 0
Dissipation 0.0352798
End step 12
Begin step 13
Stress -8.05818e-13 106.75 2.48968e-12 106.75 1.14494e-12 -1.78568e-12 2.48968e-12 -1.78568e-12 1.01826e-13
Strain 0 0.00433333 0 0.00433333 0 0 0 0 0
Strain mean 6.77336e-19 0.00433333 1.24484e-17 0.00433333 9.38891e-34 -8.92841e-18 1.24484e-17 -8.92841e-18 -1.13148e-33
Plastic strain_mean 5.21556e-18 0.00379958 0 0.00379958 -5.21556e-18 0 0 0 0
Plastic strain_rate_mean 0 0 0 0 0 0 0 0 0
Dissipation 0.0353408
End step 13
Begin step 14
Stress -5.31854e-13 106.963 1.50922e-12 106.963 3.47795e-13 -1.16738e-12 1.50922e-12 -1.16738e-12 -5.52668e-14
Strain 0 0.00466667 0 0.00466667 0 0 0 0 0
Strain mean -3.67629e-19 0.00466667 7.54612e-18 0.00466667 -1.00209e-33 -5.83691e-18 7.54612e-18 -5.83691e-18 9.0278e-35
Plastic strain_mean 2.01531e-18 0.00413185 0 0.00413185 -2.01531e-18 0 0 0 0
Plastic strain_rate_mean 0 0 0 0 0 0 0 0 0
Dissipation 0.0354019
End step 14
Begin step 15
Stress -4.61841e-13 107.176 1.02324e-12 107.176 1.58469e-13 -7.49424e-13 1.02324e-12 -7.49424e-13 -9.10924e-14
Strain 0 0.005 0 0.005 0 0 0 0 0
Strain mean -6.05936e-19 0.005 5.11618e-18 0.005 9.37668e-34 -3.74712e-18 5.11618e-18 -3.74712e-18 -3.35533e-34
Plastic strain_mean 1.24781e-18 0.00446412 0 0.00446412 -1.24781e-18 0 0 0 0
Plastic strain_rate_mean 0 0 0 0 0 0 0 0 0
Dissipation 0.0354631
End step 15
Begin step 16
Stress -2.73322e-12 107.389 -5.12783e-12 107.389 2.16458e-12 -1.54699e-12 -5.12783e-12 -1.54699e-12 -1.70744e-13
Strain 0 0.00533333 0 0.00533333 0 0 0 0 0
Strain mean -1.13577e-18 0.00533333 -2.56392e-17 0.00533333 3.07547e-33 -7.73493e-18 -2.56392e-17 -7.73493e-18 -1.41435e-33
Plastic strain_mean 1.16766e-17 0.00479639 0 0.00479639 -1.16766e-17 0 0 0 0
Plastic strain_rate_mean 0 0 0 0 0 0 0 0 0
Dissipation 0.0355242
End step 16
Begin step 17
Stress -1.2277e-12 107.602 1.81748e-12 107.602 4.45447e-13 4.94412e-13 1.81748e-12 4.94412e-13 -2.34884e-13
Strain 0 0.00566667 0 0.00566667 0 0 0 0 0
Strain mean -1.56242e-18 0.00566667 9.08739e-18 0.00566667 -3.03515e-32 2.47206e-18 9.08739e-18 2.47206e-18 -2.73091e-33
Plastic strain_mean 3.40166e-18 0.00512865 0 0.00512865 -3.40166e-18 0 0 0 0
Plastic strain_rate_mean 0 0 0 0 0 0 0 0 0
Dissipation 0.0355854
End step 17
Begin step 18
Stress -5.8286e-13 107.816 -2.44652e-12 107.816 1.7312e-12 1.93805e-12 -2.44652e-12 1.93805e-12 3.44806e-13
Strain 0 0.006 0 0.006 0 0 0 0 0
Strain mean 2.29361e-18 0.006 -1.22326e-17 0.006 -9.62965e-33 9.69026e-18 -1.22326e-17 9.69026e-18 -4.67452e-33
Plastic strain_mean 6.93194e-18 0.00546092 0 0.00546092 -6.93194e-18 0 0 0 0
Plastic strain_rate_mean 0 0 0 0 0 0 0 0 0
Dissipation 0.0356467
End step 18
Begin step 19
Stress -3.14618e-12 108.029 -4.76833e-13 108.029 3.02068e-12 1.32605e-13 -4.76833e-13 1.32605e-13 -3.76859e-14
Strain 0 0.00633333 0 0.00633333 0 0 0 0 0
Strain mean -2.50682e-19 0.00633333 -2.38416e-18 0.00633333 -2.40741e-34 6.63026e-19 -2.38416e-18 6.63026e-19 6.74075e-34
Plastic strain_mean 1.52918e-17 0.00579319 0 0.00579319 -1.52918e-17 0 0 0 0
Plastic strain_rate_mean 0 0 0 0 0 0 0 0 0
Dissipation 0.0357079
End step 19
Begin step 20
Stress -5.37413e-13 108.243 -1.59337e-12 108.243 6.07686e-13 1.07865e-12 -1.59337e-12 1.07865e-12 2.11006e-14
Strain 0 0.00666667 0 0.00666667 0 0 0 0 0
Strain mean 1.40359e-19 0.00666667 -7.96687e-18 0.00666667 -9.10002e-33 5.39324e-18 -7.96687e-18 5.39324e-18 -5.07193e-33
Plastic strain_mean 2.93293e-18 0.00612545 0 0.00612545 -2.93293e-18 0 0 0 0
Plastic strain_rate_mean 0 0 0 0 0 0 0 0 0
Dissipation 0.0357692
End step 20
Begin step 21
Stress -3.13297e-12 108.456 2.17006e-12 108.456 3.6624e-12 -2.03477e-12 2.17006e-12 -2.03477e-12 1.58971e-13
Strain 0 0.007 0 0.007 0 0 0 0 0
Strain mean 1.05745e-18 0.007 1.08503e-17 0.007 -2.52778e-33 -1.01738e-17 1.08503e-17 -1.01738e-17 6.91905e-33
Plastic strain_mean 1.75171e-17 0.00645772 0 0.00645772 -1.75171e-17 0 0 0 0
Plastic strain_rate_mean 0 0 0 0 0 0 0 0 0
Dissipation 0.0358304
End step 21
Begin step 22
Stress -2.59735e-12 108.67 1.89077e-12 108.67 2.95337e-12 -1.70845e-12 1.89077e-12 -1.70845e-12 1.069e-13
Strain 0 0.00733333 0 0.00733333 0 0 0 0 0
Strain mean 7.11089e-19 0.00733333 9.45384e-18 0.00733333 3.9963e-33 -8.54225e-18 9.45384e-18 -8.54225e-18 5.4148e-33
Plastic strain_mean 1.42324e-17 0.00678998 0 0.00678998 -1.42324e-17 0 0 0 0
Plastic strain_rate_mean 0 0 0 0 0 0 0 0 0
Dissipation 0.0358917
End step 22
Begin step 23
Stress -2.1591e-12 108.884 1.59445e-12 108.884 1.9548e-12 -1.46453e-12 1.59445e-12 -1.46453e-12 -6.13455e-14
Strain 0 0.00766667 0 0.00766667 0 0 0 0 0
Strain mean -4.08063e-19 0.00766667 7.97227e-18 0.00766667 -8.63659e-34 -7.32265e-18 7.97227e-18 -7.32265e-18 5.17895e-33
Plastic strain_mean 1.00807e-17 0.00712225 0 0.00712225 -1.00807e-17 0 0 0 0
Plastic strain_rate_mean 0 0 0 0 0 0 0 0 0
Dissipation 0.0359529
End step 23
Begin step 24
Stress -1.69722e-12 109.097 1.05078e-12 109.097 1.40286e-12 -1.19322e-12 1.05078e-12 -1.19322e-12 -8.8385e-14
Strain 0 0.008 0 0.008 0 0 0 0 0
Strain mean -5.87927e-19 0.008 5.25391e-18 0.008 3.10556e-33 -5.96609e-18 5.25391e-18 -5.96609e-18 4.1228e-33
Plastic strain_mean 7.45624e-18 0.00745451 0 0.00745451 -7.45624e-18 0 0 0 0
Plastic strain_rate_mean 0 0 0 0 0 0 0 0 0
Dissipation 0.0360142
End step 24
Begin step 25
Stress -5.28097e-12 109.311 -1.43676e-12 109.311 5.4406e-12 9.5089e-13 -1.43676e-12 9.5089e-13 4.79305e-14
Strain 0 0.00833333 0 0.00833333 0 0 0 0 0
Strain mean 3.18828e-19 0.00833333 -7.18378e-18 0.00833333 -5.05557e-34 4.75445e-18 -7.18378e-18 4.75445e-18 -5.6151e-33
Plastic strain_mean 2.69633e-17 0.00778678 0 0.00778678 -2.69633e-17 0 0 0 0
Plastic strain_rate_mean 0 0 0 0 0 0 0 0 0
Dissipation 0.0360754
End step 25
Begin step 26
Stress -5.17246e-12 109.525 -1.54756e-12 109.525 4.29009e-12 8.27442e-13 -1.54756e-12 8.27442e-13 -2.64945e-13
Strain 0 0.00866667 0 0.00866667 0 0 0 0 0
Strain mean -1.76239e-18 0.00866667 -7.7378e-18 0.00866667 -3.9963e-33 4.13721e-18 -7.7378e-18 4.13721e-18 -4.85667e-33
Plastic strain_mean 2.27752e-17 0.00811904 0 0.00811904 -2.27752e-17 0 0 0 0
Plastic strain_rate_mean 0 0 0 0 0 0 0 0 0
Dissipation 0.0361367
End step 26
Begin step 27
Stress -4.51346e-12 109.739 -1.40017e-12 109.739 4.41974e-12 7.78722e-13 -1.40017e-12 7.78722e-13 -2.814e-14
Strain 0 0.009 0 0.009 0 0 0 0 0
Strain mean -1.87184e-19 0.009 -7.00083e-18 0.009 6.17261e-32 3.89361e-18 -7.00083e-18 3.89361e-18 -5.14584e-33
Plastic strain_mean 2.22394e-17 0.00845131 0 0.00845131 -2.22394e-17 0 0 0 0
Plastic strain_rate_mean 0 0 0 0 0 0 0 0 0
Dissipation 0.0361979
End step 27
Begin step 28
Stress -2.76575e-12 109.953 -1.11037e-12 109.953 3.64765e-12 5.87742e-13 -1.11037e-12 5.87742e-13 2.64806e-13
Strain 0 0.00933333 0 0.00933333 0 0 0 0 0
Strain mean 1.76146e-18 0.00933333 -5.55184e-18 0.00933333 1.17e-32 2.93871e-18 -5.55184e-18 2.93871e-18 -3.20289e-33
Plastic strain_mean 1.69142e-17 0.00878357 0 0.00878357 -1.69142e-17 0 0 0 0
Plastic strain_rate_mean 0 0 0 0 0 0 0 0 0
Dissipation 0.0362592
End step 28
Begin step 29
Stress -3.20097e-12 110.166 -9.81098e-13 110.166 2.19481e-12 3.67729e-13 -9.81098e-13 3.67729e-13 -3.02116e-13
Strain 0 0.00966667 0 0.00966667 0 0 0 0 0
Strain mean -2.00964e-18 0.00966667 -4.90549e-18 0.00966667 -5.59723e-33 1.83865e-18 -4.90549e-18 1.83865e-18 -3.54209e-33
Plastic strain_mean 1.24846e-17 0.00911583 0 0.00911583 -1.24846e-17 0 0 0 0
Plastic strain_rate_mean 0 0 0 0 0 0 0 0 0
Dissipation 0.0363204
End step 29
Begin step 30
Stress 3.3747e-12 110.38 1.49051e-12 110.38 -3.34584e-12 -1.48932e-12 1.49051e-12 -1.48932e-12 8.66383e-15
Strain 0 0.01 0 0.01 0 0 0 0 0
Strain mean 5.76308e-20 0.01 7.45254e-18 0.01 -3.97223e-33 -7.4466e-18 7.45254e-18 -7.4466e-18 4.76656e-33
Plastic strain_mean -1.67725e-17 0.0094481 0 0.0094481 1.67725e-17 0 0 0 0
Plastic strain_rate_mean 0 0 0 0 0 0 0 0 0
Dissipation 0.0363817
End step 30
